-0.850651 -0.525731 0
0.850651 -0.525731 0
0.525731 0 0.850651
-0.525731 0 0.850651
0 0.850651 0.525731
0 -0.850651 0.525731
0.309017 0.5 0.809017
-0.309017 0.5 0.809017
0 0 1
-0.309017 -0.5 0.809017
0.309017 -0.5 0.809017
0.809017 0.309017 0.5
0.809017 -0.309017 0.5
1 0 0
-0.809017 -0.309017 0.5
-0.809017 0.309017 0.5
0.5 0.809017 0.309017
-0.5 0.809017 0.309017
0 -1 0
0.5 -0.809017 0.309017
-0.5 -0.809017 0.309017
0.433889 0.259892 0.862669
0.16246 0.262866 0.951057
0.273266 0 0.961938
0 0.525731 0.850651
-0.16246 0.262866 0.951057
-0.433889 0.259892 0.862669
-0.273266 0 0.961938
0.160622 0.702046 0.69378
-0.160622 0.702046 0.69378
0.16246 -0.262866 0.951057
0.433889 -0.259892 0.862669
-0.16246 -0.262866 0.951057
0 -0.525731 0.850651
-0.160622 -0.702046 0.69378
0.160622 -0.702046 0.69378
-0.433889 -0.259892 0.862669
0.862669 0.433889 0.259892
0.951057 0.16246 0.262866
0.850651 0 0.525731
0.951057 -0.16246 0.262866
0.862669 -0.433889 0.259892
0.961938 -0.273266 0
0.69378 0.160622 0.702046
0.69378 -0.160622 0.702046
-0.862669 -0.433889 0.259892
-0.951057 -0.16246 0.262866
-0.961938 -0.273266 0
-0.850651 0 0.525731
-0.951057 0.16246 0.262866
-0.862669 0.433889 0.259892
-0.69378 -0.160622 0.702046
-0.69378 0.160622 0.702046
0.259892 0.862669 0.433889
0.262866 0.951057 0.16246
0 0.961938 0.273266
0.702046 0.69378 0.160622
-0.262866 0.951057 0.16246
-0.259892 0.862669 0.433889
-0.702046 0.69378 0.160622
0 -0.961938 0.273266
0.262866 -0.951057 0.16246
0.259892 -0.862669 0.433889
0.525731 -0.850651 0
0.702046 -0.69378 0.160622
-0.259892 -0.862669 0.433889
-0.262866 -0.951057 0.16246
-0.525731 -0.850651 0
-0.702046 -0.69378 0.160622
0.425325 0.688191 0.587785
0.587785 0.425325 0.688191
0.688191 0.587785 0.425325
0.587785 -0.425325 0.688191
0.425325 -0.688191 0.587785
0.688191 -0.587785 0.425325
-0.587785 0.425325 0.688191
-0.425325 0.688191 0.587785
-0.688191 0.587785 0.425325
-0.587785 -0.425325 0.688191
-0.688191 -0.587785 0.425325
-0.425325 -0.688191 0.587785
0.484442 0.1312 0.864929
0.358229 0.131655 0.924305
0.403355 0 0.915043
0.301259 0.264083 0.916244
0.220117 0.132792 0.966393
0.0822425 0.133071 0.987688
0.137952 0 0.990439
0.375039 0.383614 0.843911
0.238677 0.386187 0.891006
0 0.266405 0.963861
-0.0822425 0.133071 0.987688
0.0823236 0.399607 0.912982
-0.0823236 0.399607 0.912982
-0.156434 0.519258 0.840178
-0.238677 0.386187 0.891006
0.156434 0.519258 0.840178
-0.220117 0.132792 0.966393
-0.137952 0 0.990439
-0.301259 0.264083 0.916244
-0.358229 0.131655 0.924305
-0.484442 0.1312 0.864929
-0.403355 0 0.915043
-0.375039 0.383614 0.843911
0.237086 0.606825 0.758652
0.0811419 0.62024 0.780204
0 0.711282 0.702907
-0.0811419 0.62024 0.780204
-0.237086 0.606825 0.758652
0.0810863 0.783843 0.615642
-0.0810863 0.783843 0.615642
0.358229 -0.131655 0.924305
0.484442 -0.1312 0.864929
0.220117 -0.132792 0.966393
0.301259 -0.264083 0.916244
0.238677 -0.386187 0.891006
0.375039 -0.383614 0.843911
0.0822425 -0.133071 0.987688
0.0823236 -0.399607 0.912982
0.156434 -0.519258 0.840178
0 -0.266405 0.963861
-0.0823236 -0.399607 0.912982
-0.238677 -0.386187 0.891006
-0.156434 -0.519258 0.840178
-0.0822425 -0.133071 0.987688
0.0811419 -0.62024 0.780204
0.237086 -0.606825 0.758652
-0.0811419 -0.62024 0.780204
0 -0.711282 0.702907
-0.0810863 -0.783843 0.615642
0.0810863 -0.783843 0.615642
-0.237086 -0.606825 0.758652
-0.220117 -0.132792 0.966393
-0.358229 -0.131655 0.924305
-0.301259 -0.264083 0.916244
-0.375039 -0.383614 0.843911
-0.484442 -0.1312 0.864929
0.864929 0.484442 0.1312
0.924305 0.358229 0.131655
0.916244 0.301259 0.264083
0.966393 0.220117 0.132792
0.987688 0.0822425 0.133071
0.843911 0.375039 0.383614
0.891006 0.238677 0.386187
0.963861 0 0.266405
0.987688 -0.0822425 0.133071
0.912982 0.0823236 0.399607
0.912982 -0.0823236 0.399607
0.840178 -0.156434 0.519258
0.891006 -0.238677 0.386187
0.840178 0.156434 0.519258
0.966393 -0.220117 0.132792
0.990439 -0.137952 0
0.916244 -0.301259 0.264083
0.924305 -0.358229 0.131655
0.864929 -0.484442 0.1312
0.915043 -0.403355 0
0.843911 -0.375039 0.383614
0.758652 0.237086 0.606825
0.780204 0.0811419 0.62024
0.702907 0 0.711282
0.780204 -0.0811419 0.62024
0.758652 -0.237086 0.606825
0.615642 0.0810863 0.783843
0.615642 -0.0810863 0.783843
-0.864929 -0.484442 0.1312
-0.924305 -0.358229 0.131655
-0.915043 -0.403355 0
-0.916244 -0.301259 0.264083
-0.966393 -0.220117 0.132792
-0.987688 -0.0822425 0.133071
-0.990439 -0.137952 0
-0.843911 -0.375039 0.383614
-0.891006 -0.238677 0.386187
-0.963861 0 0.266405
-0.987688 0.0822425 0.133071
-0.912982 -0.0823236 0.399607
-0.912982 0.0823236 0.399607
-0.840178 0.156434 0.519258
-0.891006 0.238677 0.386187
-0.840178 -0.156434 0.519258
-0.966393 0.220117 0.132792
-0.916244 0.301259 0.264083
-0.924305 0.358229 0.131655
-0.864929 0.484442 0.1312
-0.843911 0.375039 0.383614
-0.758652 -0.237086 0.606825
-0.780204 -0.0811419 0.62024
-0.702907 0 0.711282
-0.780204 0.0811419 0.62024
-0.758652 0.237086 0.606825
-0.615642 -0.0810863 0.783843
-0.615642 0.0810863 0.783843
0.1312 0.864929 0.484442
0.131655 0.924305 0.358229
0 0.915043 0.403355
0.264083 0.916244 0.301259
0.132792 0.966393 0.220117
0.133071 0.987688 0.0822425
0 0.990439 0.137952
0.383614 0.843911 0.375039
0.386187 0.891007 0.238677
0.399607 0.912982 0.0823236
0.519258 0.840178 0.156434
0.606825 0.758652 0.237086
0.62024 0.780204 0.0811419
0.783843 0.615642 0.0810863
-0.131655 0.924305 0.358229
-0.1312 0.864929 0.484442
-0.132792 0.966393 0.220117
-0.264083 0.916244 0.301259
-0.386187 0.891007 0.238677
-0.383614 0.843911 0.375039
-0.133071 0.987688 0.0822425
-0.399607 0.912982 0.0823236
-0.519258 0.840178 0.156434
-0.62024 0.780204 0.0811419
-0.606825 0.758652 0.237086
-0.783843 0.615642 0.0810863
0 -0.915043 0.403355
0.131655 -0.924305 0.358229
0.1312 -0.864929 0.484442
0.132792 -0.966393 0.220117
0.264083 -0.916244 0.301259
0.386187 -0.891007 0.238677
0.383614 -0.843911 0.375039
0 -0.990439 0.137952
0.133071 -0.987688 0.0822425
0.399607 -0.912982 0.0823236
0.519258 -0.840178 0.156434
0.266405 -0.963861 0
0.62024 -0.780204 0.0811419
0.606825 -0.758652 0.237086
0.711282 -0.702907 0
0.783843 -0.615642 0.0810863
-0.1312 -0.864929 0.484442
-0.131655 -0.924305 0.358229
-0.264083 -0.916244 0.301259
-0.132792 -0.966393 0.220117
-0.133071 -0.987688 0.0822425
-0.383614 -0.843911 0.375039
-0.386187 -0.891007 0.238677
-0.266405 -0.963861 0
-0.399607 -0.912982 0.0823236
-0.519258 -0.840178 0.156434
-0.606825 -0.758652 0.237086
-0.62024 -0.780204 0.0811419
-0.711282 -0.702907 0
-0.783843 -0.615642 0.0810863
0.213023 0.792649 0.571252
0.296005 0.70231 0.647412
0.346153 0.783452 0.516122
0.46843 0.757935 0.45399
0.371748 0.601501 0.707107
0.564254 0.646578 0.513375
0.601501 0.707107 0.371748
0.513375 0.564254 0.646578
0.646578 0.513375 0.564254
0.707107 0.371748 0.601501
0.757935 0.45399 0.46843
0.45399 0.46843 0.757935
0.70231 0.647412 0.296005
0.783452 0.516122 0.346153
0.792649 0.571252 0.213023
0.516122 0.346153 0.783452
0.571252 0.213023 0.792649
0.647412 0.296005 0.70231
0.571252 -0.213023 0.792649
0.516122 -0.346153 0.783452
0.647412 -0.296005 0.70231
0.707107 -0.371748 0.601501
0.45399 -0.46843 0.757935
0.646578 -0.513375 0.564254
0.757935 -0.45399 0.46843
0.513375 -0.564254 0.646578
0.564254 -0.646578 0.513375
0.46843 -0.757935 0.45399
0.601501 -0.707107 0.371748
0.371748 -0.601501 0.707107
0.783452 -0.516122 0.346153
0.70231 -0.647412 0.296005
0.792649 -0.571252 0.213023
0.296005 -0.70231 0.647412
0.213023 -0.792649 0.571252
0.346153 -0.783452 0.516122
-0.571252 0.213023 0.792649
-0.516122 0.346153 0.783452
-0.647412 0.296005 0.70231
-0.707107 0.371748 0.601501
-0.45399 0.46843 0.757935
-0.646578 0.513375 0.564254
-0.757935 0.45399 0.46843
-0.513375 0.564254 0.646578
-0.564254 0.646578 0.513375
-0.46843 0.757935 0.45399
-0.601501 0.707107 0.371748
-0.371748 0.601501 0.707107
-0.783452 0.516122 0.346153
-0.70231 0.647412 0.296005
-0.792649 0.571252 0.213023
-0.296005 0.70231 0.647412
-0.213023 0.792649 0.571252
-0.346153 0.783452 0.516122
-0.571252 -0.213023 0.792649
-0.647412 -0.296005 0.70231
-0.516122 -0.346153 0.783452
-0.45399 -0.46843 0.757935
-0.707107 -0.371748 0.601501
-0.513375 -0.564254 0.646578
-0.371748 -0.601501 0.707107
-0.646578 -0.513375 0.564254
-0.564254 -0.646578 0.513375
-0.601501 -0.707107 0.371748
-0.46843 -0.757935 0.45399
-0.757935 -0.45399 0.46843
-0.296005 -0.70231 0.647412
-0.346153 -0.783452 0.516122
-0.213023 -0.792649 0.571252
-0.783452 -0.516122 0.346153
-0.792649 -0.571252 0.213023
-0.70231 -0.647412 0.296005
