0.455824 -0.816871 0.353478
-0.734974 -0.643623 0.213453
-0.006404 0.668294 0.74387
-0.897901 0.437537 0.048317
0.754466 -0.631972 0.177177
0.006023 0.810997 0.585019
0.166471 0.97851 0.121677
0.667585 -0.077953 0.740442
0.344775 0.745147 0.570864
0.51204 0.821614 0.250532
0.129894 -0.133569 0.98249
0.145436 -0.936528 0.319004
0.210138 -0.30551 0.928712
-0.002546 -0.265938 0.963987
-0.803075 0.559281 0.205609
-0.648289 -0.145869 0.747291
0.02491 -0.73871 0.673563
-0.234608 -0.884043 0.404261
0.469789 -0.444333 0.762802
0.051084 0.199124 0.978642
-0.520405 0.851544 0.063651
0.566015 0.099964 0.818312
-0.666581 -0.616654 0.418818
-0.848793 0.291101 0.441373
-0.50371 -0.712009 0.489203
-0.801619 -0.495235 0.334887
0.173671 0.719855 0.672047
0.718368 0.106684 0.687434
-0.570929 0.454293 0.683855
-0.417366 -0.837308 0.353158
-0.335003 -0.369746 0.866638
-0.789725 0.373007 -0.487032
0.499661 0.744479 0.44282
-0.207984 0.606525 0.767379
-0.507341 -0.860384 -0.048419
-0.994789 -0.096861 -0.031809
-0.964137 0.251082 0.086014
0.366867 -0.843903 -0.391453
-0.938498 0.1948 0.285088
-0.787319 0.476151 0.391674
0.949851 0.310013 -0.040937
-0.629888 -0.771403 0.090437
-0.265378 -0.937419 0.225435
-0.054943 -0.92728 0.370315
-0.872448 0.097364 0.478909
0.326782 -0.915529 0.234564
-0.1095 -0.825972 0.552974
0.158647 0.984393 -0.076162
0.220575 -0.750794 0.622619
0.991725 -0.105115 0.073711
-0.190703 -0.261739 0.946111
0.020923 -0.999631 -0.017299
-0.256119 0.433982 0.863749
0.176824 -0.977815 0.112299
0.34717 0.856442 0.382072
0.624597 -0.733952 0.266819
0.599925 0.288667 0.746165
-0.618457 0.269824 0.738042
0.391969 0.083252 0.916204
0.67881 -0.532511 0.505618
0.10401 0.387047 0.916175
-0.053975 0.505497 0.861138
-0.521457 0.582063 -0.623927
-0.306307 0.247503 0.919194
-0.189036 -0.699911 0.68876
-0.319695 -0.77492 0.545246
-0.757017 -0.239257 0.608014
-0.200962 0.974433 0.10047
0.793877 -0.607896 -0.014894
-0.197082 0.933134 0.300698
0.763446 0.516448 0.387856
-0.461559 -0.872371 0.161037
0.9182 0.203847 0.339641
-0.393211 -0.635969 0.664025
0.884949 0.460307 0.070587
-0.762263 0.186503 0.619816
-0.977251 -0.145929 0.153903
-0.493954 0.622605 0.606937
0.630703 0.602573 0.488999
0.343934 -0.6146 0.709913
0.915185 -0.00548 0.402997
0.877899 0.401261 0.26131
0.787359 0.585407 0.193301
-0.013846 -0.980648 0.195287
-0.658212 -0.743907 -0.115583
-0.948489 0.00446 0.316779
-0.370759 0.908637 0.192136
0.48542 0.453201 0.747647
0.500114 -0.853047 0.148986
0.867267 -0.474697 0.150037
0.640841 -0.404854 0.65224
-0.653462 0.558948 0.510455
0.150966 -0.612825 0.775664
-0.676687 0.722183 0.143343
0.357083 -0.933778 0.023466
0.202481 0.059141 0.977499
-0.771412 -0.63631 0.005702
-0.835578 -0.324812 0.443065
-0.052054 -0.598307 0.799575
-0.446165 0.363435 0.817834
-0.57067 -0.557017 0.60338
-0.861238 -0.104589 0.497322
-0.187769 0.854872 0.483669
0.403289 -0.285901 0.869263
0.170935 0.933738 0.314506
-0.26489 -0.546002 0.794805
0.656495 0.688699 0.307747
-0.955325 -0.255076 -0.149299
-0.767644 -0.01753 0.640636
-0.339299 -0.940529 0.01675
-0.677029 0.65588 0.333846
-0.717634 -0.449283 0.532114
0.502718 -0.091031 0.859644
0.326315 0.597614 0.732377
-0.90667 -0.351758 0.232845
0.869503 -0.195755 0.453481
-0.892107 0.38036 0.243867
-0.923247 -0.188104 0.335011
-0.484207 0.163613 0.85952
-0.336208 0.042778 0.940816
0.58009 -0.259445 0.772129
0.347938 0.918779 0.186508
-0 0 1
0.974212 0.044903 0.221121
0.947901 -0.298003 0.112594
-0.464164 -0.466238 0.75311
0.14643 0.558841 0.816245
-0.007538 0.912157 0.409771
-0.533126 0.804603 0.261515
0.323022 -0.113438 0.939568
-0.521976 0.728217 0.444118
-0.169067 -0.078134 0.982503
-0.017177 0.975764 0.218151
-0.346781 0.737924 0.578975
0.650171 0.456028 0.607714
0.820873 0.348976 0.452087
0.742688 -0.232395 0.628019
0.437391 0.273694 0.85661
0.283053 -0.467041 0.837708
0.086468 -0.85755 0.507081
0.27925 -0.851788 0.443256
0.843882 0.142239 0.517331
0.738483 0.288262 0.609547
-0.171036 0.744004 0.645913
0.40967 -0.732526 0.54367
-0.990764 0.05635 0.123337
0.652061 -0.756251 0.053857
0.077576 -0.452186 0.888544
-0.360635 -0.15897 0.91906
0.882297 -0.354592 0.309541
-0.642831 0.072051 0.762612
0.855713 0.502437 -0.123741
-0.102169 0.325488 0.94001
0.181078 0.84694 0.499903
0.810266 -0.048079 0.584086
0.58368 -0.68111 0.442049
-0.152795 0.132668 0.979312
0.304575 0.43034 0.84973
-0.724758 0.377809 0.576182
0.949888 -0.161784 0.267469
-0.504941 -0.263225 0.822038
-0.384343 0.549658 0.741725
-0.51063 -0.044622 0.858642
0.252487 0.249557 0.934865
0.771266 -0.537858 0.340379
-0.122378 -0.437095 0.891051
0.489715 0.610061 0.6229
-0.624893 -0.361839 0.691795
-0.586613 -0.755591 0.291492
