0.050399 0.522975 0.850857
-0.153979 -0.393643 0.906276
-0.65757 -0.474986 0.584799
0.432389 -0.728081 0.531919
0.841424 -0.128122 0.524968
0.286292 0.213688 0.93401
0.330972 -0.853238 0.403042
-0.677291 0.024861 0.735295
-0.747498 -0.297578 0.59388
0.716292 -0.695078 0.061579
-0.798205 0.41927 0.432529
-0.355288 -0.414622 0.83777
0.799 0.533311 0.277808
-0.694821 -0.681464 0.229849
-0.011085 -0.534818 0.844894
0.613645 -0.203658 0.762865
0.397376 -0.892142 0.214885
0.196583 0.024526 0.98018
-0.248746 0.331689 0.910004
0.973174 -0.032359 0.227785
0.905308 0.412699 -0.100486
0.611431 -0.638917 0.466838
-0.262029 -0.519379 -0.81338
-0.374117 -0.055127 0.925742
0.753471 0.287584 0.591251
0.574584 -0.804675 0.149505
0.386204 -0.488161 0.782652
0.49631 0.195759 0.845786
-0.455951 -0.532229 0.713331
0.968844 0.217297 -0.118841
-0.542694 -0.820395 0.180095
0.105826 -0.176479 0.978599
0.517059 -0.781572 0.348992
-0.543719 -0.07891 0.83555
-0.565859 0.40683 0.717142
0.681038 0.155221 0.715608
0.19142 -0.519816 0.832556
-0.064121 -0.893389 0.444684
-0.888886 0.012432 0.457959
0.168597 0.371425 0.913027
0.915451 -0.388416 -0.105275
-0.950278 0.111424 0.290785
0.918905 -0.187309 0.347172
0.122377 0.893722 0.431608
0.991844 0.113345 0.058295
0.40577 0.75253 0.5187
0.293859 -0.154668 0.943252
0.410697 0.88681 0.211886
-0.408059 -0.85657 0.315873
0.730906 -0.059464 0.679882
0.219165 0.788079 0.575237
-0.074161 0.886889 0.455992
-0.540849 -0.627146 0.560508
-0.946916 -0.109283 0.302336
-0.177986 -0.780844 0.598835
0.288562 0.955481 0.061547
-0.731559 0.326072 0.598747
-0.228553 0.92786 0.294684
-0.750335 -0.652447 -0.10635
-0.31968 0.143874 0.936539
0.320612 -0.646621 0.692163
-0.6333 0.221995 0.741384
-0.200793 -0.940412 0.274423
0.121635 -0.673354 0.729246
0.470222 0.500818 0.726686
0.894361 0.358551 0.267506
-0.55391 0.676326 0.485558
-0.309382 0.943167 0.121317
-0.861986 0.220729 0.456354
-0.405835 -0.755153 0.514822
-0.695463 -0.586626 0.414972
-0.172135 0.765647 0.619802
0.432326 -0.815707 -0.38434
-0.06499 0.656906 0.751166
0.58488 0.333873 0.739219
-0.379046 0.723844 0.576519
0.827793 -0.504819 -0.244778
-0.480337 0.576049 0.661396
0.972517 -0.209052 -0.102505
-0.276377 0.62788 0.727587
0.318684 0.865924 0.385507
0.386333 0.365011 0.847062
-0.801109 -0.409677 0.436337
-0.904567 -0.317325 0.284716
-0.65782 -0.193565 0.727878
-0.911445 0.403084 -0.082416
0.459075 -0.865016 -0.202479
-0.990513 -0.011825 0.136907
-0.570388 -0.375131 0.730708
-0.763113 0.521489 -0.381716
0.68031 -0.679619 0.274402
-0.45154 0.8921 -0.016415
-0.322466 -0.666759 0.671898
0.031117 -0.799761 0.599512
-0.025354 -0.793001 -0.608692
-0.657169 -0.752872 0.036243
0.683492 -0.467955 0.560229
0.995922 -0.082572 0.036361
0.339344 0.648195 0.681681
0.801021 0.593353 -0.079362
0.012835 -0.959645 -0.280922
-0.225013 -0.555094 0.800774
-0.729402 0.664284 0.163402
-0.791464 -0.087025 0.604988
0.573741 -0.398448 0.715584
-0.708258 0.597087 0.37664
0 0 1
-0.263938 0.846096 0.463097
-0.477283 -0.878724 -0.006713
-0.668442 -0.687445 -0.28391
0.000321 -0.964048 0.265728
-0.866067 -0.205459 0.455757
0.815701 0.086297 0.572
0.869344 0.485901 0.090234
0.23435 -0.782998 0.576189
0.730848 -0.274036 0.625112
-0.562328 -0.735758 0.377422
0.435545 -0.313168 0.843935
0.912609 0.02446 0.4081
0.58844 0.016068 0.808381
-0.818387 -0.511071 0.262772
-0.161933 0.50387 0.848465
-0.906143 0.310268 0.28747
-0.200712 0.945755 -0.255466
0.38937 0.046141 0.919925
0.119491 -0.986445 -0.112467
-0.25906 -0.858518 0.442532
-0.079817 -0.992435 -0.093285
-0.088361 -0.205052 0.974754
0.669086 0.593655 0.447099
-0.600567 0.745319 0.289515
0.530345 0.624052 0.573841
0.059 -0.995056 0.079888
0.811737 -0.554793 0.182451
-0.348371 -0.927616 0.134784
-0.199628 -0.948418 -0.246278
0.139726 0.667905 0.731013
0.790139 0.421652 0.444849
0.51829 0.773333 0.365146
0.94952 0.304411 0.075806
0.581773 0.799143 0.151364
0.08023 0.19496 0.977524
0.472 -0.124968 0.872696
0.049488 -0.365626 0.929445
-0.961274 0.234074 -0.145474
0.953172 0.167955 0.251503
0.603247 -0.794168 -0.073419
-0.042205 0.357033 0.933138
0.872666 0.229501 0.431026
0.132767 -0.890934 0.434292
-0.191833 -0.027578 0.98104
0.820878 -0.334168 0.463132
0.145929 0.985022 -0.091852
0.650428 0.461215 0.603509
-0.446179 0.296539 0.844387
0.880867 -0.381085 0.280797
0.25813 -0.96364 0.069047
0.82912 -0.558287 -0.029606
-0.08461 -0.677277 0.730847
-0.653157 0.510888 0.558909
0.513656 -0.574449 0.637312
-0.505515 0.11222 0.855489
-0.123299 0.17211 0.977331
-0.28014 -0.233821 0.931047
-0.369102 0.470327 0.801596
-0.784343 0.126493 0.607293
-0.464751 -0.25505 0.847913
0.246468 -0.345761 0.905374
