-0.517691 0.855565 0.001938
-0.037063 -0.882086 0.469629
-0.932574 -0.292335 0.211769
0.433379 0.888358 0.151667
-0.812661 0.582561 -0.014301
-0.868431 0.35636 -0.344724
0.874069 0.370421 0.314311
0.200904 0.76124 0.616564
-0.738794 0.653522 0.164597
-0.155428 0.283623 0.946256
0.543678 -0.3226 0.774819
-0.609854 0.048247 0.791044
-0.978112 -0.204809 0.036743
-0.855002 0.114316 0.505869
0.919112 -0.393838 0.011165
-0.157175 0.459278 0.874277
0.359833 -0.387197 0.848881
-0.15612 0.616448 0.771763
0.705983 -0.264606 0.656941
-0.927288 0.191765 0.321503
0.207939 -0.73839 0.641515
0.192713 0.872901 0.448224
-0.022011 -0.199542 -0.979642
-0.584471 -0.142232 0.798852
0.362409 0.335345 0.8696
0.366249 0.515401 0.774741
-0.339746 -0.762179 0.55105
0.200246 0.457119 0.86657
0.98473 0.103888 0.13969
-0.783899 -0.408465 -0.46761
-0.415129 -0.830367 0.371698
0.943727 0.017219 0.330276
0.780669 -0.532383 0.3273
-0.582791 -0.464548 0.666745
-0.626042 -0.763595 0.158097
0.467747 -0.821916 0.325063
-0.148174 0.859071 0.48994
-0.752413 -0.548036 0.365419
0.408494 -0.897411 0.16669
0.337398 -0.802987 0.491299
-0.743982 0.271887 0.610383
0.677814 -0.73523 0.002408
-0.089117 -0.658905 0.746929
0.766385 0.272463 0.581736
0.147133 0.958242 0.245203
-0.158131 -0.783216 0.601305
-0.856607 0.495179 0.14499
0.34781 0.13779 0.927385
0.863512 -0.47413 0.171896
-0.24906 0.954952 0.161355
-0.22751 -0.873182 0.431036
-0.328498 0.879358 0.344701
0.055215 -0.316042 0.947137
0.867032 -0.02267 0.497737
0.378445 -0.672165 0.636375
0.863226 0.481796 0.15071
0.101549 -0.632794 0.767633
-0.280714 -0.653067 0.703351
0.19662 0.27317 0.941657
0.359337 0.796098 0.486934
0.980538 -0.095581 -0.17149
-0.152347 0.751204 0.642248
0.280009 -0.571724 0.771185
0.699462 0.714634 0.007185
0.026663 0.701188 0.712478
0.769676 -0.396325 0.500524
-0.625385 -0.706275 0.331767
-0.824101 -0.566176 0.017381
0 -0 1
0.640322 0.687521 0.342494
-0.208523 -0.521452 0.827409
-0.622638 0.241981 0.744155
-0.318063 -0.898175 -0.303509
-0.637807 0.686915 0.348354
0.012393 -0.989595 0.143348
0.178285 0.073109 0.981259
-0.727189 -0.104631 0.678416
-0.745049 0.083213 0.661798
-0.974646 -0.100574 0.199877
-0.329188 0.669321 0.666067
0.511532 -0.718183 0.471749
-0.186876 -0.976748 0.10507
0.660312 0.563562 0.496373
-0.748159 -0.641274 -0.170366
0.090233 -0.942689 0.32124
-0.320933 0.154859 0.934356
0.152987 -0.858883 0.488789
0.943441 0.306015 0.127567
0.024444 0.921803 0.386887
0.639291 0.04991 0.767344
-0.334969 0.942225 -0.002749
0.023502 0.383995 0.923036
0.517674 0.556937 0.649488
0.934777 0.201293 0.2927
-0.629142 0.428247 0.648679
-0.451821 0.006597 0.892084
-0.845733 -0.37399 0.380615
0.435206 -0.198785 0.878112
0.026656 -0.775684 0.630559
-0.633706 -0.580408 0.511413
-0.754937 -0.628651 0.186729
-0.93362 0.001653 0.35826
0.675383 -0.566133 0.4726
-0.867395 0.395508 0.301991
0.13073 -0.991372 -0.009538
0.295576 0.922579 -0.247956
0.922163 -0.171415 0.346746
-0.150692 0.092066 0.984284
0.541721 -0.589075 0.599608
-0.857232 -0.470879 0.208391
-0.941218 0.286522 -0.178924
0.365847 0.670889 0.645031
0.773171 0.09365 0.627245
-0.33097 -0.37019 0.867997
0.517047 0.692596 0.502964
0.869522 0.179364 0.460175
0.313044 -0.065132 0.947503
-0.480359 0.203195 0.85321
0.981163 -0.091629 0.170069
-0.323723 0.793098 0.515945
0.514997 0.386171 0.765278
-0.125295 -0.368818 0.921018
-0.538616 -0.842551 0.001247
0.635978 -0.433133 0.638692
0.491088 -0.796243 -0.353314
0.457161 -0.496672 0.737781
0.505055 0.193624 0.841088
-0.739259 0.650702 -0.173445
0.484323 -0.003488 0.874882
-0.587037 0.791956 -0.167909
-0.670969 -0.290228 0.682325
0.283259 -0.899658 0.332235
-0.33188 0.518116 0.788296
0.751655 -0.087257 0.653759
0.201531 0.621318 0.757198
-0.512074 -0.330808 0.792683
0.77316 0.542719 0.328146
-0.746382 0.450192 0.490145
-0.262428 -0.960106 -0.096585
0.037145 -0.982127 -0.184516
-0.840925 0.294221 0.45418
-0.431896 0.884902 0.174395
-0.372251 -0.926548 0.054204
-0.942404 0.297355 0.153148
0.489582 -0.56143 -0.667162
0.764721 -0.553544 -0.329834
-0.512577 -0.717325 0.471922
-0.466214 -0.620878 0.630202
-0.489032 0.392757 0.778839
-0.916768 -0.397529 0.038814
-0.009646 -0.507717 0.86147
0.250544 -0.26449 0.931275
-0.152915 0.934469 0.321534
0.024628 0.552509 0.833143
-0.803697 -0.249231 0.540329
0.601399 0.779707 0.174287
-0.626091 0.586411 0.513937
0.604544 -0.13905 0.784341
-0.48619 -0.807266 -0.334575
-0.906802 -0.189296 0.376666
0.130158 -0.133347 0.982485
-0.595931 0.783535 0.175895
-0.075992 -0.99627 -0.040875
-0.421967 -0.181892 0.888177
-0.731725 -0.422232 0.535069
-0.10493 -0.950131 0.293669
0.213881 -0.963061 0.163612
0.028388 0.825757 0.563311
0.832875 -0.214489 0.510209
-0.329331 0.345087 0.878895
-0.845601 -0.068012 0.529465
-0.270412 -0.043945 0.961741
-0.405528 -0.503715 0.76277
-0.999866 -0.003848 0.015891
0.645652 0.239363 0.725148
0.172961 -0.451725 0.875231
0.651494 0.422231 0.630298
-0.075708 -0.165673 0.98327
-0.478203 -0.854313 0.203646
-0.484062 0.701742 0.522726
-0.244043 -0.222731 0.94384
-0.980524 0.196276 -0.007011
0.639277 -0.695108 0.328861
