227
-0.511112 0.189974 0.838257
-0.886773 0.334975 0.318473
0.566648 -0.375212 0.733571
0.440013 -0.68842 0.576598
-0.666514 -0.544899 0.508767
-0.29756 -0.398328 0.867636
-0.108061 0.96329 0.245753
-0.175919 0.71741 0.674074
0.242641 0.103077 0.964625
-0.877304 -0.280186 0.389659
0.847419 0.302607 0.436246
0.770309 0.060658 0.634779
0.069311 -0.538526 0.839754
0.419007 -0.851024 0.31653
0.096062 0.231104 0.968175
-0.39519 0.074375 0.915584
-0.200067 -0.81709 0.540682
-0.228486 -0.933101 0.277697
0.084624 0.850841 0.518564
0.657237 -0.021249 0.753384
0.477168 -0.865426 0.152802
0.501944 0.821142 0.271622
-0.977489 -0.06104 -0.201963
-0.003095 0.758456 0.651716
-0.442058 0.727594 0.524587
-0.259528 -0.965078 -0.035624
-0.264944 0.788159 0.555526
0.188377 0.548679 0.814534
-0.097109 -0.993589 -0.057893
-0.473452 -0.775151 0.418311
-0.992997 0.084873 -0.082183
-0.069049 0.994603 0.077443
0.356667 -0.166489 0.919277
-0.320052 0.425168 0.84664
-0.55463 -0.252116 -0.792984
-0.567698 -0.355418 0.742561
-0.835913 0.537833 -0.109476
-0.831289 0.267686 0.487137
0.217597 -0.060721 0.974148
0.305634 -0.930144 0.203518
0.889045 -0.409111 0.20549
-0.477261 0.36281 0.800369
-0.207564 0.310045 0.927787
0.128432 -0.964124 0.232313
0.018093 -0.25855 0.965828
-0.08115 0.626903 0.774859
-0.682713 -0.23921 0.690421
-0.352915 0.665003 0.658196
0.768018 0.627854 0.126285
-0.085809 -0.755532 0.649467
-0.626374 -0.672001 0.395058
-0.5216 0.767447 0.372771
-0.862013 -0.417332 0.287695
0.32094 -0.337108 0.885074
0.511578 -0.0932 0.854167
-0.822534 -0.540128 0.178045
0.791977 -0.539509 0.285836
-0.918216 0.368596 0.144967
-0.050862 -0.965187 0.256568
0.9631 -0.107476 0.246753
-0.407767 -0.869914 0.277446
-0.564065 -0.779824 0.271487
0.723038 -0.664216 0.189821
-0.78982 -0.276886 0.547283
-0.308062 -0.855542 0.416108
-0.537032 0.005484 0.843544
0.73656 0.606902 0.298581
-0.187148 0.979831 -0.070053
0.759805 0.647101 -0.062906
-0.792765 0.429709 0.432289
0.103327 -0.766434 0.633958
-0.254709 -0.697353 0.669942
0.921004 0.380363 0.084111
0.177313 -0.845711 0.503322
-0.660542 -0.069138 0.747599
0.284312 0.648414 0.706206
-0.224176 -0.952528 -0.206
-0.628922 -0.770149 0.106432
-0.756178 -0.553953 0.348326
0.616874 -0.192926 0.76305
-0.654334 0.702907 0.278872
-0.369265 -0.748 0.551488
-0.919245 0.392483 -0.030744
-0.153295 0.477256 0.86529
0.265875 0.83081 0.488943
-0.957406 0.253778 -0.137734
0.119258 0.392001 0.912202
-0.941158 -0.138231 0.308405
-0.780446 -0.113136 0.614902
-0.293169 -0.555745 0.777946
-0.525989 0.850395 0.012834
-0.495943 -0.859635 0.122751
0.937635 0.277626 -0.209201
-0.34758 0.837187 0.422263
-0.683671 -0.400904 0.609812
0.375629 0.514039 0.771146
-0.784306 -0.42235 0.454405
-0.540619 -0.836574 -0.088743
-0.957279 0.206449 0.202474
0.463588 0.594733 0.656794
0.684711 0.566035 0.459103
0.15663 -0.387268 0.908565
-0.96691 -0.253188 0.03133
0.018258 0.518551 0.854852
0.642362 0.735398 0.21578
-0.23588 0.967033 0.095957
0.058144 0.971906 0.228076
0.044794 -0.09725 0.994251
0.861913 0.134206 0.488973
0.543409 0.077717 0.835863
-0.554797 -0.185014 0.811154
-0.915524 0.007026 0.402201
-0.867797 -0.126432 0.480566
-0.995715 -0.087286 -0.030532
0.370651 0.726079 0.579161
0.633505 -0.768464 0.090193
0.35691 -0.602614 0.713773
-0.553928 0.811753 0.184987
0.352257 -0.807987 0.472304
-0.325107 -0.935744 0.136707
0.911817 -0.270964 0.308494
-0.102409 0.018292 0.994574
0.671551 0.159074 0.723681
-0.994699 0.061038 0.08276
-0.852541 0.517703 0.071811
-0.603701 0.652149 0.458527
0.244975 -0.900868 0.358362
-0.014227 0.99562 -0.092402
-0.75638 0.042085 0.652778
-0.704357 -0.670698 0.232475
0.658213 0.338839 0.672267
-0.268737 -0.041823 0.962305
0.412157 0.171441 0.894838
-0.901926 0.143556 -0.407334
-0.129609 -0.151947 0.979854
-0.256337 0.580749 0.772672
0.385485 0.00493 0.922701
-0.044397 0.356457 0.933256
0.642303 -0.469977 0.605449
-0.423364 0.862844 0.276157
-0.294232 -0.218758 0.930361
0.760817 -0.382046 0.524594
-0.747357 0.210213 0.630291
0.070498 0.067144 0.99525
0.444206 0.783694 0.434172
0.183525 0.758661 0.625101
0.122492 0.904441 -0.408635
-0.91333 0.173649 0.36834
0.253793 -0.502282 0.826621
-0.416329 -0.909161 -0.009794
-0.437598 -0.462109 0.771338
0.277385 0.416873 0.865606
0.852578 0.522429 0.013345
-0.519902 0.598268 0.609735
-0.095223 0.837315 0.538364
-0.433395 -0.295513 0.851376
-0.009253 -0.850126 0.526497
0.578594 -0.77408 0.256962
0.742042 0.40902 0.531109
-0.18363 0.89462 0.407352
-0.144988 -0.490036 0.85956
0.162577 0.915044 0.369139
0.759794 -0.650041 0.012655
0.514388 -0.746416 0.422218
-0.422632 -0.338357 -0.840772
-0.667487 -0.743024 -0.048749
-0.155608 -0.318949 0.934911
-0.364616 0.254171 0.895797
-0.972116 0.232153 0.033106
0.805304 0.461343 0.372355
-0.762629 0.622732 0.174936
0.750947 -0.125014 0.648421
-0.415672 -0.616557 0.668636
0.277161 -0.737869 0.615412
0.845608 0.495062 0.199649
0.698745 -0.291297 0.653377
-0.664757 0.742076 0.086143
-0.011609 0.920478 0.390623
0.194332 -0.64215 0.741538
-0.239424 0.135873 0.961361
0.721221 -0.530623 0.445285
-0.579742 0.451724 0.678119
0.025719 -0.664233 0.747083
-0.846361 0.087307 0.525405
0.507147 -0.543978 0.668498
0.928484 0.024629 0.370555
0.475327 -0.271014 0.837028
-0.717505 0.370657 0.589746
0.157297 0.980895 -0.11447
0.588766 -0.619043 0.51975
0.190257 -0.225312 0.95553
0.822984 -0.231249 0.518866
-0.669388 0.518978 0.531584
0.907973 0.406634 -0.101159
0.660726 -0.661465 0.354831
0.770943 0.239097 0.590321
-0.836248 0.486154 0.253662
0.848009 -0.040733 0.528414
-0.621022 0.290857 0.727828
-0.424395 0.522302 0.739655
-0.558239 -0.515033 0.650469
0.83628 -0.394259 0.381044
-0.968917 0.035234 0.244866
0.899245 0.347576 0.265612
0.400523 -0.908868 -0.11636
-0.387256 -0.905036 -0.175908
-0.011009 -0.414633 0.909922
-0.527594 -0.655617 0.540195
0.526178 0.431443 0.732798
0.26569 0.26178 0.927836
-0.733457 0.575169 0.362244
0.062696 -0.920372 0.385984
0.334706 0.879679 0.33784
-0.129021 -0.623462 0.771135
-0.074103 0.188988 0.979179
-0.927198 -0.189505 -0.323096
0.539508 0.658717 0.524427
-0.270128 0.926767 0.261025
-0.96314 -0.225086 -0.147301
-0.642773 0.118333 0.756862
0.092279 0.661278 0.744444
0.600353 0.70559 0.376457
-0.422151 -0.109746 0.899858
0.418521 -0.446744 0.790734
-0.983617 -0.113146 0.140342
0.613627 0.507651 0.604774
0.358227 -0.932621 0.043495
