0.350814 -0.500984 0.791167
0.76558 0.634311 0.107408
0.172218 -0.390264 0.904453
0.741241 0.196159 0.641937
-0.934285 -0.338285 0.112581
0.958551 -0.280597 0.049455
-0.783227 0.618886 -0.059464
-0.142898 0.886105 0.440905
0.2119 -0.14005 -0.967204
0.447876 0.608904 0.654709
-0.524725 -0.818916 0.232468
0.096709 -0.790687 0.604534
-0.608454 0.306148 0.732159
-0.746987 -0.098712 0.65747
-0.190095 0.580805 0.791536
0.98815 0.11002 -0.107031
-0.584882 0.760398 0.282327
-0.117661 -0.94132 0.316343
0.561616 -0.397887 0.725447
0.059177 0.834021 0.54855
-0.962059 0.03476 0.27062
0.457594 0.756063 0.46795
0.895941 0.431101 0.106963
0.257463 -0.937636 0.233564
-0.52882 0.693123 0.489827
-0.532322 -0.712391 0.45731
0.620934 0.444365 0.64574
-0.609471 0.080171 0.788745
-0.406496 -0.913653 0.000158
0.255391 0.874298 0.412769
0.874622 0.118898 0.47
0.457496 -0.843685 0.280879
-0.278091 -0.556295 0.783072
-0.420911 0.250977 0.871691
-0.013707 0.995381 0.095015
-0.339671 -0.839911 0.423289
-0.374 0.662389 0.649126
-0.58325 0.512771 0.629988
-0.626899 0.777316 0.052702
-0.17646 0.761171 0.624084
0.240084 -0.970745 -0.003667
0.220273 0.571605 0.79041
0.134032 -0.611703 0.77965
-0.884135 0.205688 0.41952
-0.831286 -0.5446 0.111235
0.451891 -0.890573 0.051706
0.742818 -0.587088 0.321792
0 -0 1
0.945087 -0.197459 0.260425
0.257457 0.739152 0.622391
-0.199817 -0.102582 0.974449
0.420844 -0.888259 -0.184081
0.04679 -0.987146 0.152819
-0.0920079 -0.689556 0.718365
0.786859 0.370946 0.493205
0.876363 -0.118542 0.466837
-0.759281 0.622552 0.189529
-0.456042 -0.40255 0.793712
0.584363 0.808058 0.074585
-0.32405 -0.92197 0.212046
0.362363 -0.831425 -0.42122
0.047825 0.946842 0.318123
0.885498 -0.4579 -0.07887
-0.208478 0.370469 0.905146
-0.923281 -0.210215 0.321499
-0.711929 0.566923 0.414434
0.741857 -0.272576 0.612658
-0.581606 -0.156973 0.798182
-0.12277 -0.839433 0.529414
0.997553 -0.057691 0.039494
0.024707 0.681951 0.730981
0.906042 0.290037 0.308166
0.974132 0.20085 0.103566
-0.838415 -0.436175 0.326821
0.875093 -0.444887 0.190496
0.205094 -0.950313 -0.234182
-0.406619 0.466263 0.785659
0.757409 -0.038487 0.651805
0.167352 0.984384 -0.054596
-0.388756 -0.20738 0.897698
0.403547 0.433359 0.805823
-0.856798 0.41241 0.309541
0.009454 0.479447 0.87752
0.559229 -0.706468 0.433781
0.307402 -0.698925 0.645761
0.689563 -0.494226 0.52938
-0.001404 0.248369 0.968664
0.197846 -0.150083 0.968675
0.389558 -0.281581 0.876902
-0.414854 0.024112 0.909568
-0.68109 -0.724694 0.104572
-0.219447 -0.358751 0.907271
0.391974 0.193347 0.899429
-0.320842 -0.717211 0.618602
-0.755984 0.368554 0.540978
0.84024 -0.357874 0.407337
0.592248 0.047142 0.804375
0.630907 0.719788 0.289587
-0.506753 -0.571867 0.645112
0.32076 -0.825716 0.464011
0.402924 -0.047319 0.914009
-0.013143 -0.255376 0.966753
-0.768741 0.142826 0.623408
-0.65033 -0.34773 0.675393
0.205872 0.34896 0.914245
0.503213 -0.601009 0.620938
0.638177 -0.747257 0.185302
0.962836 0.035272 0.267775
0.590624 -0.179237 0.786789
0.200243 0.100133 0.974616
-0.702541 -0.637581 0.316112
0.232839 0.95729 0.171412
0.795874 0.51925 0.311391
0.642596 0.596158 0.481318
-0.692554 -0.509351 0.510814
-0.809107 -0.283331 0.514849
0.568899 0.271502 0.7763
0.433996 0.864829 0.252425
-0.04321 -0.49619 0.867138
0.097624 -0.909721 0.403581
-0.87626 -0.03388 0.480645
-0.957339 0.231658 0.172731
