0.64106 -0.130142 0.756377
0.076733 0.871627 0.484127
0.001611 -0.808548 0.588428
0.538274 -0.574605 0.616514
-0.300461 -0.507509 0.807563
-0.870952 -0.230537 0.433931
-0.529035 0.794583 0.297924
-0.854858 0.517807 0.033081
-0.730288 0.106527 0.674782
0.447348 0.30498 0.840754
-0.270587 0.493398 0.826645
0.93492 -0.26559 0.235345
-0.936136 -0.291806 0.19621
-0.235177 0.619472 -0.748963
0.219644 0.890413 0.398649
-0.857459 0.478169 0.190049
-0.346203 0.182982 0.920142
0.369805 0.919041 0.136407
-0.095075 -0.147893 0.984423
0.281775 -0.727735 0.625304
-0.838433 0.421522 0.345471
-0.549527 -0.510963 0.661012
0.715409 -0.669548 0.199739
-0.445259 -0.837514 0.316725
0.952793 -0.158363 -0.259049
0.586555 0.599975 0.544043
0.634494 0.768196 0.085401
0.343592 0.709603 0.615149
-0.348554 -0.915721 0.199912
0.202126 0.683649 0.701262
-0.068477 0.017802 0.997494
-0.340404 -0.709843 0.616642
0.092989 -0.993115 -0.071238
-0.980905 -0.126433 0.147784
-0.726625 -0.069092 0.683552
0.599669 -0.741538 0.300862
0.7489 0.645157 0.151396
0.528959 -0.837406 -0.137675
0.787895 -0.548626 0.279697
0.832246 -0.54036 0.124008
-0.501906 -0.080016 0.861213
-0.075072 0.711022 0.699151
0.048135 -0.226108 0.972912
0.087551 -0.956953 0.276725
0.824748 -0.208045 0.52584
0.182833 -0.49539 0.849212
0.941294 0.001798 0.337582
0.800296 0.222524 0.556785
-0.753328 -0.481325 0.448133
-0.235161 -0.067844 0.969586
-0.002194 0.336489 0.941685
0.387011 -0.920524 -0.053456
0.695977 0.343676 0.630478
-0.84003 -0.540837 -0.042959
0.914043 -0.393846 0.097007
0.507072 -0.161479 0.846642
0.668097 -0.527096 0.525183
-0.213369 0.900823 -0.378143
0.545076 0.005202 0.83837
0.47605 0.716709 0.509612
0.739994 0.595234 0.313219
0.820822 0.447447 0.355023
-0.614054 0.187665 0.766628
-0.974239 0.204392 0.095298
0.773773 0.386496 0.501892
0.782089 -0.462328 0.417839
0.983297 0.051913 0.174448
-0.766011 0.629649 0.129493
0.058632 0.998269 -0.004593
0.362579 -0.186879 0.913024
-0.233139 -0.645345 0.727445
0.965728 0.257816 -0.030019
-0.367903 -0.16661 0.914816
-0.486359 0.643251 0.591339
0.331872 0.578555 0.745074
0.634988 0.731812 0.247468
-0.283759 -0.884363 0.370653
-0.81955 0.190603 0.540378
0.214062 0.801466 0.558417
0.750914 -0.659546 0.033567
0.861431 -0.313702 0.399409
-0.262432 -0.816996 0.513466
0.866985 -0.048523 0.495966
0.244662 -0.969274 0.025449
0.63325 -0.419228 0.65057
-0.623138 -0.777361 0.086077
0.647777 -0.663328 -0.374675
0.22132 0.945634 0.238315
0.707255 0.526401 0.471904
0.050423 0.691295 -0.720811
0.116338 -0.724444 0.679446
0.069275 0.943112 0.325177
0.579977 0.326741 0.746235
-0.991561 0.040277 0.123227
0.75582 -0.364055 0.544242
-0.675373 -0.426226 0.601832
-0.050382 -0.983782 0.172149
-0.394632 0.556544 0.731112
0.187391 0.543835 0.818002
-0.224236 -0.250004 0.941922
0.326935 0.433712 0.839647
0.793092 0.065101 0.605612
0.437692 -0.328752 0.836868
0.069978 0.767427 0.637306
-0.363606 -0.931036 0.031025
-0.897267 -0.06189 0.437129
-0.590996 -0.345046 0.729155
-0.283954 0.35064 -0.892425
0.873282 -0.412057 0.259975
0.273991 0.116935 0.954597
-0.497465 0.097405 0.861998
0.4698 -0.790705 0.392522
0.0987 -0.990003 0.100762
0.684817 -0.620315 0.382407
-0.883482 0.263307 0.387465
-0.197018 -0.947103 0.253337
-0.785193 -0.543265 0.297213
-0.474541 0.262033 0.840327
0.996236 -0.076574 0.040614
0.34589 -0.484311 0.803619
-0.116352 -0.870574 0.478082
0.209017 -0.207804 0.955578
-0.809886 -0.150582 0.56693
-0.579532 0.297343 -0.758769
0.367977 0.879851 0.300757
-0.037759 0.179591 0.983016
-0.188583 -0.423168 0.886209
-0.454837 -0.428833 0.780529
-0.711711 -0.674727 0.195479
-0.344406 -0.343636 0.87367
0.70882 -0.253999 0.658072
-0.995847 -0.09019 -0.012399
-0.367458 0.774956 0.514216
0.064436 -0.602379 0.795605
-0.370209 0.0137 0.928847
0.057892 -0.893558 0.4452
-0.210639 0.101384 0.972292
0.966482 0.21908 0.133853
0.587606 0.766125 -0.260331
-0.737464 0.510486 0.442212
0.068099 0.936941 -0.34279
-0.619386 0.584886 0.523707
-0.237016 0.920755 0.309894
-0.544559 0.502806 0.671299
0.236872 -0.950056 0.203189
0.107607 0.086718 0.990404
0.400459 -0.020755 0.91608
0.117042 -0.365574 0.923394
0.694884 0.188768 0.693904
-0.300533 -0.276501 -0.912813
-0.312987 0.343155 0.885598
0.968613 -0.238684 0.069424
0.054799 0.635913 0.769813
0.565427 -0.674147 0.475204
0.906738 0.335917 0.254924
-0.003293 -0.473187 0.880956
-0.405038 -0.582426 0.704786
-0.178255 0.264413 0.947793
0.914519 -0.158748 0.372093
-0.677758 -0.638818 0.364083
-0.495828 -0.654121 0.57121
-0.087366 0.966985 0.239391
0.883634 0.11295 0.45435
0.508919 0.838619 0.194215
-0.928874 0.364579 0.065392
0.326421 -0.818639 0.472525
-0.078476 0.069682 -0.994478
0.380044 -0.916818 0.122524
-0.789919 0.353266 0.50123
0.465844 0.596145 0.653911
-0.713693 0.274649 0.644368
0.505921 0.862179 0.026276
0.428268 0.143267 0.892222
-0.413655 -0.780004 0.469556
0.36115 -0.882595 0.300993
-0.096456 0.566457 0.818427
-0.171475 -0.394535 -0.902739
-0.65689 0.721795 0.217965
-0.078819 0.912719 0.400913
-0.515423 0.856365 -0.03126
-0.762055 0.579765 0.288347
-0.907308 -0.416492 0.057672
0.764066 -0.093913 0.638266
0.49899 -0.840018 0.213024
-0.383672 0.845631 0.371086
-0.139808 0.419522 0.896914
-0.0655 0.830403 0.553299
0.873124 0.437592 -0.214868
0.430756 -0.710347 0.556648
-0.676464 0.434709 0.594495
-0.9402 -0.168394 -0.296086
-0.64957 0.758369 0.05418
0.389635 -0.894994 -0.217189
-0.553222 -0.718759 0.421106
-0.071749 -0.329578 0.941398
0.491904 0.85857 -0.144528
-0.586984 0.350559 0.729766
-0.738213 -0.674377 0.016055
-0.241669 0.959234 0.146515
-0.15929 -0.763068 0.626381
-0.841472 -0.501212 -0.201769
-0.121029 -0.565717 0.815669
0.568966 0.167709 0.805078
-0.958774 -0.006216 0.284102
-0.783251 -0.331869 0.525719
-0.937 -0.174117 0.302844
-0.709728 -0.251789 0.657942
0.606214 0.473376 0.639077
-0.064932 -0.984676 -0.161857
0.624924 -0.772043 0.115838
0.918605 0.382552 0.099091
-0.339449 0.684103 0.645583
0.353777 0.813842 0.46098
0.972279 -0.110632 0.205996
-0.8251 0.023065 0.564516
0.137611 0.242138 0.960433
0.869323 0.279187 0.407838
-0.633051 -0.576135 0.517025
0.21798 0.973057 0.075126
0.496243 -0.458617 0.737166
0.50021 0.789435 0.355784
-0.224906 0.856872 0.463884
0.394152 -0.60474 0.69205
-0.204661 0.767575 0.607406
-0.856576 -0.370739 0.358929
-0.902843 0.101892 0.417722
0.677425 0.031019 0.734938
0.244576 -0.044653 0.968601
-0.815585 -0.565848 0.120988
-0.615582 -0.167467 0.770074
0.471371 0.459188 0.752965
0.209714 0.973685 -0.089204
-0.487305 -0.258447 0.83411
-0.919996 0.319664 0.226764
-0.220455 0.632886 0.742196
0.619562 0.674959 0.400716
0.171393 -0.822705 0.542016
-0.62249 0.013891 0.782505
0.033524 0.486345 0.873124
-0.516019 0.729313 0.449252
-0.439955 0.415402 0.796166
