158
-0.252754 -0.531095 0.808736
-0.806539 0.585408 0.082422
0.218148 0.867355 0.447333
0.313424 0.595182 0.739949
0.853505 0.394989 0.339871
-0.117522 0.187878 0.975136
0.944616 0.327632 0.018914
0.470012 0.833315 -0.290988
0.277853 0.957589 0.076296
0.940904 0.261295 0.215466
-0.000924 -0.000817 0.999999
-0.298026 0.690181 0.659417
-0.388306 0.868019 0.309452
-0.684747 -0.19266 0.702854
0.155333 -0.981357 -0.113185
0.413987 0.792797 0.447311
-0.436975 -0.514948 0.737483
-0.976906 -0.176853 0.119911
0.268552 0.254988 0.928903
0.16319 0.481001 0.861398
0.733947 -0.337684 0.589314
0.983263 -0.092746 0.156818
0.369972 0.889337 0.268703
-0.069905 -0.994773 -0.074435
-0.665743 0.745805 0.023694
-0.245299 0.545691 0.80128
-0.882072 0.324197 0.341827
0.852847 -0.324664 0.408957
-0.317661 0.186773 0.929627
-0.989949 -0.114169 -0.083466
0.816987 -0.162753 0.553213
-0.813325 -0.216412 0.540063
-0.342981 0.800692 0.491179
0.865636 0.495715 -0.070296
0.167465 -0.49951 0.849968
0.34489 -0.929484 -0.13081
0.272308 -0.960104 0.063629
-0.520179 -0.706603 0.479714
-0.213633 0.000177 0.976914
0.627789 -0.507817 0.589918
-0.372879 -0.673953 0.637768
-0.374923 0.370297 0.84989
0.457598 -0.585947 0.668783
-0.997963 0.039665 0.049962
-0.212547 -0.781376 0.58675
-0.891559 0.449139 -0.058276
0.639926 0.322155 0.697647
-0.576142 -0.552975 0.601896
0.837791 -0.484994 0.250774
-0.724141 -0.677824 0.127177
-0.041141 -0.519377 0.853554
0.865653 0.473963 0.161258
-0.505957 0.173789 0.84487
-0.088119 -0.184771 0.978823
-0.821498 0.180463 0.540901
-0.612447 0.506762 0.606713
-0.881564 -0.036833 0.470625
0.546566 -0.060537 0.835225
0.367904 -0.456616 0.81003
0.063013 0.793863 0.604823
0.270372 -0.638645 0.720439
-0.806298 0.519506 0.282837
0.04659 -0.344591 0.937596
-0.700481 -0.560026 0.442377
-0.264186 -0.9212 0.285651
-0.199432 0.916178 0.347627
0.71886 0.6497 0.247244
0.576695 -0.662607 0.477885
-0.827945 -0.386085 0.40675
-0.168909 -0.979611 0.108771
-0.638695 -0.765879 -0.074145
-0.41738 -0.006518 0.908709
-0.06018 0.994692 -0.083462
0.297761 -0.863372 0.407342
0.49685 -0.793155 0.3522
0.652719 -0.204584 0.729454
-0.437731 0.53491 0.722677
0.55253 0.790226 0.265052
-0.596266 0.785039 -0.167869
-0.709788 0.322391 0.62631
-0.603996 -0.020932 0.796712
-0.637195 -0.706434 0.308111
0.112462 0.654566 0.747594
0.729792 -0.024583 0.683227
0.07013 -0.666156 0.742508
0.767032 0.167764 0.619287
-0.140577 -0.668778 0.730051
0.780851 0.621899 0.059278
-0.774847 0.42082 0.471722
0.196686 -0.784697 0.587848
-0.126187 -0.891141 0.435826
-0.503128 -0.191715 0.842679
0.767207 -0.630731 0.116498
-0.035487 -0.963117 0.266732
0.393295 -0.894153 0.214031
-0.542674 0.750684 0.3768
0.93074 -0.295091 0.215975
-0.299616 -0.183241 0.936297
-0.917868 0.132833 0.373998
-0.572554 -0.360717 0.736251
0.617311 0.121945 0.777211
0.268154 0.747627 0.607575
0.011607 0.898235 0.439363
0.462253 -0.256957 0.848702
0.17567 0.948302 0.264316
0.08995 0.182888 0.97901
0.967538 -0.252177 0.01666
-0.179007 0.375241 0.909478
-0.906879 0.397062 0.141113
-0.171698 -0.36345 0.915655
0.135757 -0.15684 0.978249
0.765071 0.359614 0.534175
-0.798888 -0.540537 0.263812
0.226273 0.037008 0.973361
-0.711169 -0.390656 0.584488
-0.026155 0.96582 0.257892
0.088241 -0.896091 0.435011
-0.590762 -0.679935 -0.434384
-0.490781 0.667341 0.56017
-0.675969 0.152128 0.721057
-0.48061 0.876608 -0.023947
0.748669 -0.505391 0.429038
0.484895 0.269345 0.832064
-0.044033 0.540001 0.840512
0.181491 -0.950001 0.254083
-0.350921 -0.820181 0.451837
-0.916888 -0.201237 0.344704
-0.149237 0.824125 0.546394
0.392828 -0.739778 0.546273
0.468937 0.879753 0.078309
0.418583 0.092743 0.903431
0.344878 0.413231 0.842793
-0.689157 0.687019 0.230363
-0.963728 0.195779 0.181378
0.350739 -0.113419 0.92958
0.866307 0.022455 0.499007
-0.540377 0.824266 0.16905
0.630635 0.517363 0.578476
0.911165 0.354988 -0.209194
0.923225 -0.1332 0.360436
-0.006505 -0.800064 0.59988
-0.097897 0.697088 0.710271
0.259643 -0.311566 0.914064
-0.376913 -0.35548 0.855319
0.687889 -0.659837 0.302366
-0.672366 0.601886 0.43088
0.953345 0.06394 0.295035
0.462328 0.652029 0.600925
-0.379032 -0.918708 0.110956
0.555651 -0.389753 0.734401
0.029256 0.36043 0.932327
0.740439 0.537714 0.403253
-0.55324 0.353237 0.754419
-0.967704 -0.022166 0.251111
-0.567151 -0.815715 0.113794
0.498368 0.475329 0.725046
0.878714 0.210417 0.428469
-0.769333 -0.011658 0.638741
