755
-0.999427 0 -0.0338575
-0.996396 0 0.0848249
-0.991687 -0.128601 0.00441135
-0.991687 0.128601 0.00441135
-0.986074 0 -0.16631
-0.985744 -0.120483 0.117442
-0.985744 0.120483 0.117442
-0.983074 -0.135762 -0.123022
-0.983074 0.135762 -0.123022
-0.982247 0 0.187592
-0.968316 -0.246495 0.0400456
-0.968316 0.246495 0.0400456
-0.967245 -0.089718 0.237462
-0.967245 0.089718 0.237462
-0.962135 -0.260514 -0.0801779
-0.962135 0.260514 -0.0801779
-0.961451 -0.221657 0.162728
-0.961451 0.221657 0.162728
-0.955117 -0.141062 -0.260486
-0.955117 0.141062 -0.260486
-0.951711 0 -0.306995
-0.946597 0 0.32242
-0.938962 -0.271525 -0.211245
-0.938962 0.271525 -0.211245
-0.937313 -0.191168 0.291376
-0.937313 0.191168 0.291376
-0.93151 -0.354769 0.0801779
-0.93151 0.354769 0.0801779
-0.928271 -0.369743 -0.0400456
-0.928271 0.369743 -0.0400456
-0.919666 -0.0930564 0.381517
-0.919666 0.0930564 0.381517
-0.919235 -0.33224 0.211245
-0.919235 0.33224 0.211245
-0.908117 -0.385802 -0.162728
-0.908117 0.385802 -0.162728
-0.905039 -0.143642 -0.400339
-0.905039 0.143642 -0.400339
-0.895768 -0.277931 -0.34692
-0.895768 0.277931 -0.34692
-0.894427 0 -0.447214
-0.888225 0 0.459409
-0.888225 0 0.459409
-0.888055 -0.301669 0.34692
-0.888055 0.301669 0.34692
-0.877881 -0.478859 -0.00441135
-0.877881 0.478859 -0.00441135
-0.875123 0.196477 0.442218
-0.875123 0.468002 0.123022
-0.875123 -0.468002 0.123022
-0.875123 -0.196477 0.442218
-0.870667 -0.396281 -0.291376
-0.870667 0.396281 -0.291376
-0.868302 -0.481933 -0.117442
-0.868302 0.481933 -0.117442
-0.85562 0.447282 0.260486
-0.85562 -0.447282 0.260486
-0.846864 -0.0942548 0.523391
-0.846864 0.0942548 0.523391
-0.835252 -0.495949 -0.237462
-0.835252 0.495949 -0.237462
-0.835122 -0.228243 -0.500475
-0.835122 0.228243 -0.500475
-0.829522 -0.0887754 -0.551372
-0.829522 0.0887754 -0.551372
-0.823476 -0.355431 -0.442218
-0.823476 0.355431 -0.442218
-0.816623 -0.41576 0.400339
-0.816623 0.41576 0.400339
-0.809786 0.30622 0.500475
-0.809786 -0.30622 0.500475
-0.808553 -0.587448 0.0338575
-0.808553 0.587448 0.0338575
-0.808134 0 0.588999
-0.806101 -0.585667 -0.0848249
-0.806101 0.585667 -0.0848249
-0.798722 -0.465282 -0.381517
-0.798722 0.465282 -0.381517
-0.79775 0.5796 0.16631
-0.79775 -0.5796 0.16631
-0.794654 -0.57735 -0.187592
-0.794654 0.57735 -0.187592
-0.786899 0.196477 0.584967
-0.786899 -0.196477 0.584967
-0.769951 0.559402 0.306995
-0.769951 -0.559402 0.306995
-0.765813 -0.556396 -0.32242
-0.765813 0.556396 -0.32242
-0.760962 0 -0.648797
-0.752526 -0.0930564 0.651955
-0.752526 0.0930564 0.651955
-0.752101 -0.303574 -0.584967
-0.752101 0.303574 -0.584967
-0.749652 -0.171771 -0.639154
-0.749652 0.171771 -0.639154
-0.740529 -0.42152 -0.523391
-0.740529 0.42152 -0.523391
-0.729783 -0.641116 -0.237462
-0.729783 0.641116 -0.237462
-0.726702 0.686939 -0.00441135
-0.726702 -0.686939 -0.00441135
-0.726665 -0.676879 -0.117442
-0.726665 0.676879 -0.117442
-0.723607 0.525731 0.447214
-0.723607 -0.525731 0.447214
-0.723279 0.41576 0.551372
-0.723279 -0.41576 0.551372
-0.718589 -0.522086 -0.459409
-0.718589 0.522086 -0.459409
-0.715524 0.68767 0.123022
-0.715524 -0.68767 0.123022
-0.711712 0 0.702471
-0.707445 -0.301669 0.639154
-0.707445 0.301669 0.639154
-0.689792 -0.675525 0.260486
-0.689792 0.675525 0.260486
-0.689328 -0.61585 -0.381517
-0.689328 0.61585 -0.381517
-0.680726 -0.0839058 -0.727717
-0.680726 0.0839058 -0.727717
-0.679794 0.191168 0.70805
-0.679794 -0.191168 0.70805
-0.663504 -0.36704 -0.651955
-0.663504 0.36704 -0.651955
-0.66233 -0.244915 -0.70805
-0.66233 0.244915 -0.70805
-0.653794 -0.475009 -0.588999
-0.653794 0.475009 -0.588999
-0.647762 0.648177 0.400339
-0.647762 -0.648177 0.400339
-0.647543 -0.744451 -0.162728
-0.647543 0.744451 -0.162728
-0.645936 -0.705596 -0.291376
-0.645936 0.705596 -0.291376
-0.644958 -0.089718 0.758934
-0.644958 0.089718 0.758934
-0.638498 -0.768581 -0.0400456
-0.638498 0.768581 -0.0400456
-0.629726 -0.574028 -0.523391
-0.629726 0.574028 -0.523391
-0.625257 -0.776289 0.0801779
-0.625257 0.776289 0.0801779
-0.618917 0.559402 0.551372
-0.618917 -0.559402 0.551372
-0.615631 0.447282 0.648797
-0.615631 -0.447282 0.648797
-0.607062 0 0.794654
-0.603569 0 -0.797311
-0.600038 0.771576 0.211245
-0.600038 -0.771576 0.211245
-0.600038 -0.33224 0.727717
-0.600038 0.33224 0.727717
-0.595894 -0.158959 -0.787173
-0.595894 0.158959 -0.787173
-0.592503 -0.673338 -0.442218
-0.592503 0.673338 -0.442218
-0.575787 -0.418334 -0.702471
-0.575787 0.418334 -0.702471
-0.575522 0.221657 0.787173
-0.575522 -0.221657 0.787173
-0.574517 -0.306513 -0.758934
-0.574517 0.306513 -0.758934
-0.561328 -0.75137 0.34692
-0.561328 0.75137 0.34692
-0.554109 -0.517608 -0.651955
-0.554109 0.517608 -0.651955
-0.548391 -0.8091 -0.211245
-0.548391 0.8091 -0.211245
-0.545882 -0.120483 0.829154
-0.545882 0.120483 0.829154
-0.54508 -0.834542 -0.0801779
-0.54508 0.834542 -0.0801779
-0.54147 0.675525 0.500475
-0.54147 -0.675525 0.500475
-0.541135 -0.766041 -0.34692
-0.541135 0.766041 -0.34692
-0.533657 -0.844752 0.0400456
-0.533657 0.844752 0.0400456
-0.524204 -0.0761713 -0.848179
-0.524204 0.0761713 -0.848179
-0.521471 0 0.853269
-0.521128 -0.621481 -0.584967
-0.521128 0.621481 -0.584967
-0.512446 -0.223388 -0.829154
-0.512446 0.223388 -0.829154
-0.507913 -0.845898 0.162728
-0.507913 0.845898 0.162728
-0.505517 -0.5796 0.639154
-0.505517 0.5796 0.639154
-0.501401 -0.468002 0.727717
-0.501401 0.468002 0.727717
-0.491123 -0.356822 -0.794654
-0.491123 0.356822 -0.794654
-0.488297 -0.354769 0.797311
-0.488297 0.354769 0.797311
-0.475139 -0.723718 -0.500475
-0.475139 0.723718 -0.500475
-0.471457 -0.832363 0.291376
-0.471457 0.832363 0.291376
-0.469047 -0.45168 -0.758934
-0.469047 0.45168 -0.758934
-0.468862 -0.246495 0.848179
-0.468862 0.246495 0.848179
-0.457289 0.771576 0.442218
-0.457289 -0.771576 0.442218
-0.447441 -0.128601 0.885019
-0.447441 0.128601 0.885019
-0.443213 0 -0.896416
-0.437599 -0.554231 -0.70805
-0.437599 0.554231 -0.70805
-0.437577 -0.158959 -0.885019
-0.437577 0.158959 -0.885019
-0.432904 -0.893006 -0.123022
-0.432904 0.893006 -0.123022
-0.430026 -0.68767 0.584967
-0.430026 0.68767 0.584967
-0.429305 -0.86478 -0.260486
-0.429305 0.86478 -0.260486
-0.428755 -0.90341 0.00441135
-0.428755 0.90341 0.00441135
-0.421879 -0.306513 -0.853269
-0.421879 0.306513 -0.853269
-0.419198 -0.900267 0.117442
-0.419198 0.900267 0.117442
-0.416674 0 0.909056
-0.416284 -0.816356 -0.400339
-0.416284 0.816356 -0.400339
-0.395019 -0.659881 -0.639154
-0.395019 0.659881 -0.639154
-0.391879 0.587448 0.70805
-0.391879 -0.587448 0.70805
-0.388655 0.478859 0.787173
-0.388655 -0.478859 0.787173
-0.384222 0.89218 0.237462
-0.384222 -0.89218 0.237462
-0.379317 -0.369743 0.848179
-0.379317 0.369743 0.848179
-0.372694 -0.845898 0.381517
-0.372694 0.845898 0.381517
-0.370809 -0.418334 -0.829154
-0.370809 0.418334 -0.829154
-0.358567 -0.260514 0.896416
-0.358567 0.260514 0.896416
-0.351337 0.776289 0.523391
-0.351337 -0.776289 0.523391
-0.346459 -0.0839058 -0.934305
-0.346459 0.0839058 -0.934305
-0.340767 -0.76149 -0.551372
-0.340767 0.76149 -0.551372
-0.337096 -0.244915 -0.909056
-0.337096 0.244915 -0.909056
-0.335321 -0.517608 -0.787173
-0.335321 0.517608 -0.787173
-0.32961 -0.135762 0.934305
-0.32961 0.135762 0.934305
-0.321045 -0.686939 0.651955
-0.321045 0.686939 0.651955
-0.30884 -0.950511 -0.0338575
-0.30884 0.950511 -0.0338575
-0.307903 -0.947629 0.0848249
-0.307903 0.947629 0.0848249
-0.304713 -0.937812 -0.16631
-0.304713 0.937812 -0.16631
-0.303531 -0.934172 0.187592
-0.303531 0.934172 0.187592
-0.294095 -0.905131 -0.306995
-0.294095 0.905131 -0.306995
-0.292514 -0.900267 0.32242
-0.292514 0.900267 0.32242
-0.292234 0 0.956347
-0.290155 -0.621481 -0.727717
-0.290155 0.621481 -0.727717
-0.286398 -0.36704 -0.885019
-0.286398 0.36704 -0.885019
-0.28463 0.585667 0.758934
-0.28463 -0.585667 0.758934
-0.283273 -0.481933 0.829154
-0.283273 0.481933 0.829154
-0.276393 -0.850651 -0.447214
-0.276393 0.850651 -0.447214
-0.274477 -0.844752 0.459409
-0.274477 0.844752 0.459409
-0.260574 -0.385802 0.885019
-0.260574 0.385802 0.885019
-0.249727 -0.768581 0.588999
-0.249727 0.768581 0.588999
-0.239989 0 -0.970776
-0.236422 -0.171771 -0.956347
-0.236422 0.171771 -0.956347
-0.23515 -0.723718 -0.648797
-0.23515 0.723718 -0.648797
-0.234431 -0.475009 -0.848179
-0.234431 -0.475009 -0.848179
-0.234431 0.475009 -0.848179
-0.230973 -0.271525 0.934305
-0.230973 0.271525 0.934305
-0.219931 -0.676879 0.702471
-0.219931 0.676879 0.702471
-0.213568 -0.947629 0.237462
-0.213568 0.947629 0.237462
-0.195691 -0.90341 0.381517
-0.195691 0.90341 0.381517
-0.194155 -0.141062 0.970776
-0.194155 0.141062 0.970776
-0.190025 -0.97473 0.117442
-0.190025 0.97473 0.117442
-0.187592 -0.57735 0.794654
-0.187592 0.57735 0.794654
-0.186861 -0.303574 -0.934305
-0.186861 0.303574 -0.934305
-0.186513 -0.574028 -0.797311
-0.186513 0.574028 -0.797311
-0.184141 -0.98289 0.00441135
-0.184141 0.98289 0.00441135
-0.174669 -0.976912 -0.123022
-0.174669 0.976912 -0.123022
-0.172054 -0.834542 0.523391
-0.172054 0.834542 0.523391
-0.171906 -0.816356 -0.551372
-0.171906 0.816356 -0.551372
-0.161144 -0.495949 0.853269
-0.161144 0.495949 0.853269
-0.160989 -0.951961 -0.260486
-0.160989 0.951961 -0.260486
-0.151034 0 0.988529
-0.144042 -0.744451 0.651955
-0.144042 0.744451 0.651955
-0.143061 -0.905131 -0.400339
-0.143061 0.905131 -0.400339
-0.13696 -0.42152 -0.896416
-0.13696 0.42152 -0.896416
-0.130557 -0.673338 -0.727717
-0.130557 0.673338 -0.727717
-0.128759 -0.396281 0.909056
-0.128759 0.396281 0.909056
-0.122189 -0.0887754 -0.988529
-0.122189 0.0887754 -0.988529
-0.113976 -0.641116 0.758934
-0.113976 0.641116 0.758934
-0.107834 -0.950511 0.291376
-0.107834 0.950511 0.291376
-0.0903052 -0.277931 0.956347
-0.0903052 0.277931 0.956347
-0.0895447 -0.522086 -0.848179
-0.0895447 0.522086 -0.848179
-0.0862962 -0.98289 0.162728
-0.0862962 0.98289 0.162728
-0.0835668 -0.893006 0.442218
-0.0835668 0.893006 0.442218
-0.0741607 -0.228243 -0.970776
-0.0741607 0.228243 -0.970776
-0.0682915 -0.766041 -0.639154
-0.0682915 0.766041 -0.639154
-0.0647951 -0.997095 0.0400456
-0.0647951 0.997095 0.0400456
-0.0563041 -0.8091 0.584967
-0.0563041 0.8091 0.584967
-0.0541003 -0.556396 0.829154
-0.0541003 0.556396 0.829154
-0.0495527 -0.995548 -0.0801779
-0.0495527 0.995548 -0.0801779
-0.046672 -0.143642 0.988529
-0.046672 0.143642 0.988529
-0.040995 -0.86478 -0.500475
-0.040995 0.86478 -0.500475
-0.0329622 -0.61585 -0.787173
-0.0329622 0.61585 -0.787173
-0.0319197 -0.976912 -0.211245
-0.0319197 0.976912 -0.211245
-0.0282566 -0.705596 0.70805
-0.0282566 0.705596 0.70805
-0.0272627 -0.355431 -0.934305
-0.0272627 0.355431 -0.934305
-0.0159604 -0.465282 0.885019
-0.0159604 0.465282 0.885019
-0.0124799 -0.937812 -0.34692
-0.0124799 0.937812 -0.34692
0 0 -1
0 0 1
0.0124799 -0.937812 0.34692
0.0124799 0.937812 0.34692
0.0159604 -0.465282 -0.885019
0.0159604 0.465282 -0.885019
0.0272627 -0.355431 0.934305
0.0272627 0.355431 0.934305
0.0282566 -0.705596 -0.70805
0.0282566 0.705596 -0.70805
0.0319197 -0.976912 0.211245
0.0319197 0.976912 0.211245
0.0329622 -0.61585 0.787173
0.0329622 0.61585 0.787173
0.040995 -0.86478 0.500475
0.040995 0.86478 0.500475
0.046672 -0.143642 -0.988529
0.046672 0.143642 -0.988529
0.0495527 -0.995548 0.0801779
0.0495527 0.995548 0.0801779
0.0541003 -0.556396 -0.829154
0.0541003 0.556396 -0.829154
0.0563041 -0.8091 -0.584967
0.0563041 0.8091 -0.584967
0.0647951 -0.997095 -0.0400456
0.0647951 0.997095 -0.0400456
0.0682915 -0.766041 0.639154
0.0682915 0.766041 0.639154
0.0741607 -0.228243 0.970776
0.0741607 0.228243 0.970776
0.0835668 -0.893006 -0.442218
0.0835668 0.893006 -0.442218
0.0862962 -0.98289 -0.162728
0.0862962 0.98289 -0.162728
0.0895447 -0.522086 0.848179
0.0895447 0.522086 0.848179
0.0903052 -0.277931 -0.956347
0.0903052 0.277931 -0.956347
0.107834 -0.950511 -0.291376
0.107834 0.950511 -0.291376
0.113976 -0.641116 -0.758934
0.113976 0.641116 -0.758934
0.122189 -0.0887754 0.988529
0.122189 0.0887754 0.988529
0.128759 -0.396281 -0.909056
0.128759 0.396281 -0.909056
0.130557 -0.673338 0.727717
0.130557 0.673338 0.727717
0.13696 -0.42152 0.896416
0.13696 0.42152 0.896416
0.143061 -0.905131 0.400339
0.143061 0.905131 0.400339
0.144042 -0.744451 -0.651955
0.144042 0.744451 -0.651955
0.151034 0 -0.988529
0.160989 -0.951961 0.260486
0.160989 0.951961 0.260486
0.161144 -0.495949 -0.853269
0.161144 0.495949 -0.853269
0.171906 -0.816356 0.551372
0.171906 0.816356 0.551372
0.172054 -0.834542 -0.523391
0.172054 0.834542 -0.523391
0.174669 -0.976912 0.123022
0.174669 0.976912 0.123022
0.184141 -0.98289 -0.00441135
0.184141 0.98289 -0.00441135
0.186513 -0.574028 0.797311
0.186513 0.574028 0.797311
0.186861 -0.303574 0.934305
0.186861 0.303574 0.934305
0.187592 -0.57735 -0.794654
0.187592 0.57735 -0.794654
0.190025 -0.97473 -0.117442
0.190025 0.97473 -0.117442
0.194155 -0.141062 -0.970776
0.194155 0.141062 -0.970776
0.195691 -0.90341 -0.381517
0.195691 0.90341 -0.381517
0.213568 -0.947629 -0.237462
0.213568 0.947629 -0.237462
0.219931 -0.676879 -0.702471
0.219931 0.676879 -0.702471
0.230973 -0.271525 -0.934305
0.230973 0.271525 -0.934305
0.234431 -0.475009 0.848179
0.234431 0.475009 0.848179
0.23515 -0.723718 0.648797
0.23515 0.723718 0.648797
0.236422 -0.171771 0.956347
0.236422 0.171771 0.956347
0.239989 0 0.970776
0.249727 -0.768581 -0.588999
0.249727 0.768581 -0.588999
0.260574 -0.385802 -0.885019
0.260574 0.385802 -0.885019
0.274477 -0.844752 -0.459409
0.274477 0.844752 -0.459409
0.276393 -0.850651 0.447214
0.276393 0.850651 0.447214
0.283273 -0.481933 -0.829154
0.283273 0.481933 -0.829154
0.28463 -0.585667 -0.758934
0.28463 0.585667 -0.758934
0.286398 -0.36704 0.885019
0.286398 0.36704 0.885019
0.290155 -0.621481 0.727717
0.290155 0.621481 0.727717
0.292234 0 -0.956347
0.292514 -0.900267 -0.32242
0.292514 0.900267 -0.32242
0.294095 -0.905131 0.306995
0.294095 0.905131 0.306995
0.303531 -0.934172 -0.187592
0.303531 0.934172 -0.187592
0.304713 -0.937812 0.16631
0.304713 0.937812 0.16631
0.307903 -0.947629 -0.0848249
0.307903 0.947629 -0.0848249
0.30884 -0.950511 0.0338575
0.30884 0.950511 0.0338575
0.321045 -0.686939 -0.651955
0.321045 0.686939 -0.651955
0.32961 -0.135762 -0.934305
0.32961 0.135762 -0.934305
0.335321 -0.517608 0.787173
0.335321 0.517608 0.787173
0.337096 -0.244915 0.909056
0.337096 0.244915 0.909056
0.340767 -0.76149 0.551372
0.340767 0.76149 0.551372
0.346459 -0.0839058 0.934305
0.346459 0.0839058 0.934305
0.351337 -0.776289 -0.523391
0.351337 0.776289 -0.523391
0.358567 -0.260514 -0.896416
0.358567 0.260514 -0.896416
0.370809 -0.418334 0.829154
0.370809 0.418334 0.829154
0.372694 -0.845898 -0.381517
0.372694 0.845898 -0.381517
0.379317 -0.369743 -0.848179
0.379317 0.369743 -0.848179
0.384222 -0.89218 -0.237462
0.384222 0.89218 -0.237462
0.388655 -0.478859 -0.787173
0.388655 0.478859 -0.787173
0.391879 -0.587448 -0.70805
0.391879 0.587448 -0.70805
0.395019 -0.659881 0.639154
0.395019 0.659881 0.639154
0.416284 -0.816356 0.400339
0.416284 0.816356 0.400339
0.416674 0 -0.909056
0.419198 -0.900267 -0.117442
0.419198 0.900267 -0.117442
0.421879 -0.306513 0.853269
0.421879 0.306513 0.853269
0.428755 -0.90341 -0.00441135
0.428755 0.90341 -0.00441135
0.429305 -0.86478 0.260486
0.429305 0.86478 0.260486
0.430026 -0.68767 -0.584967
0.430026 0.68767 -0.584967
0.432904 -0.893006 0.123022
0.432904 0.893006 0.123022
0.437577 -0.158959 0.885019
0.437577 0.158959 0.885019
0.437599 -0.554231 0.70805
0.437599 0.554231 0.70805
0.443213 0 0.896416
0.447441 -0.128601 -0.885019
0.447441 0.128601 -0.885019
0.457289 -0.771576 -0.442218
0.457289 0.771576 -0.442218
0.468862 -0.246495 -0.848179
0.468862 0.246495 -0.848179
0.469047 -0.45168 0.758934
0.469047 0.45168 0.758934
0.471457 -0.832363 -0.291376
0.471457 0.832363 -0.291376
0.475139 -0.723718 0.500475
0.475139 0.723718 0.500475
0.488297 -0.354769 -0.797311
0.488297 0.354769 -0.797311
0.491123 -0.356822 0.794654
0.491123 0.356822 0.794654
0.501401 -0.468002 -0.727717
0.501401 0.468002 -0.727717
0.505517 -0.5796 -0.639154
0.505517 0.5796 -0.639154
0.507913 -0.845898 -0.162728
0.507913 0.845898 -0.162728
0.512446 -0.223388 0.829154
0.512446 0.223388 0.829154
0.521128 -0.621481 0.584967
0.521128 0.621481 0.584967
0.521471 0 -0.853269
0.524204 -0.0761713 0.848179
0.524204 0.0761713 0.848179
0.533657 -0.844752 -0.0400456
0.533657 0.844752 -0.0400456
0.541135 -0.766041 0.34692
0.541135 0.766041 0.34692
0.54147 -0.675525 -0.500475
0.54147 0.675525 -0.500475
0.54508 -0.834542 0.0801779
0.54508 0.834542 0.0801779
0.545882 -0.120483 -0.829154
0.545882 0.120483 -0.829154
0.548391 -0.8091 0.211245
0.548391 0.8091 0.211245
0.554109 -0.517608 0.651955
0.554109 0.517608 0.651955
0.561328 -0.75137 -0.34692
0.561328 0.75137 -0.34692
0.574517 -0.306513 0.758934
0.574517 0.306513 0.758934
0.575522 -0.221657 -0.787173
0.575522 0.221657 -0.787173
0.575787 -0.418334 0.702471
0.575787 0.418334 0.702471
0.592503 -0.673338 0.442218
0.592503 0.673338 0.442218
0.595894 -0.158959 0.787173
0.595894 0.158959 0.787173
0.600038 -0.771576 -0.211245
0.600038 -0.33224 -0.727717
0.600038 0.33224 -0.727717
0.600038 0.771576 -0.211245
0.603569 0 0.797311
0.607062 0 -0.794654
0.615631 -0.447282 -0.648797
0.615631 0.447282 -0.648797
0.618917 -0.559402 -0.551372
0.618917 0.559402 -0.551372
0.625257 -0.776289 -0.0801779
0.625257 0.776289 -0.0801779
0.629726 -0.574028 0.523391
0.629726 0.574028 0.523391
0.638498 -0.768581 0.0400456
0.638498 0.768581 0.0400456
0.644958 -0.089718 -0.758934
0.644958 0.089718 -0.758934
0.645936 -0.705596 0.291376
0.645936 0.705596 0.291376
0.647543 -0.744451 0.162728
0.647543 0.744451 0.162728
0.647762 -0.648177 -0.400339
0.647762 0.648177 -0.400339
0.653794 -0.475009 0.588999
0.653794 0.475009 0.588999
0.66233 -0.244915 0.70805
0.66233 0.244915 0.70805
0.663504 -0.36704 0.651955
0.663504 0.36704 0.651955
0.679794 -0.191168 -0.70805
0.679794 0.191168 -0.70805
0.680726 -0.0839058 0.727717
0.680726 0.0839058 0.727717
0.689328 -0.61585 0.381517
0.689328 0.61585 0.381517
0.689792 -0.675525 -0.260486
0.689792 0.675525 -0.260486
0.707445 -0.301669 -0.639154
0.707445 0.301669 -0.639154
0.711712 0 -0.702471
0.715524 -0.68767 -0.123022
0.715524 0.68767 -0.123022
0.718589 -0.522086 0.459409
0.718589 0.522086 0.459409
0.723279 -0.41576 -0.551372
0.723279 0.41576 -0.551372
0.723607 -0.525731 -0.447214
0.723607 0.525731 -0.447214
0.726665 -0.676879 0.117442
0.726665 0.676879 0.117442
0.726702 -0.686939 0.00441135
0.726702 0.686939 0.00441135
0.729783 -0.641116 0.237462
0.729783 0.641116 0.237462
0.740529 -0.42152 0.523391
0.740529 0.42152 0.523391
0.749652 -0.171771 0.639154
0.749652 0.171771 0.639154
0.752101 -0.303574 0.584967
0.752101 0.303574 0.584967
0.752526 -0.0930564 -0.651955
0.752526 0.0930564 -0.651955
0.760962 0 0.648797
0.765813 -0.556396 0.32242
0.765813 0.556396 0.32242
0.769951 -0.559402 -0.306995
0.769951 0.559402 -0.306995
0.786899 -0.196477 -0.584967
0.786899 0.196477 -0.584967
0.794654 -0.57735 0.187592
0.794654 0.57735 0.187592
0.79775 0.5796 -0.16631
0.79775 -0.5796 -0.16631
0.798722 -0.465282 0.381517
0.798722 0.465282 0.381517
0.806101 -0.585667 0.0848249
0.806101 0.585667 0.0848249
0.808134 0 -0.588999
0.808553 0.587448 -0.0338575
0.808553 -0.587448 -0.0338575
0.809786 -0.30622 -0.500475
0.809786 0.30622 -0.500475
0.816623 -0.41576 -0.400339
0.816623 0.41576 -0.400339
0.823476 -0.355431 0.442218
0.823476 0.355431 0.442218
0.829522 -0.0887754 0.551372
0.829522 0.0887754 0.551372
0.835122 -0.228243 0.500475
0.835122 0.228243 0.500475
0.835252 -0.495949 0.237462
0.835252 0.495949 0.237462
0.846864 -0.0942548 -0.523391
0.846864 0.0942548 -0.523391
0.85562 -0.447282 -0.260486
0.85562 0.447282 -0.260486
0.868302 -0.481933 0.117442
0.868302 0.481933 0.117442
0.870667 -0.396281 0.291376
0.870667 0.396281 0.291376
0.875123 -0.468002 -0.123022
0.875123 -0.196477 -0.442218
0.875123 0.196477 -0.442218
0.875123 0.468002 -0.123022
0.877881 -0.478859 0.00441135
0.877881 0.478859 0.00441135
0.888055 -0.301669 -0.34692
0.888055 0.301669 -0.34692
0.888225 0 -0.459409
0.888225 0 -0.459409
0.894427 0 0.447214
0.895768 -0.277931 0.34692
0.895768 0.277931 0.34692
0.905039 -0.143642 0.400339
0.905039 0.143642 0.400339
0.908117 -0.385802 0.162728
0.908117 0.385802 0.162728
0.919235 -0.33224 -0.211245
0.919235 0.33224 -0.211245
0.919666 -0.0930564 -0.381517
0.919666 0.0930564 -0.381517
0.928271 -0.369743 0.0400456
0.928271 0.369743 0.0400456
0.93151 0.354769 -0.0801779
0.93151 -0.354769 -0.0801779
0.937313 -0.191168 -0.291376
0.937313 0.191168 -0.291376
0.938962 -0.271525 0.211245
0.938962 0.271525 0.211245
0.946597 0 -0.32242
0.951711 0 0.306995
0.955117 -0.141062 0.260486
0.955117 0.141062 0.260486
0.961451 -0.221657 -0.162728
0.961451 0.221657 -0.162728
0.962135 -0.260514 0.0801779
0.962135 0.260514 0.0801779
0.967245 -0.089718 -0.237462
0.967245 0.089718 -0.237462
0.968316 -0.246495 -0.0400456
0.968316 0.246495 -0.0400456
0.982247 0 -0.187592
0.983074 -0.135762 0.123022
0.983074 0.135762 0.123022
0.985744 -0.120483 -0.117442
0.985744 0.120483 -0.117442
0.986074 0 0.16631
0.991687 -0.128601 -0.00441135
0.991687 0.128601 -0.00441135
0.996396 0 -0.0848249
0.999427 0 0.0338575
