226
-0.910529 0.315722 0.266941
0.817323 0.067902 0.572165
0.899935 0.288836 -0.326635
-0.311793 -0.651175 0.691922
0.659538 0.360083 0.65981
-0.513389 -0.803579 0.301151
-0.965788 0.154532 0.208264
-0.615724 -0.420749 0.666224
-0.217641 0.237139 0.946783
-0.492358 0.833033 0.252269
-0.059794 -0.356941 0.932211
0.015485 0.779314 0.626442
0.980939 -0.110785 0.159642
-0.827449 0.47007 0.307185
0.937998 -0.087303 0.335467
0.787906 -0.231124 0.570776
0.319988 0.925981 0.200418
-0.0847509 -0.911218 0.403111
-0.560582 -0.090943 0.82309
-0.040547 0.242517 0.969299
-0.139117 0.081585 -0.986909
0.357724 0.715541 0.600029
-0.615843 0.330305 0.715287
-0.656596 0.455112 0.60146
0.826061 -0.539656 0.162461
-0.901293 -0.136846 0.411028
0.907587 0.067938 0.414332
0.628657 -0.731704 0.263437
-0.753709 0.470209 0.459158
-0.962098 0.26284 -0.072681
-0.14897 -0.983689 0.100812
0.313493 -0.101188 0.944184
-0.041766 -0.066384 0.99692
0.491655 -0.673608 0.55184
-0.310149 -0.943164 0.119372
0.412223 0.585013 0.69845
0.116182 0.85997 0.496944
0.620962 0.212476 0.754493
0.524106 0.6324 0.570423
0.571665 -0.412818 0.70907
-0.32349 0.754311 0.571288
0.871935 0.480086 0.09616
-0.130801 0.090035 0.987312
0.483926 -0.708819 -0.513217
0.172378 -0.975145 0.139207
0.485186 0.854782 0.184237
-0.461962 -0.876664 0.134357
0.925873 0.211311 0.31322
0.292878 0.824112 0.484831
-0.84414 0.323378 0.427614
0.657068 0.51106 0.554147
0.960566 0.143459 -0.238185
0.947435 0.318165 0.033738
-0.698274 -0.113653 0.706751
-0.174511 -0.57984 0.795821
0.932735 -0.251706 0.258166
-0.724637 -0.671828 0.153453
-0.3473 0.509905 0.787007
0.46492 0.754502 0.463224
0.135128 0.22927 0.963938
-0.393833 -0.079548 0.915734
-0.650384 -0.69467 0.307303
0.308904 -0.55379 0.773237
0.814323 -0.580393 -0.004728
0.291237 -0.956649 0.001699
-0.998052 -0.025744 -0.05682
-0.237445 -0.969973 -0.052655
-0.022829 -0.970568 0.239742
0.54101 0.488606 0.684523
0.225954 0.060715 0.972244
-0.699691 -0.574305 0.424978
-0.310866 0.078741 0.947186
-0.560769 0.823028 0.090348
-0.605075 -0.257349 0.75343
-0.079938 0.668071 0.739791
-0.321827 0.89877 0.297723
0.364764 -0.781076 0.506821
0.950227 -0.295305 -0.099312
0.53418 -0.263684 0.803195
0.4781 -0.108902 0.871528
-0.399783 0.627542 0.668105
0.086428 0.660423 0.745903
0.69167 0.722174 0.007584
0.804412 -0.36969 0.465028
-0.121507 0.392684 0.911611
-0.781742 -0.565427 0.263004
-0.145944 -0.71434 0.684411
0.771951 0.623393 0.124392
-0.725292 0.676338 -0.128526
0.972674 0.186896 0.137748
-0.135044 -0.217194 0.966742
0.224613 -0.864994 0.448703
-0.49153 -0.39701 0.775101
0.990843 0.007115 -0.134832
0.401702 0.915058 0.036101
-0.456714 0.34763 0.818881
0.252042 0.632483 0.732421
0.396146 0.85343 0.338713
0.517749 0.358428 0.77683
0.380716 0.335667 0.861617
-0.444024 -0.683229 0.57969
-0.82578 0.171501 0.537285
-0.772858 0.029958 0.633872
-0.751348 0.318688 0.577853
-0.250838 -0.868801 0.426925
-0.5967 -0.56882 0.566033
0.22117 0.908348 0.354946
0.852919 0.368378 0.3699
-0.391054 0.215841 0.894701
0.401071 0.045991 0.914892
0.342458 0.48367 0.805472
-0.505717 0.471513 0.722444
-0.396924 0.908633 0.129758
0.986023 0.159799 -0.047156
0.463971 -0.556413 0.689301
-0.198251 -0.942805 0.267984
-0.721974 0.61162 0.323535
-0.558205 0.197788 0.805783
0.339143 -0.679071 0.651033
0.670848 -0.253309 0.696992
0.870863 0.434244 -0.23028
0.499307 -0.839003 0.216254
0.200016 -0.77831 0.59517
-0.181539 0.532289 0.826869
0.381987 -0.261539 0.886388
0.60081 0.785919 -0.146146
0.902584 -0.430279 0.014233
-0.547093 0.581259 0.602351
-0.96947 -0.051576 -0.239723
-0.812523 -0.128498 0.56859
0.948985 -0.011755 -0.315101
-0.201044 -0.420592 0.884694
-0.062984 -0.995777 -0.066794
0.048729 0.082607 0.99539
0.027487 -0.761389 0.647712
0.839094 -0.438822 0.321491
-0.336855 -0.513961 0.788906
-0.000684 -0.643329 0.76559
0.020604 -0.996207 0.084538
0.636167 0.753415 0.166307
0.903454 -0.38995 0.178071
-0.55795 -0.696886 0.450602
-0.649697 0.730676 0.20978
0.880436 -0.237156 0.410596
-0.909991 0.169014 0.378616
0.86167 -0.083575 0.50054
-0.825137 -0.285395 0.487543
-0.283841 -0.770988 0.570099
0.050414 0.39015 0.91937
-0.117261 -0.825107 0.552674
0.627069 -0.103965 0.771995
0.553997 0.832239 0.021604
-0.351885 -0.361669 0.86335
-0.042532 0.977646 0.205912
0.054904 -0.858392 0.510047
0.603153 -0.793115 0.084703
0.460772 -0.886817 0.035282
0.708772 0.645359 0.284875
-0.575653 0.731816 0.364787
0.749948 0.216956 0.624906
0.483335 -0.060884 -0.873316
0.75089 0.516882 0.411092
0.62551 0.648367 0.434002
0.164291 0.520781 0.837733
-0.40838 0.815016 0.411066
0.877167 -0.456738 -0.148216
0.353156 -0.921291 0.162798
-0.706672 0.184854 0.682967
-0.722925 -0.433415 0.538081
-0.725618 -0.276291 0.630192
0.914 0.349345 0.206305
0.144002 0.966085 0.214344
-0.80988 -0.435865 0.392576
-0.238219 0.855391 0.459954
-0.465 -0.228897 0.855208
0.698653 0.064143 0.71258
0.273309 -0.40803 0.871099
-0.291968 -0.225954 0.929354
0.306723 0.200413 0.93046
0.742142 -0.599507 0.299694
0.37567 -0.861386 0.341886
0.219293 0.370779 0.90246
0.642156 -0.047618 -0.765093
0.187911 0.759003 0.623381
-0.062254 0.870123 0.488887
-0.291779 0.37761 0.878792
0.62353 -0.653145 0.429664
0.823255 0.505831 0.257655
-0.779694 0.603253 0.167817
0.038875 0.933429 0.35665
-0.125712 0.990946 0.047145
-0.699464 0.713331 0.043699
0.562751 0.045584 0.825369
0.046994 -0.223275 0.973622
0.479367 0.192012 0.856352
0.767505 0.371914 0.522126
-0.156144 0.777469 0.60923
-0.41 -0.797021 0.443462
0.172726 -0.668295 0.723566
0.084241 -0.931859 0.352904
0.230513 -0.930939 0.283225
0.506666 -0.768191 0.391373
-0.029925 -0.507407 0.861187
0.218241 -0.247829 0.943902
-0.243203 0.656763 0.713803
0.754325 -0.08459 0.651029
0.698128 -0.396488 0.596166
-0.01031 0.536345 0.843936
-0.944987 -0.290904 0.149581
-0.643296 0.605713 0.468275
0.362282 0.886724 -0.287179
-0.876287 0.018111 0.481449
-0.474945 -0.549556 0.687325
-0.2211 -0.063503 0.973181
0.428775 -0.416484 0.801681
-0.991211 0.128809 0.030144
0.850427 0.222084 0.476921
-0.226859 0.958017 0.175324
0.893201 0.444044 -0.070834
-0.143873 0.930341 0.337292
0.142752 -0.537405 0.831154
0.604081 -0.544828 0.581592
0.725 -0.518934 0.45286
0.560112 0.764408 0.319304
-0.811466 -0.582297 0.049531
0.109279 -0.38782 0.915234
