0.08389 0.679719 0.728659
-0.393592 -0.296262 0.870238
-0.884556 0.40127 0.23779
0.317351 0.458094 0.830324
0.553494 -0.832507 0.024
0.062585 0.325464 0.943481
0.234055 -0.667268 0.707087
-0.441468 0.03897 0.89643
0.374411 0.92407 -0.076886
-0.102348 0.591165 0.80003
0.243328 0.703177 0.668082
0.899734 0.192371 0.391755
-0.038142 0.844955 0.533476
-0.663234 -0.154344 0.732324
-0.174023 0.976883 0.124157
0.808329 0.246573 0.534608
-0.967835 0.249634 -0.031274
-0.59152 -0.753847 0.286038
-0.557781 -0.048783 0.828553
-0.769609 -0.460791 0.44201
-0.9946 0.086843 -0.056831
-0.833831 0.210884 0.510151
0.151073 0.449656 0.880333
0.309603 -0.116486 0.943704
-0.57364 -0.691954 0.438335
0.918267 0.295798 0.263228
0.155366 0.187356 0.969927
-0.776463 0.379985 0.502709
0.067921 0.046907 0.996587
0.870774 -0.310833 -0.380966
0.123981 0.94246 0.31048
-0.811191 -0.567635 0.140566
0.403096 0.797234 0.449368
-0.9114 -0.206512 0.355954
-0.056956 -0.389113 0.919427
0.811261 -0.437895 0.387432
-0.969084 -0.108468 0.221612
0.468836 0.457199 0.755753
0.975642 -0.037448 0.216149
0.533141 0.827001 0.178409
0.399371 0.031077 0.916262
-0.2292 -0.353334 0.906985
-0.532229 -0.218526 0.817911
-0.166732 -0.498763 0.850551
0.50081 -0.787305 0.359639
-0.75441 -0.233382 0.613513
-0.333876 0.875717 0.348779
-0.600708 0.741483 0.298921
0.53266 0.769304 0.352768
-0.774691 -0.06586 0.628901
0.759706 -0.633318 0.147495
0.052825 -0.255298 0.965418
0.652767 -0.74671 0.127747
-0.913169 0.135636 0.384351
0.796339 -0.031523 0.604029
0.965687 0.237378 0.105354
-0.941194 0.321307 0.104476
0.511258 0.577789 0.63622
-0.032219 0.922384 0.384929
0.058101 -0.925193 0.375023
-0.811756 0.547755 0.202527
-0.180624 -0.084281 0.979935
-0.711224 -0.394323 0.581953
0.791378 -0.609784 -0.043418
0.272925 0.960973 0.045192
0.410083 0.865806 0.286727
-0.096997 -0.631023 0.769676
-0.286223 0.568631 0.771191
0.682836 0.011989 0.730473
-0.129053 -0.991499 0.016587
-0.860516 0.032039 0.508415
-0.824091 -0.303508 0.478285
-0.445378 0.891385 0.084086
0.15184 -0.987114 0.050504
-0.710862 -0.669892 0.21429
0.376083 -0.267251 0.887208
0.106415 0.790097 0.603674
-0.940024 -0.339466 0.03343
0.566452 -0.396598 0.722387
-0.033884 -0.752886 0.657278
0.172321 -0.544081 0.821146
0.554135 -0.607065 0.569567
-0.467786 0.848182 0.248524
0.330673 -0.545461 0.770148
0.742441 -0.591553 0.3144
-0.337722 0.799558 0.49664
-0.218932 -0.965382 0.1418
-0.19014 0.791818 0.580406
-0.199233 -0.713475 0.671759
-0.583905 -0.476224 0.657469
0.840113 0.352513 0.412244
0.606587 -0.668291 0.430626
0.757871 -0.376062 0.533112
0.270538 -0.411034 0.870552
0.149167 -0.109447 0.982736
-0.18774 0.877859 0.440587
0.734675 0.400089 0.547888
-0.80259 0.473263 0.363142
-0.438871 -0.536818 0.720568
0.528971 0.683386 0.503164
-0.890296 -0.422233 0.170565
0.48373 0.175807 0.857378
0.422775 -0.408147 0.809121
0.626167 0.164834 0.762066
-0.884114 0.46225 0.068314
-0.023995 0.193544 0.980798
0.632426 0.767173 -0.107164
0.347887 -0.834795 0.426723
-0.128222 0.31539 0.94026
0.960289 -0.208632 0.185253
-0.362251 -0.900307 0.241291
0.243986 0.320936 0.915134
-0.687679 0.725628 0.023678
-0.63289 -0.772017 -0.058648
0.384311 -0.883274 0.268573
-0.214275 0.17436 0.961085
-0.215211 -0.930094 0.297673
-0.106406 0.056346 0.992725
-0.585681 0.798357 0.140015
0.216955 -0.264058 0.939789
0.25987 0.80527 0.532924
-0.85436 -0.139166 0.500702
-0.378097 0.441407 0.813758
-0.729339 0.277371 0.625404
0.65107 0.645816 0.398785
0.392104 -0.656481 0.644428
-0.996457 -0.015211 0.082718
0.702189 -0.538138 0.466195
-0.30246 0.953032 0.015746
-0.660178 0.168985 0.731853
0.874894 -0.097031 0.474494
0.462829 -0.121562 0.878073
-0.709035 0.680807 0.183769
0.269702 0.884197 0.381387
-0.848562 -0.450386 -0.277659
-0.496579 -0.387258 0.776815
0.530357 -0.266985 0.804637
-0.696668 -0.614858 0.369599
0.539358 -0.14529 -0.829448
-0.695675 0.528027 0.487056
0.215483 0.581615 0.784405
0.930089 0.020157 0.36678
0.070892 -0.659034 0.748765
0.961362 0.131562 0.241814
-0.292189 0.325422 0.899292
0.993717 0.07619 0.081989
0.549 0.024071 0.835476
-0.518145 0.4515 0.726411
0.554629 0.314349 0.770436
0.27454 0.936517 0.218089
0.644694 0.724489 0.243897
0.609324 0.4373 0.661433
0.678458 -0.300605 0.670322
0.643538 -0.471914 0.602625
0.417641 -0.903718 0.094181
-0.332228 0.698833 0.633448
-0.870506 -0.365589 0.329489
0.408348 0.905993 0.111488
-0.630687 -0.316225 0.708686
0.113992 -0.968076 0.223239
-0.502929 -0.845943 0.177323
0.482941 -0.531484 0.695911
-0.803759 -0.517657 0.293262
-0.272836 -0.589951 0.759946
-0.181526 0.940109 0.288519
-0.652569 -0.551095 0.520046
-0.282499 -0.194922 0.939255
0.755027 0.592969 0.27986
-0.006469 -0.993604 0.112731
-0.511757 -0.859085 0.00876
-0.369468 -0.66851 0.645436
0.131353 -0.770286 0.624024
-0.063179 -0.964744 0.255495
-0.982922 0.150329 0.106142
-0.968156 0.058713 0.243366
0.982115 0.1791 -0.05808
0.858131 0.083007 0.506677
0.641981 0.548075 0.536167
0.292538 -0.766768 0.571392
0.716831 -0.149991 0.680923
0.849545 -0.521742 0.077834
-0.29791 -0.859972 0.414364
-0.141486 -0.825662 0.546135
-0.599998 0.662217 0.448854
-0.910755 -0.39363 -0.12482
0.237267 0.038033 0.9707
0.110594 -0.403992 0.908053
0.671885 -0.012843 -0.740544
-0.518426 -0.621114 0.587752
0.75517 0.133076 0.641879
-0.525399 0.827085 -0.199716
0.229445 -0.91547 0.330559
0.048702 0.562611 0.825286
0.60355 -0.131667 0.786379
-0.437533 -0.748656 0.498076
0.902607 -0.335721 0.269428
-0.190319 0.681081 0.707041
0.756403 0.502314 0.418968
-0.202197 0.461565 0.863756
0.183384 -0.858038 0.47973
-0.736285 -0.665205 -0.124042
-0.772695 0.104702 0.626083
-0.462031 0.299865 0.83463
-0.594449 0.312655 0.740863
0.862611 -0.280141 0.421216
0.007415 -0.528791 0.84872
0.326758 0.179917 0.927825
-0.926479 -0.040295 0.374184
-0.453806 -0.818619 0.352026
-0.015015 -0.099039 0.99497
0.117453 0.878652 0.462792
-0.655937 0.426923 0.622481
0.368035 0.589226 0.71928
-0.569609 0.56595 0.596025
-0.33876 -0.450824 0.825833
0.929498 -0.156612 0.333924
-0.867569 -0.497189 0.011236
-0.027254 0.973576 0.22673
0.406527 0.321551 0.855185
-0.715671 0.612432 0.33577
-0.322165 0.927522 0.189508
-0.430211 0.58113 0.690801
-0.039974 0.445427 0.894425
0.392123 0.703194 0.593091
-0.114223 -0.240194 0.963981
0.749754 0.660985 -0.031103
-0.372505 0.183025 0.909803
0.271212 -0.94883 0.161761
0.830355 0.541239 0.132557
0.800054 -0.217738 0.559021
-0.292038 -0.781996 0.550632
0.942533 0.269034 -0.198123
-0.04775 0.738791 0.672241
-0.47592 0.781612 0.403216
0.022396 -0.997896 -0.060838
-0.294103 0.020442 0.955555
0.455641 -0.730502 0.508683
0.127521 0.98043 0.149983
0.022468 -0.851897 0.523227
0.690624 0.287583 0.663577
0.919275 -0.380027 0.102535
-0.939925 0.232681 0.249803
-0.414648 -0.120225 0.902005
0.841679 -0.486636 0.234015
0.640492 -0.714258 0.282145
-0.470584 0.691699 0.547816
-0.107923 -0.903669 0.41441
