254
-0.11122 0.815181 0.568427
0.098294 -0.822631 0.560015
0.326562 0.925147 0.193545
-0.245643 -0.009087 0.969318
-0.854484 -0.424245 -0.299788
0.734493 -0.276093 0.619914
0.231005 0.83253 0.503518
0.831157 0.220219 0.51057
-0.333745 -0.156833 0.929526
0.165979 -0.207923 0.96396
0.978902 0.078662 -0.188583
-0.87897 -0.24364 0.40994
0.436954 0.849669 0.295184
-0.785725 -0.568598 -0.243582
-0.935146 0.244776 0.256099
-0.159799 0.708167 0.687724
-0.93056 -0.096417 0.353215
0.118705 0.90814 0.401486
-0.732366 0.156438 0.662697
-0.613592 0.142993 0.776568
0.413455 0.609423 0.676505
-0.039627 0.260302 0.964714
-0.993932 0.10588 -0.029794
-0.602763 -0.664322 0.441988
-0.091509 -0.995574 0.021424
0.522732 0.32225 0.789244
0.133276 0.240971 0.961338
0.655067 -0.540527 0.527936
-0.483456 -0.158252 0.860945
0.010062 -0.16915 0.985539
-0.126531 -0.425944 0.895858
0.642369 0.016701 0.766214
0.555634 0.564931 0.61002
-0.713138 -0.621892 0.323549
-0.641457 0.687031 0.341352
-0.0921079 -0.287364 0.953382
-0.48912 -0.870676 0.05181
0.112914 -0.722405 0.682189
0.107041 -0.040519 0.993429
-0.338018 -0.698825 0.630386
-0.673442 0.445062 0.590251
0.931645 0.30214 0.201863
0.748322 0.533538 0.394147
-0.188411 -0.690449 0.698414
-0.279046 0.762382 0.583873
-0.907073 0.382641 0.175511
-0.23459 -0.967698 0.092351
0.623289 0.625597 0.469191
-0.742255 -0.159513 -0.650856
-0.049392 -0.988527 -0.142738
-0.056784 0.896807 0.438764
-0.356503 -0.934136 -0.017177
0.376036 -0.849093 0.370997
-0.206421 0.263216 0.942395
0.908526 0.107619 0.403732
0.380553 0.355002 0.853905
0.690678 0.484514 0.536853
-0.590074 -0.561714 0.579905
0.654315 0.274918 0.70448
0.751408 0.004015 0.659825
-0.171574 -0.14977 0.97372
-0.105722 0.405938 0.907765
0.009772 0.749301 0.662157
0.956984 0.145043 0.251284
-0.565612 0.571543 0.594492
0.536133 -0.545936 0.643828
-0.801501 -0.593686 0.071641
-0.554298 -0.007151 0.832287
0.48157 0.693154 0.53631
0.377573 -0.38697 0.841245
0.520811 -0.759673 0.389427
0.32354 0.501407 0.802442
0.266477 -0.074267 0.960976
0.266647 -0.506741 0.819825
0.951442 -0.018506 0.307272
-0.016875 -0.523202 0.852042
-0.628831 0.734591 -0.254847
-0.969588 0.223803 0.099056
0.257643 -0.756976 0.600506
0.043565 -0.991711 0.120876
-0.407138 -0.010248 0.913309
-0.664385 0.745708 0.05012
0.506253 0.035796 0.861642
-0.606502 -0.74219 0.285146
0.477394 -0.258907 0.83968
-0.942662 -0.225631 0.245926
0.331535 0.73149 0.595825
-0.298689 0.644378 0.703962
-0.880795 -0.451332 -0.143177
0.395303 -0.765892 0.507094
-0.8531 0.307124 0.421777
-0.47226 0.136417 0.870839
-0.204843 -0.794731 0.57135
-0.047523 -0.770588 0.63556
-0.763978 0.309107 0.566383
-0.251109 -0.300757 0.920049
0.690734 -0.143161 0.708796
0.065135 0.384199 0.92095
0.005136 0.517513 0.85566
-0.704869 -0.530732 0.47062
-0.316983 0.519905 0.793234
-0.757678 0.562693 0.330607
-0.934081 0.356328 0.022881
-0.467248 -0.874968 -0.126928
-0.505547 0.790093 0.346663
-0.96889 0.140541 -0.203716
-0.66798 0.577911 0.468851
0.229473 -0.350598 0.907978
0.108573 0.642919 0.7582
0.574993 0.785761 0.227954
-0.49272 -0.840054 0.227018
-0.140366 0.121714 0.98259
0.406869 -0.660749 0.630768
-0.594049 -0.802218 -0.059598
-0.998385 -0.052056 0.022742
0.29688 0.223481 0.928396
-0.62079 -0.150002 0.769493
0.471022 0.472854 0.74468
0.349912 -0.90931 0.225203
-0.865916 0.499118 0.032721
0.537498 0.748922 0.38757
0.535207 -0.66324 0.523132
-0.955837 0.058723 0.287972
0.202736 0.089895 0.975098
-0.706202 -0.707991 0.005341
0.609429 0.425124 0.669227
-0.884547 -0.465988 0.020772
0.331274 -0.228206 0.915521
0.124164 -0.602791 0.788179
0.889923 -0.068915 0.450874
0.535411 -0.842392 -0.060921
0.121422 -0.463225 0.877884
-0.177557 0.927839 0.328005
-0.121159 0.975327 0.184548
0.404409 -0.534807 0.741913
-0.222113 -0.876625 0.426842
-0.427297 0.679138 0.596816
0.422977 -0.098078 0.900817
0.263945 0.633909 0.726975
0.167936 0.515411 0.840327
0.648424 -0.648782 0.398282
-0.541467 0.692272 0.477047
-0.782352 -0.267267 0.562578
-0.497204 0.832774 -0.243466
0.530377 -0.279797 -0.800259
0.358625 0.062458 0.93139
0.240564 -0.850405 0.467911
0.448979 0.195377 0.871921
-0.400359 -0.307472 0.863235
-0.032623 -0.6576 0.75266
0.89369 0.267947 0.359892
-0.906741 0.166803 0.387296
0.899662 -0.418952 0.122833
0.080232 -0.902048 0.424113
-0.223091 0.973774 0.044654
0.191784 -0.96908 0.155252
-0.799302 -0.496627 0.338346
-0.974662 -0.209323 0.078858
-0.695231 -0.415886 0.586253
-0.353354 -0.79551 0.492245
-0.852063 0.419108 0.313586
-0.067346 -0.022777 0.99747
0.849318 -0.366466 0.37995
-0.798685 0.013202 0.601604
0.593757 0.160845 0.788405
0.168815 0.953403 0.250049
0.283484 0.890997 0.354628
-0.743484 -0.136275 0.654722
-0.072961 0.99692 0.02876
-0.715949 0.689583 -0.109057
-0.561532 0.429589 0.707202
0.989342 0.016532 0.144671
-0.083122 -0.931081 0.355216
0.031898 0.111812 0.993217
0.268483 -0.642689 0.717543
0.775088 -0.6305 -0.041339
0.610166 -0.280412 0.740991
0.514721 -0.411808 0.751982
0.839414 -0.476495 0.261413
0.743541 -0.615751 0.260762
-0.232017 0.856699 0.460689
0.923449 0.358667 -0.136379
0.740413 0.331976 0.584449
-0.825075 0.53384 0.185112
-0.610367 -0.783251 0.118196
0.915632 -0.19331 0.352491
0.839479 0.058425 0.540241
-0.686236 0.002293 0.727375
-0.389552 0.918163 0.072286
-0.83016 0.164677 0.532649
0.218217 -0.921819 0.32036
0.980384 0.175376 0.089945
-0.001322 0.954803 0.297237
-0.313865 0.132963 0.940112
-0.963483 0.252038 -0.090424
0.697738 0.698337 0.15965
-0.84792 -0.123807 0.515465
-0.768919 0.446756 0.457353
-0.668479 -0.287852 0.685768
-0.170544 -0.566053 0.806535
-0.287208 0.93685 0.19956
-0.06482 -0.862233 0.502347
-0.477087 -0.689587 0.544846
-0.39682 0.787944 0.470827
0.837904 -0.247995 0.486226
0.597518 -0.795626 0.099757
0.944538 0.326333 0.036798
-0.449227 0.551599 0.702804
0.919228 -0.310376 0.242255
0.052538 -0.339712 0.939061
-0.488477 -0.777461 0.396163
-0.212343 -0.973411 -0.085918
-0.802528 -0.384596 0.456108
0.464865 -0.881076 0.087212
0.803527 0.588751 0.08784
-0.287433 -0.446156 0.847542
-0.167302 0.546074 0.820861
-0.264418 0.397769 0.878557
0.80566 -0.12375 0.579309
-0.237068 -0.933987 0.267334
-0.756565 0.401666 -0.516016
-0.346764 0.874155 0.340013
-0.063987 -0.839923 -0.53892
-0.889429 0.021104 0.456587
0.389124 0.803297 0.450883
-0.84171 -0.504948 0.191187
-0.540328 -0.302897 0.785047
0.670275 0.670331 0.318414
0.757092 -0.517769 0.398405
-0.721068 -0.669443 0.178623
-0.099661 -0.975535 0.195955
0.817607 -0.564048 0.11562
0.227419 0.374904 0.898737
-0.3204 -0.580426 0.748632
-0.882239 -0.365856 0.296317
-0.987467 0.078042 0.137181
0.643686 -0.416102 0.642283
0.564907 -0.123729 0.815825
-0.461165 -0.578096 0.673151
0.319284 -0.944894 0.072341
-0.367159 -0.867675 0.335164
0.807507 0.383716 0.44799
-0.657166 0.297399 0.692594
0.061307 -0.959004 0.276681
-0.051572 0.637105 0.76905
-0.435941 -0.44915 0.779885
-0.36861 -0.915457 0.161448
-0.376019 0.272695 0.885577
-0.452228 0.866219 0.212496
-0.572374 -0.43882 0.692694
-0.596465 0.776252 0.204114
-0.720751 0.665017 0.19563
0.173842 0.749602 0.638652
-0.430609 0.406307 0.80591
