-0.27557 -0.771989 0.572795
-0.64778 0.518222 0.558414
-0.404756 0.880888 0.245374
-0.008195 0.771392 0.636308
0.926825 0.27778 0.252655
0.433837 -0.639887 0.634295
0.738737 -0.588344 0.328814
0.226178 0.950001 -0.215271
-0.064364 0.881352 0.468056
0.912991 -0.10466 0.394327
-0.21156 0.162387 0.96378
-0.113441 0.506804 0.854565
-0.64237 -0.136378 0.754163
-0.584517 0.211943 0.783212
0.471594 -0.841235 0.26443
-0.387479 0.805323 0.448682
-0.283641 -0.627782 0.724871
-0.981088 -0.172473 0.087862
0.383955 0.921003 -0.065825
0.246665 0.573324 0.781317
0.713042 -0.322239 0.622683
0.934049 -0.25549 0.249553
0.34737 0.928406 0.131894
0.180049 -0.982251 0.052588
-0.709648 0.674796 0.202609
-0.483198 0.544008 0.685985
-0.617892 0.38307 0.686634
0.740667 -0.462609 0.487242
0.119076 0.269905 0.955496
-0.984855 -0.122896 -0.122297
0.761805 0.231871 0.604888
-0.38313 -0.329502 0.862925
-0.236217 0.902887 0.35916
0.824239 0.445702 0.349257
0.252747 -0.644692 0.721451
0.562428 -0.816686 -0.129226
0.592758 -0.720089 0.360707
-0.44824 -0.649179 0.614531
0.535153 -0.327965 0.778492
0.735438 0.026692 0.677066
0.085474 -0.768238 0.634433
0.556599 0.824242 -0.104037
0.161026 -0.668382 -0.726179
-0.999445 0.027169 0.019281
-0.083602 -0.849743 0.520526
-0.928981 0.109728 0.353488
0.28038 0.401621 0.87183
-0.536473 0.030839 0.843354
0.971516 -0.175736 -0.158978
-0.823605 -0.567121 -0.006909
0.141649 -0.955299 0.259498
0.6242 0.736464 0.260758
-0.525378 0.676286 0.516348
-0.264169 -0.191216 0.945331
-0.833402 0.06235 0.549139
-0.830691 0.552687 0.067006
-0.973883 -0.031401 0.224869
0.465897 0.338331 0.817602
0.615403 0.389487 0.685259
-0.737824 0.248265 0.627678
-0.022778 -0.989511 0.142651
0.191054 0.981343 -0.021566
-0.140888 -0.04056 0.989194
-0.836101 -0.272257 0.476247
-0.25543 -0.879648 0.401217
-0.847243 0.246891 0.470345
0.580499 0.565054 0.58629
0.601474 -0.60749 0.51883
-0.702924 0.056016 0.709056
-0.723261 -0.600609 0.340826
-0.877281 -0.455207 -0.152197
-0.468712 -0.151257 0.870305
-0.109927 0.882704 -0.456892
0.84571 -0.290836 0.447424
0.13299 -0.301902 0.944017
0.581084 -0.475949 0.660162
-0.073261 0.321062 0.94422
0.438804 0.513161 0.737643
-0.304207 -0.209176 -0.929357
-0.013753 0.115804 0.993177
0.581765 -0.01207 0.813268
-0.930497 -0.234656 0.281269
0.52805 0.843784 0.095871
0.860461 0.258925 0.438822
0.063074 -0.620097 0.781986
0.659369 -0.170543 0.732221
-0.102107 -0.724038 0.682161
0.529618 0.715736 0.455221
-0.212663 0.798932 0.562567
0.177419 0.053929 0.982657
0.852442 -0.431562 0.295122
-0.343454 0.002265 0.939167
0.804135 -0.579564 0.132184
0.296068 -0.880204 0.370924
0.437419 -0.765096 0.472538
-0.702051 0.712031 0.011683
0.902318 0.086267 -0.42235
-0.130627 -0.564289 0.815178
-0.404695 0.193457 0.893754
-0.264966 0.356891 0.89578
0.73573 0.424171 0.527996
0.088989 0.930528 0.355244
0.280785 0.901667 0.32887
-0.076455 -0.260235 0.962514
-0.018003 0.998136 0.058317
-0.448486 0.377497 0.810158
0.973747 -0.223254 0.044438
0.400112 -0.492992 0.772573
-0.92165 0.374594 0.101199
0.084323 0.461262 0.883248
0.051556 -0.104665 0.99317
0.704399 0.695539 -0.141588
-0.583823 -0.49265 0.645326
0.482489 0.150112 0.862943
-0.845349 -0.414218 0.337355
0.764817 0.607515 0.214429
0.266981 -0.781259 0.564231
-0.822616 -0.538949 0.181211
-0.439742 -0.778877 0.447188
-0.784704 -0.12124 0.607899
-0.535108 0.841722 -0.071856
0.206106 -0.483191 0.850909
0.202798 0.721115 0.66247
-0.556869 0.763046 0.328112
0.390284 -0.919984 -0.036168
-0.584194 -0.752989 0.30286
-0.707981 -0.311564 0.63379
-0.906846 0.410233 -0.096637
0.85552 0.060166 0.514262
0.150211 0.841288 0.519299
0.372869 0.001517 0.927883
-0.071735 0.965149 0.251676
-0.662733 0.727382 -0.178047
-0.900961 0.320738 0.292225
0.634954 0.195548 0.747392
0.822525 -0.503438 -0.264582
-0.780863 0.424733 0.458099
0.416371 0.870564 -0.262209
0.687867 0.723635 0.056486
0.940597 0.087053 0.328176
-0.056322 -0.939277 0.338506
-0.35311 0.685622 0.636582
-0.211477 -0.407405 0.888425
0.805651 -0.137074 0.576313
0.915977 0.380179 -0.128259
-0.255101 0.150698 -0.955099
0.689911 -0.611503 -0.38741
0.148734 0.974108 0.17027
-0.979234 0.068731 -0.190726
0.339233 -0.328871 0.881343
0.004913 -0.442932 0.896542
-0.461007 -0.836225 -0.296986
-0.30512 0.534333 0.788283
-0.947848 -0.315205 -0.047225
-0.410612 -0.493105 0.766971
0.346543 0.799893 0.489979
0.690703 0.595168 0.410737
-0.557914 -0.325302 0.763485
0.398739 0.66888 0.627381
0.042298 0.629998 0.775444
-0.597299 -0.637549 0.486585
-0.729353 -0.46584 0.501036
0.464876 -0.168012 0.869289
-0.233998 0.961342 0.145141
0.332637 -0.92918 0.161177
