214
0.537719 -0.266364 0.799943
0.558272 0.754218 0.34567
0.030013 0.071533 0.996987
-0.258303 -0.066982 0.963739
0.715237 0.061261 0.696192
0.383413 -0.249647 0.889197
-0.342107 0.104399 0.933843
-0.192263 0.555725 0.808829
0.729827 -0.63105 0.262925
0.577462 0.058552 0.814315
-0.202642 0.805901 0.556291
0.095365 -0.375634 0.921849
0.579852 -0.425639 0.694696
-0.889755 -0.29463 0.348611
0.431437 0.774137 0.46322
-0.325564 -0.851681 0.410667
0.12975 0.848377 0.513245
0.446006 0.523192 0.726188
0.497855 0.215749 0.839996
0.170499 -0.885159 0.432924
0.928293 -0.31518 -0.197316
-0.34824 -0.523285 0.777754
0.190234 -0.787067 0.586802
0.132678 0.621188 0.772348
0.83339 0.552139 0.024585
-0.058837 0.955423 0.289319
0.602347 -0.567214 0.561646
-0.027697 -0.979703 0.198534
0.955672 0.153548 0.251227
-0.508183 0.768056 0.389667
-0.66114 -0.446864 0.602666
0.403777 0.366141 0.838394
-0.992991 -0.04423 0.109602
-0.340507 -0.908731 0.241379
-0.73771 -0.61222 0.284552
0.296121 0.650516 0.699386
-0.957889 -0.171009 0.230662
0.866751 -0.092554 0.490079
0.686424 -0.723884 -0.069379
0.7856 -0.260948 0.561016
0.70572 -0.421746 0.569288
-0.066135 0.223872 0.972372
-0.166322 0.083384 0.98254
-0.41294 0.271213 0.869439
-0.754838 0.392874 0.525233
0.37353 -0.918558 -0.129331
0.000357 -0.525285 0.850926
0.829428 -0.549636 0.099748
-0.247695 0.968612 0.020936
0.719133 -0.68796 0.0977631
0.218543 0.973997 0.059737
-0.924501 0.191983 0.329303
-0.575335 0.271714 0.771467
-0.13937 0.394924 0.908081
0.47104 -0.797053 0.377927
0.553905 0.37594 0.742872
-0.545833 0.834737 0.072671
-0.493888 -0.853871 0.164252
-0.606447 -0.689772 0.39552
0.963027 -0.268231 -0.025132
-0.377286 -0.91666 -0.131872
-0.837349 0.235142 0.493514
-0.971336 -0.229804 0.060795
-0.913373 -0.10751 0.392671
-0.204197 0.692407 0.692008
-0.028766 0.526022 0.849985
-0.660894 0.11681 0.741333
0.19679 -0.895115 -0.400053
-0.287968 0.944856 -0.155956
-0.192048 -0.972583 0.131147
-0.885908 -0.432927 -0.166557
-0.364783 0.692241 0.622684
-0.459423 -0.737031 0.495698
0.334274 -0.804809 0.490453
-0.244407 0.253698 0.935897
-0.746022 -0.656349 0.112507
-0.360139 0.798391 0.482567
0.054173 0.998451 -0.012655
-0.782267 -0.393237 0.483139
-0.704703 -0.548529 0.450011
0.899186 0.314547 0.30418
-0.648622 0.53956 0.53681
0.875962 -0.247082 0.414295
-0.648639 0.650637 0.394891
-0.265296 -0.380419 0.885946
0.810615 -0.405787 0.422184
0.58429 0.522574 0.620904
0.508833 0.503803 -0.698049
0.488236 -0.102051 0.866725
0.307886 -0.417832 -0.854765
-0.629168 0.740429 0.236458
0.014537 -0.22731 0.973714
-0.764875 0.513014 0.389593
0.814775 0.468205 0.341944
0.436185 -0.416311 0.797764
0.968322 -0.205633 0.141657
-0.826414 -0.070951 0.558574
0.603312 -0.680983 0.415062
-0.347654 -0.935585 0.061783
0.849818 -0.47594 -0.226475
0.581497 0.648699 0.490969
0.80294 -0.592189 -0.067828
0.205426 -0.235242 0.94998
0.710383 0.499415 0.495923
0.700877 0.614146 0.362763
-0.977748 0.14224 0.154199
-0.08486 0.991235 0.101249
0.688451 0.370747 0.623363
0.916965 0.398793 -0.011824
-0.492658 -0.870145 -0.011698
0.636321 -0.104152 0.764361
-0.482656 -0.809825 0.333506
0.908152 -0.325214 0.263619
0.219163 -0.951851 -0.214354
0.808187 0.347432 0.475525
-0.178632 -0.526786 0.831016
-0.408317 -0.64453 0.646419
-0.432198 -0.371702 0.82161
-0.506041 0.121628 0.853891
-0.005239 -0.929925 0.367711
0.604199 -0.755481 0.253362
-0.584032 0.806689 -0.090329
0.992411 0.105254 0.063572
0.323263 -0.688702 0.648992
0.762801 -0.099753 0.638892
0.039143 -0.748708 0.661743
-0.280313 -0.86831 -0.409221
-0.246784 -0.937493 -0.245366
0.844975 0.512788 -0.151874
0.721071 0.690023 0.062648
-0.749736 0.618274 0.235868
0.47036 -0.696895 0.541387
-0.717837 0.262432 0.644856
0.29616 0.507968 0.808862
-0.85823 0.359107 0.36672
0.122146 -0.081326 0.989175
0.158086 -0.656633 0.737456
0.31577 -0.890708 0.327
0.278501 -0.390505 0.877464
0.926185 0.032096 0.375701
0.107037 0.929056 0.354115
0.22926 0.061623 0.971413
-0.087387 -0.381789 0.920109
-0.917153 -0.352495 0.185951
0.417302 0.054131 0.907154
0.454738 -0.865019 0.212027
0.129405 0.744856 0.654557
-0.644946 -0.184175 0.741703
0.943042 -0.132141 0.305305
-0.34318 -0.221429 0.912796
-0.135114 -0.210251 -0.968266
-0.890252 0.064438 0.450886
-0.724546 -0.047692 0.687574
0.623394 -0.412731 -0.664103
0.446128 0.659921 0.604545
-0.516384 0.67156 0.531371
0.420661 0.858577 0.29307
-0.07322 -0.073404 0.994611
0.016126 -0.852516 0.522452
0.77138 0.217304 0.598124
-0.789584 0.103626 0.60483
-0.113173 0.989575 -0.089072
-0.080704 -0.981242 -0.175072
-0.058851 -0.650562 0.757169
0.895888 -0.44031 -0.059263
0.831502 0.0626 0.551983
-0.953972 -0.274523 -0.120723
-0.551326 -0.818627 -0.160902
0.832215 -0.487728 0.263705
-0.960185 0.017924 0.278788
0.23743 0.344694 0.908192
0.790982 0.578031 0.20057
0.313675 -0.091255 0.945135
0.146254 -0.952684 0.266465
-0.982136 0.014703 -0.187598
0.3215 -0.553322 0.768422
0.672375 -0.26781 0.690065
0.289343 0.770831 0.567538
-0.488451 0.840591 0.234141
0.667981 0.711309 0.218725
-0.239648 -0.657957 0.713906
0.720358 -0.550813 0.421533
0.88038 0.191763 0.433771
-0.569093 -0.603718 0.558263
0.422221 -0.905483 0.042787
-0.353448 0.564175 0.746177
0.16597 -0.520876 0.837342
-0.586283 -0.348484 0.731322
0.331851 0.203051 0.921219
-0.826331 -0.461702 0.322503
-0.731656 -0.269123 0.626301
0.624736 0.779782 -0.040566
-0.037989 0.78903 0.613178
0.914383 -0.39083 0.105622
-0.427088 -0.0498 0.902838
-0.501487 -0.20597 0.84029
0.035575 0.355608 0.933958
0.644057 0.220382 0.732545
-0.169115 -0.228022 0.958857
-0.507663 0.554071 0.659761
0.468346 -0.568672 0.676213
-0.037881 0.669114 0.742194
0.136311 0.478235 0.867589
-0.158 -0.867056 0.472494
-0.581517 -0.031731 0.812915
-0.131755 -0.771178 0.622836
0.626848 0.746374 -0.223578
-0.177902 -0.934289 0.308958
-0.297965 -0.767652 0.567387
-0.471587 0.419468 0.775662
0.037486 -0.88489 -0.46429
0.996499 -0.081958 0.01651
-0.347626 0.879997 0.323668
-0.834908 -0.227552 0.501148
