-0.517851 0.365303 0.773553
0.561513 0.4766 0.676428
0.840253 -0.311632 0.443689
-0.114605 0.339611 0.933558
-0.123511 0.812813 0.56928
-0.575809 -0.817533 0.009204
0.399132 0.740146 0.541182
-0.626923 -0.575393 0.525253
0.468674 0.393023 0.791124
-0.134774 0.607751 0.782607
0.306204 0.94952 0.0682
-0.803516 -0.497906 0.326268
0.959239 -0.088897 0.268251
0.377626 -0.390521 0.839578
0.815479 0.309202 0.489273
-0.045983 0.497626 0.866172
0.13673 0.875967 0.462586
0.053023 0.948468 0.312404
-0.751767 -0.622987 0.216179
-0.446767 0.085853 0.890522
0.699967 0.398274 0.59281
0.91829 0.034024 0.394445
-0.618164 -0.309374 0.722607
0.388719 -0.221435 0.894351
-0.371101 -0.904605 0.2097
0.186746 -0.849233 0.493892
0.070947 -0.680158 0.729624
0.408834 -0.879834 0.242376
-0.890193 -0.366981 0.269967
-0.722862 0.585665 0.366698
0.710762 0.701292 0.054836
0.841942 0.147831 0.518922
-0.49413 -0.668601 0.555704
-0.247538 -0.831668 0.497044
0.905342 0.202919 0.373067
0.364196 0.294811 0.88343
0.216439 -0.744524 0.631537
0.098318 -0.235188 0.966964
-0.421969 -0.90487 0.056146
0.91684 -0.26349 0.299962
-0.885913 -0.03556 0.462486
-0.21928 -0.486089 0.845951
-0.268586 -0.016402 -0.963116
0.463484 0.790497 0.400371
-0.216091 0.706633 0.673776
0.507697 -0.584153 0.633252
-0.63625 -0.444994 0.630211
-0.605845 -0.142868 0.78265
0.35825 -0.930659 0.074373
-0.065964 -0.445239 0.892979
-0.931244 0.197008 0.30655
0.749998 -0.448023 0.486599
0.390035 0.126802 0.912027
0.511677 -0.286684 0.809938
0.047249 0.617507 0.785145
0.526485 0.056867 0.848281
0.13537 0.493944 0.858891
0.222904 -0.622746 0.750001
0.253394 -0.151237 0.955468
0.407659 -0.053243 0.911581
0.049811 0.809532 0.584959
-0.365683 -0.527917 0.766537
-0.976401 -0.070418 0.204164
0.647597 -0.015043 0.761835
0.536895 -0.122696 0.834679
-0.528972 -0.831333 0.170513
-0.849855 0.295018 0.436704
-0.507585 -0.546262 0.666299
0.900045 -0.138879 0.413075
0.806109 0.518466 0.285273
-0.693354 -0.614336 0.376631
-0.270379 0.299031 0.915137
-0.288471 0.788884 0.542629
0.043652 0.371696 0.927328
-0.525877 0.607109 0.595712
0.454743 -0.888351 -0.063568
-0.979955 0.099545 0.172568
0.234597 0.79032 0.566003
0.766844 0.462254 0.445276
-0.108129 0.950493 0.291328
0.319454 0.674404 0.665679
-0.49005 -0.258882 0.832365
-0.202887 0.97841 -0.03938
-0.820012 0.56715 0.076947
-0.198427 -0.947597 0.250373
0.179374 0.968249 0.174124
0.143325 0.713354 0.685991
-0.350938 -0.213941 0.911631
0.367338 -0.546313 0.752732
0.867868 0.365804 0.336145
-0.211935 -0.33204 0.919148
-0.453413 0.521017 0.723159
0.845735 -0.018172 0.533294
0.488933 0.616657 0.616991
0.564675 -0.786797 0.249182
0.306281 0.450184 0.838765
-0.048982 -0.121902 0.991333
-0.743865 -0.467029 0.478068
-0.042985 0.721121 0.691475
0.774587 -0.627864 0.076171
0.343591 -0.785807 0.51425
-0.420672 0.253012 0.871218
0.062332 -0.794943 0.603474
0.60657 0.780228 0.152699
-0.733619 0.392349 0.554856
0.484914 0.836776 0.254291
-0.837138 -0.208159 0.505836
-0.369162 -0.660268 0.654039
-0.344813 -0.908507 -0.23605
0.854764 0.493895 -0.159518
0.654734 -0.194302 0.730459
-0.843698 -0.33852 0.416627
0.720452 0.657085 0.221786
-0.037797 0.999241 -0.00941
0.255869 0.962183 -0.093457
-0.298936 0.571633 0.764116
0.815352 -0.187736 0.547682
-0.50011 0.791837 0.350548
-0.139301 0.179923 0.973767
0.736974 -0.314579 0.598255
-0.899705 0.421411 0.11377
-0.589827 0.807227 0.022096
0.510316 0.22839 0.829105
-0.953257 0.264864 0.145427
-0.778216 0.239868 0.580382
0.636883 -0.474771 0.607431
0.945946 -0.323762 0.019063
-0.79706 0.445959 0.407204
0.875565 -0.480181 0.053027
-0.476549 -0.089705 0.874559
0.738889 -0.564252 0.368325
0.607531 -0.698111 0.378876
-0.368421 0.417366 0.830706
-0.423759 0.876901 0.226875
-0.224283 -0.624771 0.747902
-0.313608 -0.879198 0.358694
0.640399 0.544559 0.541613
0.749225 -0.094361 0.655559
0.606122 0.72852 0.319179
0.707378 -0.66364 0.243307
-0.573906 0.798908 0.179938
0.794521 0.605158 -0.050201
0.992608 -0.037833 0.115321
0.500569 -0.453626 0.737329
-0.195982 0.883962 0.424502
-0.746907 -0.333429 0.575287
-0.268073 0.926809 0.262988
0.237094 0.194359 0.951846
0.255513 -0.943865 0.209359
-0.891114 0.357045 0.280063
-0.150504 0.980221 0.128515
0.012633 0.988117 0.153185
0.657351 -0.745081 0.112892
-0.587049 0.67146 0.452233
0.561051 0.675971 0.477792
-0.998978 -0.014503 0.042807
-0.29834 0.133583 0.945066
-0.335561 -0.042337 0.941067
-0.561256 -0.714913 0.417003
0.242969 -0.318743 0.916171
0.814597 0.567759 0.118669
0.233605 -0.477892 0.846787
0.941826 0.254826 0.219153
-0.358814 -0.377275 0.853766
0.738312 0.240765 0.630022
0.081854 -0.544586 0.834701
-0.719967 -0.198038 0.665152
-0.738521 0.643194 0.202207
0.696576 0.603263 0.388401
-0.944527 0.025585 0.327435
-0.01867 -0.955561 0.2942
0.108519 -0.070903 0.991563
-0.70075 -0.020913 0.7131
-0.094458 0.98053 -0.172159
-0.058208 -0.287864 0.955901
0.031645 0.222688 0.974376
0.459679 -0.800327 0.384932
0.302628 -0.877433 0.372192
-0.879858 0.134411 0.455834
0.631757 -0.59321 0.498984
-0.800404 -0.078192 0.594339
-0.800978 0.081878 0.593069
0.199391 0.341304 0.918561
0.50492 -0.856172 0.109661
-0.690214 0.145732 0.708779
0.965407 0.084703 0.246605
-0.072287 -0.590289 0.803948
0.705402 -0.706049 -0.062479
-0.826889 0.505925 0.245549
-0.033741 0.049883 0.998185
0.908051 -0.378386 0.179629
-0.375925 0.665562 0.644754
0.317745 0.848962 0.422258
-0.916547 -0.167025 0.363378
0.966212 -0.211715 0.147004
-0.562215 0.202078 0.801922
0.213557 0.920949 0.325954
0.891432 0.4178 0.175475
-0.083395 -0.719359 0.689615
-0.20288 -0.167599 0.964754
-0.599562 0.461451 0.653902
-0.947716 -0.228043 0.223227
-0.582157 0.034326 0.812351
-0.186708 0.004082 0.982407
0.84095 -0.428943 0.329865
-0.634602 0.71356 0.296837
-0.397231 -0.776388 0.489315
-0.353149 0.849288 0.392423
0.986546 0.134579 0.092819
0.029115 -0.890702 0.453655
-0.090949 -0.826111 0.556119
0.230348 0.592404 0.772009
-0.950683 -0.304208 -0.060494
0.366446 -0.673948 0.641491
0.461402 0.88158 0.099625
0.307471 -0.946468 -0.098288
-0.134308 -0.906368 0.400573
0.987433 -0.157593 -0.011892
0.132766 0.990979 0.018279
0.754882 0.075695 0.651478
0.885646 0.464247 0.010318
0.641316 0.155883 0.751275
-0.497344 -0.414477 0.76214
0.612692 0.321402 0.722017
0.67528 0.729668 -0.107612
-0.667509 0.536492 0.516341
0.402772 0.541729 0.73777
-0.238775 -0.742878 0.625395
-0.078544 -0.987176 0.138976
0.122167 0.092989 0.988144
-0.442823 0.74017 0.50602
-0.931855 -0.348541 0.100828
0.089881 -0.394839 0.914343
-0.656253 0.307399 0.689085
0.620627 -0.346818 0.703235
-0.980951 -0.183449 0.063886
-0.031865 0.893026 0.448875
-0.145607 0.930111 -0.337182
0.818846 -0.535329 0.207155
-0.469131 -0.819016 0.330345
-0.211338 0.462246 0.8612
-0.624298 -0.734456 0.266134
0.493565 -0.700701 0.515182
