0.830169 0.492999 0.260329
-0.637775 -0.578138 -0.50892
-0.064847 0.950885 0.302677
0.055409 -0.044523 0.997471
-0.59578 0.082699 0.798879
-0.685674 0.716085 0.130668
-0.030517 -0.997501 0.063723
-0.889241 0.457365 0.008234
-0.276714 -0.052352 0.959525
0.459349 0.844783 0.274482
-0.590343 0.268801 0.761079
-0.708379 0.335655 0.620915
0.23627 0.40447 0.883505
0.087189 0.909624 0.406181
0.960399 -0.183201 -0.209933
0.723157 -0.303477 0.620441
-0.281067 0.332279 0.900329
0.255768 0.722781 0.642005
0.225454 0.572493 0.788303
0.868065 0.483487 -0.112714
-0.906523 -0.100512 0.410017
-0.362144 0.930432 0.056107
-0.033225 -0.963195 0.266742
-0.408973 0.709848 0.57346
0.717517 -0.666159 0.203473
0.756593 0.638033 0.143112
0.219951 -0.925969 0.306926
0.878956 0.322491 0.351334
0.471652 -0.77058 0.428661
-0.569593 0.698784 0.432741
-0.444139 0.214961 0.869789
0.229391 0.833359 0.502884
0.663684 0.725797 -0.180947
0.201299 0.967307 -0.15426
0.223971 0.032765 0.974045
0.77201 0.456773 0.441994
-0.533229 -0.789719 0.303332
-0.726079 0.145147 0.672118
0.279248 0.901775 0.329883
0.65122 -0.142961 0.745302
0.931496 -0.197643 0.305373
-0.742432 -0.366029 0.561086
-0.520318 -0.703206 0.484532
0.010781 -0.253775 0.967203
-0.532839 0.841317 0.09093
-0.767208 0.542799 -0.341702
-0.646474 -0.547137 0.531707
-0.475104 -0.676991 -0.562103
0.406785 0.279371 0.869757
0.710776 0.619941 0.332372
0.295932 -0.838653 0.457259
-0.302667 -0.604675 0.736723
0.141862 -0.375893 0.91574
-0.102883 -0.58936 0.801293
0.619412 0.756829 0.208661
0.061768 0.514267 0.855403
-0.096376 0.750437 0.653877
-0.164394 -0.719415 0.674846
-0.356907 -0.333096 0.872734
-0.858019 -0.287974 0.425294
-0.915709 0.096142 0.390171
0.56104 0.342411 0.75365
-0.647823 -0.761558 -0.018823
-0.020202 0.992476 0.120765
0.887863 -0.049398 0.457449
-0.980329 0.152399 -0.125419
0.497147 0.863548 0.084436
0.181842 0.982397 0.042764
0.99544 -0.074905 -0.05907
-0.828524 0.203084 0.521829
0.698096 0.223373 0.680269
-0.083564 0.870245 0.48548
0.953484 0.173417 0.246565
-0.678272 -0.237891 0.695238
-0.921494 -0.353549 -0.160786
-0.357934 -0.720401 0.594058
-0.962388 0.269407 0.035062
0.685108 0.039199 0.727386
-0.715297 -0.046457 0.697275
0.269559 -0.490656 0.82861
-0.525533 -0.84388 0.108077
0.401174 0.450268 0.797696
0.532155 -0.025054 0.846276
0.590946 -0.317303 0.741688
-0.528667 -0.293785 0.796368
0.065194 0.338385 0.938747
0.686778 0.402485 0.605261
0.328358 0.93241 0.150975
-0.404344 -0.163671 0.899843
0.870922 -0.375984 0.316433
0.778853 -0.626743 0.02411
-0.777884 -0.578109 0.246347
-0.111864 0.069751 0.991273
0.237683 0.224028 0.945155
0.481908 -0.211148 0.850401
-0.601519 -0.426226 0.675652
0.077905 0.677705 0.731195
-0.442747 0.027116 0.896236
-0.988609 -0.117044 0.094624
0.357915 -0.096036 0.928802
0.905873 -0.382639 -0.181607
0.544617 0.512049 0.664228
-0.021708 -0.810618 0.585173
0.316862 -0.299663 0.899889
-0.115088 -0.122181 0.985813
0.403842 -0.870451 0.281471
0.409382 -0.574204 0.70901
-0.81436 0.485298 0.318283
0.483468 -0.870297 0.094027
-0.842711 0.51128 -0.168615
0.187946 -0.176761 0.966143
0.102521 -0.893212 0.437793
0.892269 -0.288317 -0.347462
-0.057358 -0.419856 0.905776
0.806093 0.273142 0.524983
-0.770761 -0.635228 0.049133
-0.172775 0.98491 0.010033
-0.879332 -0.391104 0.271685
0.068727 0.805166 0.589053
0.082516 -0.542732 0.835843
-0.232931 -0.914119 0.331857
-0.555021 0.593061 0.583293
-0.107181 0.435018 0.89402
0.579251 -0.477407 0.66072
-0.397132 -0.79656 -0.455828
-0.220735 -0.823995 0.521832
-0.218828 0.957023 0.19032
-0.491426 -0.591207 0.639512
-0.942969 -0.322761 0.081454
-0.243975 0.896009 0.371005
-0.432628 -0.47019 0.769255
-0.111783 0.256202 0.960138
-0.66873 0.534543 -0.516783
0.931049 -0.335821 0.142728
0.849285 -0.230135 0.475134
-0.095715 0.606677 0.789165
-0.969288 -0.010918 0.245688
-0.692721 0.534808 0.483857
0.661383 0.652288 -0.370262
-0.198952 -0.27604 0.94033
0.132049 0.965032 0.226443
-0.571967 -0.107682 0.813178
-0.413592 0.812008 0.411807
0.629917 -0.673268 0.387188
0.958826 -0.013568 0.28367
-0.385352 -0.894459 0.226819
0.35047 -0.721794 0.596812
-0.076952 -0.899846 0.429366
-0.703114 0.640063 0.309759
-0.943535 -0.213198 0.253551
-0.259549 0.668446 0.697003
-0.642095 0.764768 -0.053329
-0.437925 0.396475 0.806864
-0.265615 0.509029 0.818742
0.896461 0.135882 0.421774
-0.810409 0.566036 0.151134
0.166778 -0.785804 0.595565
-0.397703 0.886085 0.238086
-0.416908 0.562096 0.714308
0.038095 -0.69254 0.720373
0.224326 -0.64761 0.728203
-0.283365 0.144038 0.948134
0.308925 -0.942515 0.127401
0.3962 0.096184 0.913112
-0.804666 -0.173331 0.567863
-0.974412 -0.216601 -0.060036
0.118966 -0.977986 0.171435
-0.832675 0.014438 0.553574
-0.994452 -0.033787 -0.099615
0.781675 -0.109954 0.613917
-0.581807 0.446051 0.680102
-0.233454 -0.466797 0.852995
0.570531 -0.784468 0.243113
-0.867145 -0.493722 -0.065558
0.77964 -0.401745 0.480378
0.558191 0.16222 0.8137
0.51996 -0.643255 0.562018
0.062648 0.153062 0.986229
-0.792473 0.385954 0.472256
0.806389 0.082521 0.585599
-0.776351 -0.47874 0.409985
0.566108 0.724838 0.392596
-0.383309 -0.823525 0.418188
-0.561811 0.782863 0.267383
0.381863 0.606703 0.697203
-0.250648 0.802247 0.541825
0.438121 -0.409554 0.800197
-0.357801 -0.932888 0.041202
