-0.454513 0.361 0.814308
-0.752492 0.034126 0.657717
-0.308959 -0.924084 0.224972
0.418023 -0.512094 0.750344
0.578385 0.775801 0.252198
0.460353 0.791642 0.401719
0.238253 0.933411 0.268291
0.827663 -0.522669 0.204428
0.820188 0.36665 0.439158
0.32106 -0.240145 0.916106
-0.90931 0.325602 0.259112
-0.602565 0.782578 -0.156482
0.72067 0.090993 0.687281
-0.434688 0.067846 0.898022
0.125023 0.235159 0.963883
0.448417 -0.875825 0.178474
-0.273135 0.600769 0.751315
0.89578 0.430554 0.110463
-0.822448 0.568833 0.00286
0.416235 0.906424 -0.071729
-0.221076 -0.97338 0.060472
0.958487 -0.246729 0.142923
0.434858 0.109775 0.893783
-0.385335 0.784725 0.485513
-0.832018 0.355482 0.425885
0.355675 -0.672179 0.649361
-0.73767 0.662906 -0.128061
0.065559 0.039206 0.997078
-0.611782 0.035815 0.790215
0.995591 0.054148 0.076588
0.235928 0.579375 0.780169
-0.465612 0.728955 -0.501826
-0.370921 -0.243634 0.896136
-0.441243 0.880996 0.170735
-0.559398 0.67447 0.481834
-0.732075 -0.677316 0.072869
-0.422589 0.662862 0.618087
-0.952657 -0.191115 0.236475
0.842388 -0.149638 0.517678
-0.675773 -0.616272 0.4044
-0.237418 -0.807937 0.539324
-0.093038 0.656522 0.748547
0.650509 0.285338 0.703861
-0.498284 -0.10552 0.860569
-0.209766 0.852692 0.47845
-0.183215 -0.20205 0.962085
0.529975 -0.579583 0.61904
-0.848252 -0.526379 0.058258
-0.795103 -0.596879 -0.107458
0.378763 -0.854215 0.356166
-0.796998 -0.311102 0.517696
-0.083881 -0.498205 0.862992
0.285275 -0.41801 0.862488
-0.883967 -0.306975 0.352661
0.889022 -0.366167 0.274884
0.191874 -0.103766 0.975919
0.199918 -0.909529 0.364403
-0.270885 -0.53641 0.799303
0.621859 -0.22997 0.748602
-0.561027 -0.452459 0.693202
-0.062702 0.786995 0.613765
-0.27741 0.941071 -0.193467
0.992745 -0.120116 0.005357
-0.070678 -0.859129 0.506855
0.132105 0.984846 0.112366
-0.981817 -0.180143 0.059874
0.540069 0.441165 0.716728
0.827112 0.488789 0.277436
-0.36913 -0.84064 0.396317
0.061221 -0.626418 0.777079
0.920482 -0.012556 0.390583
0.666697 0.739718 0.091278
0.974784 -0.072903 0.210905
-0.107969 -0.971652 0.21032
-0.4461 0.521099 0.727634
0.361302 0.440564 0.821806
0.506233 0.857499 0.091778
0.774427 -0.501201 0.386084
0.887722 0.180296 0.423607
-0.267039 -0.692933 0.669727
0.443317 0.699298 0.560761
-0.240136 0.112641 0.964182
0.274082 0.715475 0.642631
0.759847 -0.626649 -0.173042
-0.058038 0.178327 0.982258
0.412321 0.581208 0.701561
-0.15056 0.939471 0.307777
-0.605019 0.77338 0.189304
0.012192 -0.933442 0.358522
0.369087 -0.049081 0.928098
-0.689929 0.207019 0.693644
-0.091621 0.976242 -0.196359
0.784279 0.234167 0.57452
0.246589 0.091578 0.964784
0.001683 0.371678 0.92836
0.880004 -0.456228 -0.132096
0.404666 0.877404 0.257697
-0.9072 0.17363 0.383198
0.581463 0.56781 0.58266
0.241785 -0.583336 0.775409
0.488231 -0.158262 0.858244
-0.881164 -0.420274 0.21661
-0.590678 0.53575 0.603383
-0.18051 0.983208 -0.026809
-0.810776 0.202318 0.549282
0.089964 0.690431 0.717783
0.954717 -0.29077 -0.062995
0.102901 -0.468541 0.877428
-0.32531 -0.941051 -0.09272
0.072249 -0.989101 -0.128294
-0.412012 -0.415076 0.811146
0.143191 -0.294583 0.944837
0.961273 0.250707 0.11446
-0.486242 -0.839792 0.24149
0.302671 0.826561 0.474538
-0.600713 0.375356 0.70587
0.825393 -0.333484 0.455537
0.809485 -0.501992 -0.304531
0.907837 -0.413304 0.070797
0.036867 0.960074 0.277308
0.186989 0.412392 0.89161
0.714814 0.645148 0.269862
-0.543941 0.768756 -0.336366
0.625226 -0.624076 0.468639
-0.791611 -0.469804 0.390687
-0.789329 -0.139946 0.597809
-0.542983 0.201422 0.815229
0.168442 -0.731414 0.660803
0.917891 -0.196936 0.344517
-0.535658 -0.74175 0.403581
-0.314093 -0.067101 0.947018
-0.191317 -0.909315 0.36952
-0.967436 0.156205 0.199166
0.122793 0.807861 0.576439
-0.119081 -0.020305 0.992677
-0.121811 0.500922 0.856877
-0.043176 -0.33446 0.94142
-0.36376 0.931426 -0.011153
0.112009 -0.845419 0.522227
-0.934399 -0.350584 0.063164
-0.23338 -0.375391 0.897004
-0.890018 -0.142625 0.433042
0.312001 0.265829 0.912135
-0.585679 -0.806906 0.076696
0.292755 -0.803231 0.518763
0.582332 0.143008 0.800274
0.602796 0.674053 0.426954
-0.505563 0.792567 0.340946
-0.689431 -0.470264 0.550941
-0.12001 -0.645566 0.754216
-0.262676 0.952906 0.151563
-0.644367 -0.725232 0.242551
0.598227 -0.033469 0.800628
0.736312 -0.096506 0.669725
-0.671155 0.662561 0.332513
0.6927 -0.654066 0.303915
-0.681828 -0.305768 0.664542
0.735696 -0.2873 0.613359
-0.352417 0.240448 0.904426
0.589028 -0.411625 0.695422
0.693317 -0.46426 0.551157
0.725238 0.533617 0.435066
0.149901 0.896546 0.416816
-0.032427 -0.759912 0.649216
-0.726388 0.376257 0.575144
0.479794 0.297171 0.825523
0.697596 0.416986 0.582651
-0.424622 -0.582817 0.692835
0.020378 0.998964 -0.040692
0.83432 0.0395 0.549863
0.462241 -0.341483 0.818366
-0.94808 -0.006067 0.317974
0.009847 -0.155824 0.987736
0.907077 0.313727 0.280688
-0.177614 0.312539 0.933152
-0.682998 0.729696 0.032521
0.057724 0.5434 0.837487
-0.332072 0.885063 0.326179
-0.540499 -0.278831 0.793797
-0.030976 0.889503 0.455878
-0.864523 0.02715 0.501859
-0.531936 0.846733 0.009362
-0.24418 0.73891 0.628004
-0.712643 0.528894 0.46088
-0.292675 0.438618 0.84968
0.959019 0.120369 0.256502
-0.776586 -0.58436 0.235452
-0.660043 -0.133623 0.739248
0.991034 0.013535 -0.132926
-0.562595 -0.608376 0.559791
-0.414947 -0.725017 0.5497
