236
-0.66955 -0.241539 0.702397
0.311835 0.3398 0.887297
-0.338665 -0.803111 0.490223
-0.124442 0.053461 0.990786
0.140755 0.898932 0.414861
-0.516459 -0.48282 0.707216
-0.074749 -0.597558 0.798334
-0.553986 -0.165843 0.815841
-0.61975 0.292781 0.728141
-0.383276 0.262618 0.885512
-0.669703 -0.616386 0.414206
-0.274082 -0.197011 0.941311
-0.739949 0.210995 0.638715
-0.604042 -0.796744 -0.01825
-0.860079 0.495528 0.121306
0.745678 -0.233919 0.623896
0.633223 0.632392 0.446216
-0.526523 0.190059 0.828644
0.38196 0.46484 0.798768
-0.210359 -0.663073 0.71839
0.211985 0.47911 0.851772
-0.111376 -0.286485 0.951589
-0.55092 0.007568 0.834524
0.884348 0.283207 0.371109
0.089289 0.812933 0.575472
-0.760768 0.460424 0.45743
-0.391229 -0.425445 0.816049
0.667287 0.38011 0.640503
0.676709 0.083897 0.731455
0.398404 -0.807519 0.434956
-0.036918 0.354259 0.934418
0.349999 0.710893 0.610026
0.532842 0.43014 0.728738
-0.996491 0.040134 0.073452
0.744962 -0.38141 0.547318
-0.234437 0.922328 0.307165
0.702867 0.491147 0.51454
0.646188 -0.646741 0.405175
-0.683378 0.726756 -0.069425
0.9544 0.269585 -0.12824
-0.820509 -0.549641 0.157037
-0.278053 0.951172 0.134012
-0.753774 0.625462 0.20155
0.133312 0.344517 0.929266
-0.860581 0.355012 0.365195
-0.808416 -0.423764 -0.40852
0.037842 0.488929 0.871502
-0.229427 -0.516916 0.824719
-0.015609 0.884016 0.467196
0.875486 -0.48098 0.046708
-0.673929 -0.067444 0.735712
-0.424552 0.902755 0.069199
-0.726457 -0.683611 0.070267
-0.822592 -0.568509 -0.011822
0.675558 0.686431 0.269135
-0.840647 -0.364599 0.400476
0.579518 0.792901 0.188324
0.958834 0.281077 0.040417
-0.655215 0.111224 0.74721
0.834468 -0.110605 0.539842
0.338884 -0.136399 0.930888
-0.09159 -0.445096 0.890787
0.357 -0.299722 0.884713
-0.421067 -0.095707 0.901966
-0.86272 -0.20662 0.461543
0.126705 -0.983609 0.128292
0.307752 0.034296 0.950848
-0.641879 0.54369 0.540733
0.596363 -0.047785 0.801291
0.97 -0.054743 -0.236862
-0.922221 -0.250811 0.294284
0.361555 -0.595242 0.717611
0.093733 -0.784869 0.612532
-0.180469 -0.946371 0.267979
-0.967178 0.20272 0.153206
-0.524808 -0.697117 0.488471
0.62616 -0.212951 0.75005
-0.937466 0.345371 0.043323
0.724152 -0.078444 0.685165
-0.095321 0.800376 0.591871
-0.175559 0.69669 0.695559
-0.324454 -0.886974 0.328645
0.559444 -0.811513 0.16873
0.311885 0.932095 0.184194
-0.26578 0.782574 0.562973
0.963679 -0.01544 0.266616
-0.326675 0.430071 0.841619
0.106593 -0.882977 0.457154
-0.282128 0.958675 -0.036679
-0.482323 0.36795 0.79497
-0.333481 -0.928542 0.163097
0.725241 -0.517116 0.45455
-0.037953 -0.928223 0.370084
0.91689 -0.142068 0.373
-0.413289 -0.26547 0.871044
-0.932794 -0.093974 0.347944
-0.126889 0.991166 0.038585
0.86606 -0.45155 0.214577
-0.917044 0.06562 0.393349
0.966641 -0.168047 0.193302
-0.775823 -0.144386 0.614208
0.14883 0.069791 0.986397
0.034407 -0.192742 0.980646
-0.344665 -0.707958 0.616443
0.263608 -0.890301 0.371315
-0.787801 -0.519994 0.330114
-0.05621 -0.733419 0.677449
-0.331256 -0.943515 -0.007035
0.217491 -0.564389 0.796343
0.829067 -0.410045 0.380146
0.54335 0.130676 0.829273
-0.769809 0.035967 0.63726
-0.420898 0.52822 0.737447
0.63567 -0.370744 0.677106
0.784829 0.318123 0.531828
-0.459174 -0.800327 0.385534
-0.992248 -0.123359 0.01508
-0.183723 -0.978092 0.097886
0.404409 0.795901 0.450549
0.897963 0.012083 0.439905
0.936127 0.136274 0.324184
0.740547 0.204934 0.639994
-0.9117 0.354643 0.207438
-0.73812 -0.464688 0.489126
0.113158 0.611184 0.783358
-0.537788 0.823841 0.179084
-0.70017 0.383025 0.60254
0.471164 0.305049 0.827617
-0.882754 -0.406104 0.236271
-0.496209 0.792608 0.354329
0.751732 0.563167 0.343136
-0.426507 0.898471 -0.104123
0.154345 0.954597 0.254799
0.212908 -0.41651 0.883849
0.99519 -0.026034 0.094445
0.787744 -0.600949 0.135348
-0.191664 -0.785936 0.587852
0.457355 -0.003349 0.889278
0.979051 0.131847 0.155163
0.909705 -0.292839 0.294419
0.542544 -0.771193 0.333029
-0.182122 -0.980314 -0.076267
-0.667681 0.737124 0.10417
0.674436 -0.698628 0.238861
0.769279 -0.56536 0.297621
-0.122704 0.971017 0.205109
0.227568 -0.700799 0.676086
0.613639 0.259755 0.745637
-0.616337 -0.551111 0.562499
-0.345652 0.666013 0.661023
0.053243 -0.356821 0.932654
-0.173772 0.877842 0.446315
-0.030224 -0.999107 0.02952
-0.416282 0.080611 0.905655
-0.359796 -0.57323 0.736176
-0.394127 0.885101 0.247507
-0.541049 -0.331253 0.773006
0.625136 -0.523381 0.579032
-0.977006 -0.109363 0.183029
0.560192 -0.828362 -0.001451
-0.903612 -0.422749 0.069057
0.507967 -0.476304 0.717708
0.242809 -0.813341 0.528696
-0.014995 0.947183 0.320344
0.016287 -0.018216 0.999701
-0.768395 -0.308752 0.560572
-0.610975 -0.777057 0.151303
0.935548 0.285967 0.207301
-0.920431 0.211741 0.328593
0.799976 0.04633 0.598241
0.843486 -0.263571 0.468041
0.179596 -0.097215 0.978925
-0.818335 0.497634 0.287555
-0.188724 -0.879466 0.436947
0.496434 -0.608865 0.618738
-0.070533 0.602034 0.795349
0.895962 0.433855 0.094981
0.415619 -0.867819 0.272308
-0.127743 -0.120482 0.984462
-0.255563 -0.361366 0.896717
0.439285 0.583479 0.683067
-0.577089 0.678995 0.4538
0.370733 -0.721315 0.585031
-0.706238 0.600167 0.375536
0.251236 0.81678 0.519375
0.54682 0.752864 0.366311
-0.147321 0.470776 0.869866
-0.252998 0.57256 0.77985
-0.475586 -0.849816 0.227226
0.275776 -0.938888 0.206004
0.190303 0.719214 0.668219
-0.043585 -0.846606 0.530433
-0.812564 0.293398 0.503644
-0.652831 -0.401898 0.642098
-0.71213 -0.694996 -0.099252
0.118793 -0.947868 0.295693
0.394935 0.173638 0.902151
0.047011 0.192873 0.980097
0.863893 0.434653 0.254491
-0.277908 -0.023774 0.960313
0.199758 -0.259606 0.944829
0.50467 -0.330389 0.797591
-0.344599 0.841876 0.415327
-0.632609 0.721662 0.281087
-0.222625 0.324888 0.919177
0.498788 0.681819 0.535102
0.854134 0.166007 0.492846
-0.030059 -0.989236 -0.143207
-0.845428 0.139133 0.515648
-0.858806 -0.042902 0.510502
-0.477932 -0.621409 0.620831
-0.783074 0.621092 0.03223
0.460632 0.881212 0.106227
-0.477606 -0.876293 0.063263
0.009732 0.716545 0.697473
0.294518 0.888163 0.352739
-0.982034 0.187683 -0.019604
-0.430194 0.738289 0.519483
-0.570039 0.46184 0.679529
-0.441512 -0.853018 -0.278259
0.52264 -0.697899 0.489678
-0.93737 0.325521 -0.123992
0.365558 -0.452959 0.813139
-0.596579 -0.736551 0.318725
-0.799017 -0.574208 -0.178482
0.283632 0.600693 0.747476
-0.11127 0.210666 0.971205
0.065169 -0.513162 0.855814
0.487757 -0.173123 0.855641
-0.271293 0.151099 0.950563
0.579506 0.544949 0.605972
0.079091 -0.658326 0.748566
-0.029222 -0.979257 0.200504
-0.503685 0.61257 0.609146
0.232461 0.207993 0.950106
-0.717659 -0.653351 0.241036
