153
-0.154558 0.688623 0.708456
0.417545 -0.424348 0.803483
0.388106 0.894091 0.223551
0.696091 0.684931 0.215238
0.881791 -0.432411 0.188321
0.293341 0.451637 0.8426
0.686036 -0.165666 0.708456
0.938201 0.148549 0.312589
-0.278951 0.88131 0.381417
0.34621 -0.623329 0.701142
-0.739543 -0.031963 0.67235
0.793195 -0.487384 0.3651
0.231783 0.965804 -0.116185
0.938201 0.148549 -0.312589
-0.924034 0.084689 0.372811
-0.696091 -0.684931 0.215238
-0.876687 0.293157 0.381417
-0.572721 -0.563539 0.595328
-0.82505 0.131433 0.549562
-0.417034 -0.096724 0.90373
0.65299 -0.663629 0.364968
0.572721 0.563539 0.595328
-0.293341 -0.451637 0.8426
-0.612805 -0.164442 0.772935
-0.001976 0.981703 0.190407
-0.150961 0.153421 0.976562
-0.103451 -0.415416 0.90373
0.150961 -0.153421 0.976562
-0.163691 -0.935678 0.312589
0.763254 -0.618277 0.187555
0.565949 -0.031354 0.823844
0.900246 0.373606 0.223551
-0.502111 0.230569 0.8335
-0.998705 -0.050866 -0
-0.508158 0.682092 0.525857
0.564166 0.818247 -0.110405
0.319719 0.849692 0.419289
0.022204 -0.566382 0.823844
-0.605862 0.773146 0.187555
-0.174324 -0.610068 0.772935
-0.673791 0.519115 0.525857
-0.633317 -0.356038 0.687129
0.366226 0.627481 0.687129
0.924034 -0.084689 0.372811
0.222424 -0.505772 0.8335
0.417034 0.096724 0.90373
-0.366226 -0.627481 0.687129
-0.79262 -0.515713 0.325258
0.056254 0.210242 0.97603
-0.881791 0.432411 0.188321
-0.388106 -0.894091 0.223551
0.474503 -0.800968 0.3651
0.502111 -0.230569 0.8335
0.418105 -0.888664 0.188321
-0.319719 -0.849692 0.419289
-0.417545 0.424348 0.803483
-0.04391 -0.73893 0.67235
0.854748 0.305946 0.419289
-0.731718 -0.444749 0.516515
0.154558 -0.688623 0.708456
-0.093891 0.363926 0.926684
0.647378 0.637 0.418488
0.981543 -0.017841 0.190407
0.528455 0.784183 0.325258
-0.864696 -0.07984 0.49591
0.633317 0.356038 0.687129
-0.53151 0.847052 0
-0 0 1
0.766464 0.231151 0.599251
-0.338703 0.940893 0
0.605862 -0.773146 0.187555
-0.093803 -0.863293 0.49591
-0.647378 -0.637 0.418488
-0.293515 0.298297 0.908222
0.739543 0.031963 0.67235
0.260148 0.255977 0.93102
0.52431 -0.532852 0.664205
-0.766464 -0.231151 0.599251
0.763254 -0.618277 -0.187555
0.612805 0.164442 0.772935
-0.362361 0.09976 0.926684
0.231783 0.965804 0.116185
-0.056254 -0.210242 0.97603
0.564166 0.818247 0.110405
0.093803 0.863293 0.49591
0.211123 0.052849 0.97603
-0.473443 -0.465853 0.747551
0.216422 -0.956384 0.196189
0.163691 0.935678 0.312589
0.82505 -0.131433 0.549562
-0.474503 0.800968 0.3651
0.093891 -0.363926 0.926684
0.827257 0.550869 0.110405
0.508158 -0.682092 0.525857
0.827257 0.550869 -0.110405
-0.617653 0.356238 0.701142
0.174324 0.610068 0.772935
-0.407651 -0.913138 -0
-0.222424 0.505772 0.8335
-0.211123 -0.052849 0.97603
-0.686036 0.165666 0.708456
-0.022204 0.566382 0.823844
0.731718 0.444749 0.516515
-0.65299 0.663629 0.364968
0.712797 0.70137 0
0.617653 -0.356238 0.701142
-0.456515 -0.724435 0.516515
-0.969424 -0.216145 -0.116185
-0.139191 0.990266 0
-0.118083 0.827066 0.549562
-0.764926 0.331705 0.552141
-0.456318 -0.286004 0.8426
-0.565949 0.031354 0.823844
0.952762 -0.231849 -0.196189
-0.069745 0.925282 0.372811
0.764926 -0.331705 0.552141
0.456318 0.286004 0.8426
0.70137 -0.712797 -0
0.04391 0.73893 0.67235
-0.793195 0.487384 0.3651
-0.969424 -0.216145 0.116185
-0.34621 0.623329 0.701142
-0.066999 -0.997753 -0
-0.216422 0.956384 0.196189
0.473443 0.465853 0.747551
0.362361 -0.09976 0.926684
-0.528455 -0.784183 0.325258
0.876687 -0.293157 0.381417
0.243507 0.762629 0.599251
0.987887 -0.155176 0
0.278951 -0.88131 0.381417
0.919606 0.392842 0
0.838352 -0.545129 0
0.118083 -0.827066 0.549562
0.673791 -0.519115 0.525857
-0.981543 0.017841 0.190407
0.319301 -0.770187 0.552141
-0.001976 0.981703 -0.190407
-0.260148 -0.255977 0.93102
0.952762 -0.231849 0.196189
-0.52431 0.532852 0.664205
0.293515 -0.298297 0.908222
0.456515 0.724435 0.516515
-0.319301 0.770187 0.552141
0.069745 -0.925282 0.372811
-0.243507 -0.762629 0.599251
-0.900246 -0.373606 0.223551
-0.854748 -0.305946 0.419289
0.79262 0.515713 0.325258
-0.935297 0.353863 -0
0.103451 0.415416 0.90373
-0.418105 0.888664 0.188321
0.864696 0.07984 0.49591
