-0.419819 -0.590821 0.688972
0.311267 0.79469 0.521134
-0.122885 -0.08175 0.989048
0.00277 0.870817 0.4916
0.345407 0.875677 0.337466
0.199535 0.05191 0.978515
-0.961953 -0.092812 0.256968
-0.60328 0.340725 0.721083
0.278318 0.682858 0.675458
-0.379526 -0.32469 0.866335
0.065151 0.991784 0.110086
-0.946579 -0.318648 0.04951
-0.523859 -0.772529 0.358847
-0.331382 -0.728971 0.598989
-0.54553 -0.822373 0.161554
-0.724188 -0.471668 0.503072
-0.88636 -0.216058 0.409494
-0.708475 0.404469 0.578332
-0.642237 -0.630797 0.435461
-0.811466 -0.116448 0.57268
-0.760534 0.646297 -0.062365
0.313538 -0.728854 0.608659
0.184749 0.39701 0.899028
0.138534 -0.28576 0.948235
0.069538 -0.974143 0.214967
0.775842 0.629803 0.037652
0.982509 -0.183391 0.0323
0.73296 0.645237 0.215495
0.610969 0.719479 0.330253
-0.86408 0.491608 -0.108107
0.825839 0.015282 0.563699
-0.884382 0.420443 0.202722
-0.321892 0.858314 0.399604
0.588977 -0.587077 0.55538
0.37185 0.918147 0.136872
-0.58304 -0.069507 0.809465
0.282247 -0.956978 -0.067299
-0.784958 -0.601957 0.146591
-0.636503 0.771264 -0.004034
0.200957 -0.918172 0.341433
0.347444 -0.829249 0.437753
0.360682 0.396543 0.844193
-0.099973 0.633098 0.767588
0.718932 0.463656 0.517841
0.635243 -0.668399 0.386923
-0.933363 -0.27285 0.233209
-0.975883 -0.191927 -0.104004
0.012411 -0.812313 0.583089
-0.057991 -0.255856 0.964974
0.601108 0.627873 0.494414
-0.377003 0.75418 0.537664
0.959806 -0.239516 -0.146302
0.405536 0.87812 -0.25386
-0.42193 0.622927 0.658739
-0.841667 -0.387779 0.375797
-0.65077 0.682225 0.333269
-0.384661 0.92002 -0.074827
0.588677 -0.784868 -0.193496
-0.253206 -0.906773 0.337118
-0.583305 -0.53967 0.607052
0.572544 0.515175 0.637799
0.210211 0.950015 0.230829
-0.312993 -0.023487 0.949465
-0.479448 0.267134 0.835924
0.842088 0.506714 0.184739
0.129226 0.226392 0.965426
-0.424344 0.87774 0.222497
0.434855 -0.60188 0.669807
0.26638 -0.598137 0.755826
-0.232957 -0.634445 0.737028
0.476364 -0.718029 0.507456
0.447119 0.667773 0.595117
-0.335524 0.389273 0.85784
0.634835 0.762511 0.124746
-0.494893 0.785288 0.372028
0.262329 -0.121569 0.95729
0.689887 0.047715 0.722343
0.540615 -0.454739 0.707777
-0.813531 0.073581 0.576847
0.469553 0.769285 0.433267
-0.464779 0.460837 0.756048
0.31905 -0.292536 0.90146
0.047576 0.538101 0.841536
-0.049212 0.216646 0.975009
-0.719312 0.210482 0.662033
0.994014 -0.045076 -0.099524
-0.903534 -0.038865 0.42675
-0.088078 -0.954055 0.286393
-0.185237 0.098371 0.977758
-0.359454 -0.817526 0.449938
0.064276 0.994578 -0.081749
-0.259222 0.934752 0.242989
0.234449 0.549868 0.801672
-0.311919 -0.487926 0.815251
-0.229088 -0.972865 -0.032433
-0.724648 0.675697 0.135346
-0.780491 0.562589 0.272631
-0.963509 -0.081394 -0.254999
0.139139 0.793687 0.592201
0.657454 -0.72525 0.204369
0.498325 0.833787 0.237637
-0.669474 -0.740155 0.063041
-0.0995419 0.978753 0.179257
-0.496212 -0.688968 0.528297
-0.467641 0.059651 0.881903
-0.69349 -0.190241 0.694896
0.374735 0.052683 0.925634
-0.986734 -0.141404 0.079758
-0.958731 0.09369 0.268434
-0.290716 0.559449 0.776209
0.768009 0.182385 0.61392
0.094827 0.675727 0.731027
-0.664706 -0.701671 0.25656
-0.106527 0.994292 -0.005937
0.817665 0.305673 0.48784
0.231749 0.959978 -0.157272
-0.768884 -0.550077 0.325933
0.735629 -0.114311 0.66767
0.858832 -0.427024 0.282945
0.821008 -0.357093 0.445456
0.178458 0.889185 0.42131
-0.241135 0.705716 0.666197
0.680484 0.346386 0.645723
-0.650468 -0.372595 0.661865
0.902697 -0.286359 -0.321148
0.528656 -0.836076 0.146629
0.369586 -0.891604 0.261628
-0.781527 -0.299147 0.547472
-0.488704 0.870589 0.056948
0.892315 -0.140839 -0.428881
-0.040654 -0.950601 -0.307741
0.594313 -0.120994 0.79508
0.483135 -0.294332 0.824591
-0.11122 -0.536788 0.836354
-0.149444 -0.867437 0.474572
0.736957 0.5633 0.373614
0.620542 0.211973 0.75498
-0.131027 0.917614 0.375255
0.997049 0.009659 0.076153
0.228071 -0.963114 0.142814
0.525866 0.382709 0.759604
0.842727 0.414003 0.344112
0.739285 -0.523198 0.423936
-0.545083 0.668105 0.506478
0.970666 -0.114288 0.211534
0.85357 -0.157426 0.496624
0.466029 0.22506 0.855666
0.538698 0.049472 0.841045
0.886313 0.140033 0.441407
0.919058 0.2551 0.300426
0.386518 0.919777 -0.067922
-0.603658 0.137733 0.785256
0.381557 -0.456428 0.803796
-0.519268 -0.854101 -0.02953
-0.039693 -0.682176 0.73011
0.768919 -0.588447 0.249987
-0.709902 0.003235 0.704293
0.013481 -0.420801 0.907053
0.301539 0.229622 0.925391
-0.186909 -0.379693 0.906034
0.031829 -0.907796 0.418203
0.837653 -0.541034 -0.07496
0.409751 0.543271 0.732776
0.682916 -0.439015 0.583859
0.756615 -0.27549 0.592991
-0.512217 0.791964 -0.332306
-0.000812 0.384121 0.923282
-0.691626 0.555617 0.461457
0.141448 -0.716961 0.682613
0.076513 -0.119367 0.989898
-0.493655 -0.434644 0.753253
0.084338 -0.575224 0.813637
-0.810507 0.429209 0.39857
0.014448 0.049056 0.998692
0.435446 -0.122529 0.891837
-0.049637 0.764232 0.643028
-0.196309 0.308031 0.930903
-0.812737 0.277185 0.512471
-0.162522 -0.768382 0.619012
-0.87614 -0.481987 0.008177
-0.339458 0.186441 0.921959
-0.433675 -0.145307 0.889276
-0.188463 0.825471 0.532052
0.182762 -0.834447 0.519901
-0.579899 0.524174 0.623665
-0.92817 0.371613 0.020108
0.912433 -0.236755 0.333786
0.629682 -0.289268 0.720989
-0.253171 -0.207995 0.944798
-0.874917 -0.44351 0.194472
-0.149699 0.480478 0.864136
-0.937405 0.309398 -0.159825
-0.550818 -0.261493 0.792604
0.206208 -0.446987 0.870449
-0.923112 -0.356967 -0.142964
0.922506 -0.037148 0.38419
