-0.401264 -0.61026 0.683059
0.310119 -0.629361 0.712552
-0.734141 -0.633827 0.243517
-0.845306 0.520399 0.121006
0.673203 -0.729097 0.123351
0.727314 0.590818 0.349212
0.247575 -0.284249 0.926234
-0.658896 0.406518 0.632929
-0.441597 -0.875058 0.198156
-0.1001 -0.994807 -0.018407
0.754854 -0.593 0.280262
0.136533 0.437551 0.888768
-0.927489 0.338697 0.158265
0.856327 0.49642 -0.142379
0.135023 0.619607 0.773212
0.872198 0.485608 0.058788
-0.584073 -0.74738 0.316672
0.315276 0.512571 0.798669
0.975741 -0.218698 0.01002
-0.742892 -0.213788 0.634355
0.765778 -0.297488 0.570162
0.616114 0.605185 0.504138
0.476576 -0.851382 0.219144
-0.971653 0.138835 0.191353
0.464641 0.864914 0.189824
0.713726 -0.524882 -0.463782
0.462327 -0.775979 0.429081
0.767553 0.435806 0.470037
-0.097781 -0.282546 0.954257
-0.198662 0.616199 0.762123
0.286283 0.817624 0.499533
-0.247965 0.45576 0.854866
-0.58013 0.814304 0.018937
0.461554 0.887099 -0.004841
0.636559 -0.617903 0.461507
-0.083064 0.14676 0.985678
-0.098267 -0.069709 0.992716
0.423694 -0.904831 0.042008
-0.796802 0.334139 0.503446
0.401103 -0.164955 0.901059
-0.253493 0.966062 0.04966
0.082995 0.042933 0.995625
0.621262 0.05977 0.78132
-0.078174 -0.978756 0.189538
-0.229478 0.755796 0.61328
0.848506 0.458373 0.264444
0.07317 -0.987442 -0.140018
-0.195074 -0.718072 0.668071
-0.274063 -0.956986 0.095217
0.299547 0.67834 0.670915
0.87533 -0.274093 0.398335
0.244634 0.924033 -0.293798
-0.742679 -0.003282 0.669639
-0.433263 0.145068 0.889516
0.49141 0.391137 0.778157
0.294533 -0.462486 0.836276
-0.558629 0.58918 0.583781
-0.059395 0.844352 0.532487
-0.9144 -0.325456 0.24073
-0.401039 0.340837 0.850293
0.934299 -0.076573 0.348169
-0.068953 0.355334 0.932193
-0.611379 -0.136599 0.779459
0.607677 -0.734119 0.302983
0.954432 0.122065 0.272323
0.128036 -0.566864 0.813801
0.111254 0.897527 0.426695
0.126278 0.78014 0.612728
0.304212 -0.772954 0.556774
-0.035641 0.712038 0.701236
-0.84804 0.125212 0.514927
-0.269387 0.039258 0.962232
0.91288 -0.405513 0.046999
-0.417008 0.737093 0.531788
-0.926719 -0.154329 0.3426
0.644307 0.434005 0.629689
0.109694 0.967592 0.227447
0.880691 0.284637 0.378635
-0.43398 0.829032 0.352657
0.479257 -0.502035 0.719912
-0.116973 0.951662 -0.284
-0.269305 -0.37117 0.888655
0.622868 -0.315198 0.716021
-0.255817 0.933085 0.252805
0.246075 -0.061305 0.96731
0.722 -0.121934 0.681064
0.844692 -0.101878 0.525468
-0.201018 -0.852041 0.483341
0.310918 0.329778 0.89139
-0.721761 -0.411799 0.556311
-0.48947 0.465352 0.737474
0.482214 0.558404 0.675022
0.727889 -0.681078 -0.079436
-0.433993 -0.441599 0.785265
-0.902103 0.248765 0.352599
0.277078 -0.946045 0.168005
0.946971 0.318382 -0.043357
-0.614401 -0.780046 0.118488
0.136893 -0.730859 0.668659
0.757463 0.651519 -0.042108
-0.449449 -0.055959 0.891552
0.431852 -0.887401 -0.161318
-0.684258 -0.581491 0.440067
0.766041 0.073529 0.638573
0.812438 -0.576969 0.083967
0.107268 0.25031 0.962205
-0.037457 -0.652542 0.756826
0.085772 -0.390066 0.916783
-0.73466 0.618912 0.277889
0.459245 0.802989 0.379872
0.480589 -0.650667 0.587934
0.775699 -0.456144 0.436146
0.613129 0.734213 0.291555
-0.037006 0.533428 0.845035
-0.814147 -0.463163 0.350206
0.57284 -0.13618 0.808276
0.986555 -0.049563 0.155732
-0.601772 0.06828 0.795744
0.879443 0.095978 0.466227
-0.043313 -0.919302 0.391163
-0.353809 -0.7517 0.556567
0.457131 0.704979 0.542251
0.946453 -0.246312 0.208704
-0.450183 -0.254071 0.856028
0.625137 0.775787 0.085779
0.479171 0.211623 0.851828
0.454357 -0.336815 0.824691
-0.851594 -0.079465 0.518144
0.287249 0.951834 0.107239
-0.837873 0.442788 0.31923
0.987022 0.147504 0.063476
-0.978746 -0.130571 0.158137
0.090141 -0.993147 0.074385
0.279684 0.141436 0.949617
0.307408 -0.881163 0.359238
0.444034 0.027534 0.895587
-0.277537 -0.169852 0.945581
0.64633 0.250834 0.720652
0.64239 -0.477184 0.599692
-0.596996 0.770774 0.222493
-0.937354 0.035663 0.346549
-0.935853 -0.308782 -0.169801
0.840119 0.289463 -0.458707
-0.376843 0.61157 0.69568
-0.405866 -0.829516 0.383636
0.075352 -0.178446 0.98106
-0.58987 0.69469 0.411655
-0.726472 0.201788 0.656901
0.998778 -0.021467 -0.044522
-0.602421 -0.33598 0.724021
-0.250944 0.861209 0.441979
-0.072121 0.936501 0.343168
-0.530708 -0.680925 0.504669
-0.24579 0.248845 0.936837
0.86864 -0.4297 0.246623
-0.574617 -0.520832 0.631308
-0.289067 -0.906324 -0.308248
-0.242733 -0.55722 0.794095
-0.759247 -0.632155 -0.154676
-0.576697 0.268817 0.771465
0.139792 -0.864912 0.482063
-0.027211 -0.809377 0.586659
0.781219 0.261196 0.566986
-0.079688 -0.481568 0.872779
