-0.362559 0.3809 0.850568
-0.390944 0.737032 0.551314
0.361314 -0.929987 0.067644
0.202421 0.44033 -0.87472
-0.270195 0.520589 0.809927
-0.547104 -0.602412 0.581186
-0.948249 -0.165654 0.270891
0.248139 0.135946 0.959138
0.632977 0.753055 0.179577
0.021654 -0.889966 0.455513
-0.192489 0.366957 0.910105
-0.988776 -0.070476 0.131739
0.584285 -0.534893 0.610328
-0.609478 0.460056 0.645666
-0.220498 0.763679 0.606774
0.14609 -0.931093 0.334251
0.160671 0.592009 0.789753
0.465912 0.553576 0.690275
-0.982647 0.120932 0.140646
-0.279315 -0.795836 0.537241
-0.424232 0.812098 0.400655
-0.856063 0.305315 0.41706
0.705784 -0.398306 0.585851
0.801581 -0.252202 0.542091
-0.999668 0.02321 -0.011226
0.0697 0.470369 0.879713
0.801006 -0.413035 0.433349
-0.445141 0.232591 0.864726
0.02674 -0.999282 -0.026846
-0.540393 0.838556 -0.069277
0.692947 -0.233268 0.68221
-0.342863 0.639087 0.688486
0.547842 -0.672182 0.498036
-0.156896 -0.894187 0.419301
-0.319991 -0.115154 0.940396
-0.591707 0.796969 0.121338
-0.830364 0.007326 0.557173
-0.269887 0.742719 -0.612805
0.879668 0.225381 0.418793
-0.895697 0.113911 0.429827
0.737826 -0.654131 0.166513
-0.820984 -0.437317 0.367068
0.359436 0.885769 0.293631
-0.202836 0.037223 0.978505
-0.79172 0.610335 0.025899
-0.881222 0.393672 0.261668
0.606992 -0.766913 0.208341
0.392419 -0.775885 0.493973
0.776139 -0.080593 0.62539
-0.305052 -0.565556 0.766218
0.701432 0.402364 0.5883
0.651905 -0.673541 0.348371
0.594873 0.55452 0.581923
0.227678 0.881161 0.414389
0.329277 -0.024446 0.943917
-0.446573 0.502028 0.740635
-0.943114 0.307741 0.125827
-0.386787 -0.665912 0.637932
-0.769271 -0.366147 0.523601
0.978112 0.044977 0.203162
0.192387 0.948767 0.250658
0.679462 0.659383 0.321785
0.394897 -0.183901 0.900132
-0.099657 0.506244 0.856613
0.311835 0.942887 0.117143
-0.876085 -0.269874 0.399554
0.65449 -0.062526 0.753481
0.195725 -0.980456 0.019942
0.888864 0.360359 0.282952
-0.696578 -0.526984 0.486895
0.502125 -0.043787 0.863686
-0.283543 0.912011 0.296378
-0.912541 -0.336551 0.232384
0.082325 -0.799796 0.5946
0.454873 -0.887763 -0.070484
0.987502 0.147196 0.056339
0.405309 0.799571 0.443182
0.21411 -0.16732 0.962373
0.519012 0.254247 0.816079
0.0327 -0.006252 -0.999446
-0.040699 -0.712188 0.700808
0.142343 -0.683516 0.715922
-0.444748 -0.747633 0.493197
0.426319 -0.650094 0.628992
0.874112 0.466101 0.136668
0.84379 -0.523426 0.118509
0.719981 0.693194 0.03329
0.663166 0.252511 0.704591
-0.132882 -0.586101 0.799267
-0.694731 0.631255 0.34477
-0.112566 0.190284 0.975254
-0.980985 0.118061 -0.154047
0.52807 0.787705 0.317275
0.830572 0.556849 -0.00834
0.947187 0.204682 0.246864
0.02437 0.977134 0.211223
-0.598393 -0.67349 0.433977
0.461447 -0.50705 0.727989
0.560068 -0.204791 0.802736
0.707615 0.540334 0.455324
-0.417255 -0.908549 0.02091
0.045336 -0.58719 0.808179
-0.739021 -0.589044 0.326917
-0.435566 -0.255468 0.863145
0.266336 0.787838 0.555316
0.163085 -0.480619 0.861631
0.430377 0.116393 0.895113
-0.975946 0.217535 -0.014409
-0.848299 -0.492425 0.194696
-0.553215 0.694464 0.460079
0.258283 -0.94444 0.203279
0.940245 -0.108485 0.322755
0.240524 0.420579 0.874792
-0.087143 -0.299693 0.950047
0.48315 0.091459 -0.870748
0.504321 -0.785413 0.358868
-0.085861 0.983553 -0.158907
-0.029768 -0.955671 0.292927
0.801957 0.510514 0.310226
-0.646753 -0.754982 0.108224
-0.216796 -0.702848 0.677498
0.152929 0.293919 0.943517
-0.660773 0.555499 0.504777
-0.257466 0.850601 0.458464
-0.696009 -0.281613 0.660504
0.326243 -0.461546 0.824949
0.427505 0.400651 0.810382
-0.364088 0.059568 0.929458
0.678231 -0.734514 0.022186
0.127076 0.728626 0.67302
-0.103869 -0.814981 0.570103
0.78391 0.241739 0.57188
0.774812 -0.552899 0.306544
0.441128 -0.870925 0.216555
0.912672 0.405806 -0.048491
-0.631205 -0.724923 0.275802
0.923543 -0.377473 0.06769
-0.807417 0.549449 0.214905
-0.511036 -0.844248 0.161519
-0.148122 -0.137555 0.979356
-0.70973 0.683852 0.169202
0.871594 -0.095856 0.480766
-0.516212 0.076496 0.853038
-0.021708 0.335989 0.941616
-0.473027 -0.515528 0.714476
0.322458 0.535837 0.78032
0.33097 -0.874341 0.354947
0.807401 0.38457 0.447449
0.034662 -0.162609 0.986082
-0.199996 -0.94708 0.251079
-0.374772 -0.413892 0.829602
-0.806801 0.206186 0.553678
0.96586 0.24296 -0.089915
-0.445256 0.862723 0.2397
0.883987 -0.266053 0.384425
-0.737587 -0.102528 0.667423
0.841445 0.075486 0.535044
-0.580693 0.758064 0.296874
0.731765 0.089883 0.675604
-0.544755 -0.357369 0.758637
-0.748751 0.394653 0.532561
-0.171201 0.651353 0.739209
-0.537313 0.352085 0.766375
0.587629 -0.375279 0.716839
0.1463 -0.007726 0.98921
0.055177 0.922447 0.382162
-0.361503 -0.908716 0.208689
-0.023906 -0.45099 0.892209
0.574587 0.407971 0.709514
0.567116 0.823139 0.028654
0.442421 0.688446 0.574723
0.771847 0.611904 0.172703
-0.759121 -0.632484 0.153946
-0.484872 -0.808265 0.334075
0.56975 0.683441 0.456392
-0.613322 0.188415 0.767031
0.450193 -0.338138 0.826432
-0.256267 -0.964201 0.068149
0.342495 0.271633 0.899396
0.299401 0.672135 0.677195
-0.265206 -0.282356 0.921922
0.471542 0.866534 0.163607
0.869935 -0.418047 0.261628
-0.600228 -0.190098 0.77691
0.098577 -0.324655 0.940681
-0.632251 -0.44804 0.632075
0.287014 -0.603677 0.743772
0.143999 0.987024 0.071046
-0.003703 0.632421 0.774616
0.272825 -0.319754 0.907372
-0.115876 0.932263 0.342722
-0.902268 -0.08131 0.42344
-0.510277 0.60732 0.608917
-0.690932 0.295227 0.65989
-0.086673 -0.989782 0.11322
0.93872 -0.27271 0.210792
-0.04626 0.760759 0.647383
0.060529 0.156364 0.985843
0.690708 -0.548309 0.471466
-0.281128 0.218103 0.934558
0.21071 -0.850557 0.481824
-0.934456 0.213064 0.285299
-0.957324 0.0229 0.288108
0.595263 0.099012 0.797408
-0.636836 -0.013288 0.770885
-0.945421 -0.310411 -0.099121
-0.880819 0.46734 0.075841
-0.085182 0.860073 0.50301
0.301964 -0.945489 -0.121934
0.817866 0.189216 -0.543409
-0.326143 -0.865405 0.380401
0.089593 0.838732 0.537123
0.924209 0.060806 0.377016
-0.786534 0.482371 0.385595
-0.7343 0.098679 0.671614
0.141529 -0.975465 -0.168635
