235
-0.116155 -0.538336 0.834687
-0.614996 0.504258 0.60622
-0.726023 0.49428 0.478097
0.579268 -0.779954 0.236897
0.964737 -0.004399 0.26318
-0.097125 -0.393006 0.914392
0.586985 0.134675 0.798318
0.711007 0.699149 0.075231
0.300631 -0.682153 0.66655
0.790313 -0.604523 0.099785
-0.600419 0.629975 0.492573
0.497818 0.842145 0.207288
-0.665589 0.71488 0.21433
0.192079 -0.896506 0.399228
-0.862554 -0.502252 0.061187
0.025821 0.889361 0.456477
0.569583 0.643371 0.511516
0.916704 0.28443 -0.280629
0.229056 -0.299263 0.926269
0.048665 -0.505946 0.861191
0.560767 -0.644321 0.519991
-0.525852 0.846176 -0.086409
0.671663 -0.214952 -0.708988
-0.133438 -0.669532 0.730699
-0.589083 0.09501 0.802468
-0.112076 0.228998 0.966953
0.906308 0.037649 0.420938
-0.826783 -0.429143 0.363685
0.863199 0.210331 0.458964
-0.0726 -0.996458 -0.042423
-0.611433 -0.685535 0.395211
-0.39603 -0.327039 0.858024
0.990396 -0.091893 -0.103302
-0.752506 -0.417694 0.509183
-0.201877 -0.118234 0.972248
-0.538311 -0.364445 0.759869
0.068309 0.946755 0.314626
-0.382329 0.265457 0.885075
-0.520804 0.824998 0.219411
-0.936208 -0.167425 -0.309003
0.414593 -0.733188 0.539025
0.459502 -0.732926 -0.501674
0.734578 -0.389158 0.555833
-0.055911 0.552867 0.831392
0.917871 -0.131942 0.374306
-0.853089 -0.276867 0.442249
0.009616 0.11433 0.993396
-0.929847 0.366332 0.034437
0.634842 -0.351882 0.687862
-0.656193 -0.394783 0.643084
0.43725 -0.863986 0.24968
-0.843104 0.533916 0.064099
-0.792945 -0.564978 0.228119
-0.89936 0.305 0.313251
0.758405 0.60958 0.230726
-0.344581 -0.933805 0.096295
0.454071 -0.8887 -0.063496
0.210886 -0.456927 0.864144
0.673583 0.638377 0.372507
0.166493 0.968752 0.183845
0.085012 0.452714 0.887594
0.485525 0.259403 0.834851
-0.819798 0.340707 0.460272
-0.251508 -0.93729 0.241311
0.244571 0.491783 0.835664
-0.949802 0.138792 0.28038
0.293892 -0.954353 -0.053273
-0.853667 -0.119966 0.506815
0.822831 0.075349 0.563269
0.43988 0.747016 0.49847
0.937374 -0.318194 0.14171
-0.266559 0.89582 0.355602
0.431986 0.639755 0.635689
0.02652 -0.645762 0.763078
0.09876 -0.839429 0.534421
-0.879976 0.180388 0.439435
0.885583 -0.42406 -0.189514
-0.118832 0.992012 0.04232
0.382985 -0.232128 0.894114
0.132643 0.725065 0.675786
0.995348 -0.048075 0.083489
0.259599 0.964609 0.046237
0.876865 0.337878 0.341975
0.408006 0.51812 0.75172
-0.366618 0.905926 0.21187
-0.02217 0.994834 -0.099062
0.287909 0.057813 0.955911
0.246719 -0.127891 0.960611
0.220337 0.909417 0.352721
0.186795 -0.603072 0.775507
0.500641 0.860902 -0.09059
-0.15302 0.049022 0.987006
-0.939784 -0.329263 0.091612
0.706371 -0.673784 0.216924
-0.479834 0.615321 0.625411
-0.215385 -0.819623 0.530874
0.685923 0.686803 -0.240441
0.259298 -0.798552 0.543212
0.623638 -0.019574 0.781468
-0.202011 0.959258 0.197524
0.215638 0.336166 0.916784
-0.784594 0.582487 0.21242
-0.720396 0.358189 0.593911
-0.368448 -0.16667 0.914586
-0.165789 -0.981267 0.09813
0.369184 -0.391803 0.84273
-0.644935 -0.548639 0.532028
0.606619 -0.505958 0.613205
0.458413 -0.603477 0.652436
0.637582 0.737772 0.22177
0.746631 -0.059801 0.662545
0.151961 0.831089 0.534976
-0.32111 -0.860561 0.395376
0.812797 -0.416775 0.407012
-0.654729 -0.233901 0.718763
0.112865 -0.963325 0.243447
-0.927836 -0.135778 0.347397
-0.077562 0.402458 0.912147
-0.971062 -0.175882 0.161569
-0.831485 0.040816 0.554045
0.954569 -0.254125 -0.155622
-0.34623 0.571546 0.743949
-0.539327 -0.520926 0.661636
0.546078 0.754598 0.363842
-0.727995 -0.566087 0.38674
-0.261224 -0.437376 0.860503
0.130605 -0.005257 0.991421
0.560253 0.527284 0.638818
0.915246 -0.019425 -0.402427
0.844693 -0.094844 0.526781
0.903497 -0.292803 0.312984
-0.723215 0.057759 0.688203
0.579109 0.812824 0.062856
0.699753 -0.537852 0.470171
-0.523949 0.264116 0.809765
-0.219779 0.494701 0.840814
0.689061 0.521322 0.503407
-0.738824 0.671043 0.061967
0.559133 0.792692 -0.242919
0.133663 -0.73583 0.663844
-0.641082 0.670055 -0.37422
0.789612 0.374654 0.48595
0.170487 0.175592 0.969588
0.292184 0.736348 0.610263
-0.66469 0.743633 -0.072091
-0.010494 0.800121 0.599747
-0.642825 -0.761118 0.086464
0.517138 -0.296117 0.803046
0.272164 0.623699 0.732752
0.373286 -0.922577 0.097517
-0.259065 -0.717913 0.646132
-0.381141 -0.757164 0.530503
0.341648 0.213573 0.915239
-0.37898 0.414965 0.827151
0.646636 -0.188757 0.739076
0.143246 -0.860811 -0.488349
0.601973 -0.795086 -0.073937
0.401744 0.849189 0.342753
0.841673 -0.260747 0.472861
-0.424425 -0.903387 -0.061281
-0.521861 -0.206644 0.827623
-0.071905 -0.234764 0.969389
-0.305134 0.809426 0.50172
0.787705 0.497577 0.363232
0.352984 -0.844307 0.403173
0.86309 0.456025 0.217063
0.298206 0.831003 0.469582
-0.763218 -0.641717 0.075478
0.98275 0.113341 0.146139
-0.277802 -0.580511 0.765397
-0.477163 -0.785575 0.393939
-0.33152 0.700673 0.631785
-0.191613 0.63898 0.744976
0.329893 0.92093 0.207507
0.973552 0.021212 -0.227479
0.716583 0.109021 0.688929
0.755052 -0.228065 0.614722
-0.974052 -0.224707 -0.027013
0.344371 -0.541804 0.766718
-0.52162 -0.662934 0.537057
-0.754797 -0.102007 0.647978
-0.044124 -0.76767 0.639324
0.914491 0.399287 0.065391
-0.703584 0.614987 0.356034
-0.173803 0.760525 0.625615
0.371205 0.379609 0.84741
-0.490215 -0.047083 0.870329
-0.070333 -0.968193 0.240116
-0.326817 -0.003733 0.94508
0.879826 0.427506 -0.207712
0.024821 -0.924568 0.380209
0.997064 0.065927 -0.038952
-0.978357 0.205897 -0.02057
0.521859 -0.124799 0.843853
-0.599671 0.365384 0.711961
0.461819 0.079476 0.883406
-0.030549 0.687504 0.725537
0.103538 -0.935902 -0.3367
-0.025894 0.983256 0.18038
0.048319 0.292083 0.955172
-0.062131 -0.85921 0.507837
0.108278 0.598726 0.793601
0.443923 -0.111537 -0.889096
-0.423463 0.829567 0.364001
-0.816884 0.467417 0.337967
-0.631657 -0.070817 0.772007
0.09205 -0.187436 0.977954
-0.237823 -0.281938 0.92949
-0.412727 -0.876317 0.248446
0.207095 -0.973111 0.100828
0.394498 -0.062248 0.916786
0.77003 -0.558664 0.308138
-0.407995 -0.629285 0.661468
0.674484 0.400627 0.620136
-0.572423 0.736694 0.36002
0.497225 -0.455781 0.738262
-0.030526 -0.065841 0.997363
-0.270878 0.159372 0.949329
-0.48859 0.477218 0.73044
0.787499 -0.201339 -0.582502
0.503297 -0.768833 0.394446
-0.232638 0.338555 0.911735
-0.28123 0.925468 -0.253809
0.93905 0.287218 0.188922
0.877825 -0.471205 0.085959
-0.413669 -0.480784 0.773127
0.821808 0.563297 0.085598
0.76437 0.245996 0.596007
0.067891 -0.353089 0.933123
0.530453 0.400393 0.747198
0.639373 0.272249 0.719085
-0.765177 -0.26155 0.588299
0.861067 -0.447054 0.242292
-0.15849 -0.911899 0.378577
0.964901 -0.164478 0.204727
