0.14393 -0.493087 0.857991
0.417863 -0.236865 0.877089
-0.084365 0.79597 0.599428
-0.340213 -0.889177 0.305972
0.480587 -0.036093 0.876204
0.278107 -0.08903 0.956415
-0.349073 0.936436 -0.035143
-0.142518 0.986262 -0.083521
0.915203 0.383891 0.122604
0.944589 0.086626 0.31662
-0.253644 0.825417 0.504333
0.738164 0.363824 0.568108
0.814798 -0.490991 0.308272
0.836041 -0.539965 -0.097328
-0.533125 -0.777723 0.333052
-0.471158 -0.535653 0.700775
-0.395128 0.025105 0.918283
-0.126324 0.377385 0.9174
-0.919383 -0.067383 0.387549
-0.141994 -0.941356 0.306082
0.664478 0.546714 0.509483
0.674691 -0.583032 0.45262
0.465667 -0.864663 0.188449
-0.325933 -0.692361 0.643742
-0.656278 -0.733196 0.178109
-0.585123 -0.361187 0.726068
-0.476689 -0.866424 0.148586
0 0 1
0.751479 -0.072353 0.655777
0.128678 -0.780449 0.611834
0.128332 0.954827 0.268024
-0.719155 0.02684 0.694331
0.562487 -0.75389 0.339496
0.704058 -0.285262 0.650329
-0.001818 -0.886969 0.461825
-0.494826 -0.196097 -0.846578
0.893032 -0.30829 0.327797
0.199533 -0.876706 0.437692
0.821018 0.547482 0.161843
0.310486 0.740904 0.595532
-0.187225 0.545285 0.817075
-0.697554 0.712152 0.079112
0.577206 -0.782042 -0.235039
0.848769 -0.45228 -0.273925
-0.772616 0.223385 0.594276
-0.0742 -0.990413 0.116521
-0.935551 0.271459 0.225952
0.049636 -0.652662 0.756022
0.178716 0.644155 0.743723
-0.52197 0.401327 0.752651
0.526304 -0.849498 -0.036838
-0.668192 -0.172227 0.72378
0.290629 0.290684 0.911613
0.341826 0.097949 0.934645
0.989913 -0.036495 0.136892
0.397881 0.814899 0.421463
-0.24389 0.911524 0.331121
-0.333693 0.395829 0.855552
-0.870583 -0.272764 0.409494
-0.843538 0.048253 0.534898
-0.40725 -0.911973 -0.049529
-0.063399 0.192434 0.97926
0.113455 0.788178 0.604899
-0.415607 -0.351547 0.838859
0.973001 -0.050631 -0.225177
0.510846 -0.678293 0.528161
0.446497 -0.571029 0.688888
0.711969 -0.652284 0.260049
0.758503 0.145728 0.635167
-0.214265 0.970039 0.114517
-0.728464 0.630374 0.268272
0.532397 -0.367196 0.762706
-0.98691 0.15461 0.045874
0.789988 -0.607584 0.082225
-0.204271 0.014535 0.978806
0.628156 0.285057 0.72399
-0.212101 -0.355798 0.910176
-0.392034 0.559522 0.730236
-0.027844 0.665614 0.745777
0.61899 -0.483111 0.619237
-0.269229 0.211886 0.939479
0.675339 0.717277 0.171552
-0.243497 0.691138 0.680468
0.727725 0.601928 0.328785
-0.590201 -0.807182 -0.010956
0.63328 0.058966 0.771673
-0.068765 0.962609 0.26202
0.389615 -0.830841 0.397372
0.151816 0.120273 0.981064
0.101151 -0.161836 0.98162
-0.207983 -0.975376 -0.07338
0.397598 -0.898388 -0.186588
-0.568867 0.029236 0.82191
-0.808893 -0.146247 0.569477
0.002689 0.997274 0.07374
0.380028 0.578739 0.721554
0.069096 -0.958307 0.277261
0.89078 0.388253 -0.236159
0.853033 0.222794 0.471908
0.754497 0.656167 -0.013367
0.509091 0.832561 0.21833
-0.930509 0.362662 0.051275
0.012651 -0.343877 0.93893
-0.321413 -0.172795 0.93104
0.237563 0.476204 0.846637
0.507917 0.167308 -0.845002
0.604039 -0.164297 0.779836
-0.081768 -0.777458 0.623597
-0.299207 -0.516008 0.802628
0.840069 -0.195481 0.506036
0.327199 -0.745865 0.580194
0.349992 -0.447915 0.822726
-0.957085 -0.180256 0.226928
0.254088 -0.629021 0.734692
-0.996497 -0.063624 0.05428
0.866268 0.012469 0.499423
-0.670188 -0.633907 0.386018
0.870524 0.489399 -0.051726
0.960022 -0.241711 0.141187
-0.118012 -0.181021 0.976373
0.786767 0.575822 -0.22232
0.231253 -0.310299 0.922083
-0.421005 0.709016 0.565731
-0.278534 -0.952895 0.120041
0.977623 0.172082 0.121
-0.785855 -0.463415 0.409487
0.324507 0.911948 0.251088
0.031391 0.508699 0.860372
0.63142 -0.767072 0.113622
0.57467 0.723207 0.383049
0.090532 0.326678 0.94079
0.439565 0.393216 0.807567
-0.207261 -0.846992 0.489539
-0.827017 0.34746 0.441944
0.912789 0.287787 0.289818
-0.018775 0.896639 0.442363
0.496347 0.659742 0.564251
0.818318 0.433071 0.377896
-0.162738 -0.648891 0.743275
-0.721908 0.526717 0.448797
0.956241 0.28708 -0.056461
0.565719 0.478211 0.671771
-0.431557 0.817191 0.382044
-0.680516 0.401347 0.61304
-0.562939 0.565677 0.602585
-0.390234 -0.787101 0.477693
-0.075144 -0.506563 0.858922
0.199646 0.874556 0.441919
0.937257 -0.113493 0.32965
-0.646835 -0.50573 0.570825
0.460148 -0.221311 -0.859817
-0.589445 0.685823 0.42685
0.274932 -0.930605 0.241632
-0.905918 0.166388 0.389393
-0.630747 0.221809 0.743612
-0.742608 -0.332821 0.581174
-0.525085 -0.658614 0.538993
0.774999 -0.396278 0.49228
-0.890391 0.436612 -0.128738
