21
0.281102 0.66465 0.692259
0.912517 0.3303 -0.241279
-0.523441 -0.49841 0.691084
0.959417 -0.211461 -0.186559
-0.737697 -0.614913 -0.278721
-0.67194 0.628624 0.391572
-0.59305 -0.7734 0.223929
0.214257 0.116502 0.969805
0.409038 -0.735521 0.54009
0.953042 0.036026 0.300687
-0.738786 0.080476 0.669118
0.629538 -0.272009 0.7278
-0.348436 0.936659 -0.035541
-0.297481 -0.074546 0.951813
-0.282864 0.460513 0.841377
0.065572 -0.476145 0.876918
0.240577 0.958924 0.150293
-0.804358 0.556622 -0.2078
0.661996 0.272751 0.698118
-0.108159 -0.886921 0.449079
-0.183756 0.858018 0.479623
