184
-0.177512 -0.753676 0.63282
0.603938 0.652583 0.457596
-0.416539 0.881339 0.223016
0.352654 0.556812 0.752061
0.829198 0.502495 0.244805
0.13033 0.766331 0.629088
0.850142 0.004504 0.526535
0.647848 0.500418 0.574347
-0.320194 -0.500988 0.804044
0.981348 -0.179763 0.068121
0.615147 -0.620343 0.486589
0.175449 0.930103 0.322686
-0.236873 0.801097 0.549668
-0.455311 0.603549 0.654538
-0.09499 0.377225 0.921237
-0.403817 0.734831 0.544936
-0.852997 0.506898 0.1243
0.48294 -0.874654 -0.041832
0.950268 0.165206 0.264004
-0.999198 0.021017 0.034092
0.934278 -0.000763 0.356546
0.986715 -0.002574 0.162441
-0.92065 0.191013 0.340466
-0.735626 0.658294 0.1597
0.68716 -0.707935 0.163216
0.300101 -0.83544 0.460413
-0.341893 -0.650952 0.677769
0.337076 -0.702923 0.626322
-0.733805 -0.18921 0.652479
0.207014 -0.477973 0.853632
-0.190708 -0.858978 0.475171
0.044068 0.509479 0.859354
-0.138427 0.546543 0.825911
0.672843 0.327835 0.663179
-0.465136 0.436221 0.770299
-0.308091 -0.887651 0.342279
-0.140559 -0.470142 0.871326
0.948423 -0.170288 0.267388
-0.015722 0.670283 0.741939
-0.833261 0.183359 0.521589
0.12897 0.969516 -0.208342
0.868757 -0.346958 0.353387
0.462716 -0.741182 0.486358
-0.718881 0.506198 0.476418
-0.191373 0.061372 0.979597
-0.847173 -0.167152 0.504339
0.984216 0.166329 0.06045
0.769051 -0.158879 0.619127
0.876389 0.179268 0.446996
-0.46483 -0.862067 0.201925
-0.613626 -0.755172 0.230603
-0.644446 -0.523811 0.557056
0.172895 0.625239 0.761041
0.312313 0.708795 0.632511
0.089471 0.985615 0.143383
0.286605 0.943716 0.165096
0.651222 -0.29284 0.70011
-0.020514 0.956596 0.290693
0.514157 -0.424181 0.745462
0.712838 -0.623706 0.320706
0.750424 0.515 0.414293
0.027086 -0.565485 0.824313
0.141092 0.12811 0.981672
-0.602806 0.308984 0.735632
0.550916 0.283775 0.784833
0.187047 -0.979238 0.078144
-0.046452 0.194814 0.97974
-0.301152 -0.938979 0.166212
0.188318 -0.644896 0.740706
0.82603 0.557413 -0.083452
0.442862 0.16756 0.880793
0.768092 0.632046 0.102725
-0.926348 0.334622 -0.172938
0.273236 0.254164 0.927762
-0.578964 0.639032 0.506397
0.392411 0.375441 0.839677
0.009005 0.998762 -0.048929
0.365174 -0.363558 0.857014
0.368894 -0.922269 0.115489
-0.380975 0.096141 0.919573
-0.759346 0.482912 -0.436108
-0.669816 0.660318 0.339598
-0.899882 0.021545 0.4356
-0.061642 -0.926768 0.370541
-0.606129 0.48077 0.633615
-0.393788 -0.9192 0.001316
-0.744476 -0.619353 0.249315
-0.508848 -0.035667 0.860117
0.878709 0.472927 0.064885
-0.930477 -0.291315 0.222144
-0.633364 -0.658524 0.406444
0.068491 -0.970425 0.231483
-0.755546 -0.355442 0.550283
-0.435545 -0.212281 0.874778
0.631811 0.763835 0.131799
-0.47226 -0.866345 -0.162531
-0.284771 0.407828 0.867515
-0.932889 -0.322776 -0.159792
-0.430663 0.271096 0.860835
0.248871 -0.929362 0.272673
-0.116383 -0.301912 0.946205
-0.466886 -0.379792 0.798608
-0.241733 0.23971 0.940268
0.558416 0.828854 -0.034243
-0.31726 0.564489 0.762036
-0.904687 0.354484 0.236393
0.826137 -0.511762 0.235792
0.972239 -0.184025 -0.14452
0.008557 -0.714066 0.700026
0.61682 0.112543 0.779017
0 -0 1
0.319272 0.046412 0.946526
-0.290703 -0.321061 0.901339
0.777179 -0.326594 0.537894
-0.009877 -0.835979 0.548673
-0.505124 -0.666044 0.548849
-0.857507 -0.32969 0.394951
0.358544 -0.545238 0.757735
-0.332122 0.858058 0.391703
-0.734285 0.338617 0.588357
-0.494193 -0.531781 0.687737
0.874539 0.344211 0.341614
0.213007 -0.281769 0.93554
-0.564274 0.138968 0.813807
0.768324 0.181273 0.613855
-0.212745 0.691057 0.690782
0.366074 0.869686 0.331114
0.648051 -0.463997 0.603934
-0.698964 -0.655771 -0.285331
0.628692 -0.108332 0.770071
0.876084 -0.176108 0.448845
0.223015 0.45242 0.86347
-0.641644 0.766759 0.019325
-0.94072 0.336647 0.041406
-0.507494 0.774035 0.378575
-0.595655 -0.204645 0.776734
-0.14835 -0.128208 0.980589
0.167915 -0.785729 0.595344
0.48655 0.624062 0.611404
-0.716082 0.159782 0.679482
0.251195 0.836133 0.487629
-0.198411 -0.980071 0.009699
0.52088 0.465352 0.715634
-0.106938 0.988509 0.106839
-0.536812 0.831225 -0.144565
-0.624619 -0.373483 0.685829
-0.763551 -0.50218 0.405962
0.733553 0.016591 0.67943
0.043194 -0.197281 0.979395
-0.320477 -0.091173 0.942858
0.185485 -0.076838 0.979638
-0.130067 0.894834 0.42703
-0.835601 0.354682 0.41949
0.70287 0.708507 -0.063169
0.544684 0.776181 0.317588
0.585546 -0.784939 -0.202502
0.785703 0.351804 0.508827
0.497417 -0.592415 0.633736
-0.481983 -0.788322 0.382414
-0.931881 -0.139817 0.334737
0.778254 -0.627157 0.031555
-0.22164 0.941325 0.254524
-0.352836 -0.775511 0.523535
0.505225 -0.237497 0.829665
-0.160807 -0.623061 0.765465
-0.66774 -0.020612 0.744109
-0.799707 0.517208 0.3049
0.050553 -0.393701 0.917848
-0.970033 0.02292 0.241891
0.493318 -0.023189 0.86954
0.093485 0.326237 0.940654
0.571292 -0.752576 0.327498
-0.875636 0.478702 -0.064073
0.434102 0.761469 0.481374
0.125233 -0.898448 0.420843
0.303066 -0.950014 -0.074998
0.939398 0.339585 -0.047052
0.061652 0.880827 0.469407
-0.981876 -0.140282 0.127437
0.358462 -0.155058 0.920577
-0.858487 -0.45758 0.231561
0.417341 -0.855731 0.305861
-0.054466 0.797207 0.601244
-0.799086 -0.001265 0.601215
