-0.449888 -0.566688 0.690265
-0.055609 -0.439833 0.896356
0.026263 0.950638 -0.309188
0.879533 0.22756 -0.417898
0.286364 -0.126836 0.949689
-0.977533 0.162473 0.134281
0.535335 -0.230364 0.812619
0.090219 -0.892694 0.441541
0.704985 0.546361 0.452201
-0.512796 0.687075 0.514751
0.883471 0.389944 0.259658
-0.246033 -0.969235 0.007108
0.339565 0.621594 0.705915
-0.27234 -0.842105 0.465499
-0.176144 0.730255 0.660076
-0.942464 0.120707 0.311755
-0.38014 -0.871844 0.30884
-0.822465 0.354698 -0.444681
0.605672 0.536972 0.587216
0.79791 -0.224531 0.559397
-0.681707 0.2149 0.699352
0.455301 -0.649974 0.608469
-0.260248 -0.14684 0.954311
-0.297622 0.611954 0.732757
0.440335 -0.824452 0.355506
-0.730271 -0.122897 0.672013
-0.885199 -0.360164 0.294456
-0.348897 0.010364 0.937104
0.15931 0.97578 0.149914
-0.779784 0.353652 0.516592
-0.776005 0.042893 0.629267
-0.783431 -0.256114 0.566252
0.295617 -0.68861 0.662138
-0.762889 -0.627297 0.156522
-0.818486 -0.5745 0.005598
-0.939097 -0.314634 0.138209
0.800082 -0.505219 0.323453
-0.400232 0.472272 0.78535
0.448741 -0.397117 0.800581
0.431788 -0.896571 -0.098585
-0.178273 0.006808 0.983958
0.457886 -0.0988281 0.883501
-0.999274 0.03168 0.021167
0.70638 -0.38081 0.596666
-0.990382 -0.10087 -0.094701
-0.410429 -0.42829 0.805056
-0.774794 0.558772 0.295752
-0.130591 0.610111 0.78148
-0.984759 0.054566 -0.165145
-0.978707 -0.005907 0.205175
-0.660428 0.026825 0.75041
-0.850084 0.502071 -0.159002
0.548917 -0.835789 0.012096
-0.843662 0.405889 0.351409
-0.338585 -0.294123 0.893785
-0.151921 -0.796291 0.585526
-0.546362 0.457866 0.701318
0.669913 0.673431 0.312581
0.499153 -0.846911 0.183268
-0.193278 0.327231 0.924967
-0.87697 0.24313 0.414502
0.802034 0.517115 -0.298887
-0 0 1
0.373641 -0.264646 0.889019
-0.789555 0.601135 0.123445
0.149965 0.29857 0.942532
-0.868959 -0.474082 0.141975
0.023684 -0.295941 0.954913
0.889349 -0.361197 0.280349
0.89373 -0.207954 0.397494
-0.509633 -0.285031 0.811808
0.475272 0.350317 0.80709
-0.210787 -0.922803 0.322496
-0.482329 -0.861732 0.157408
-0.595044 0.750524 -0.287464
0.215724 -0.575043 0.789169
0.222055 -0.966687 0.12731
0.721742 0.397973 0.566309
-0.306148 -0.567391 0.764422
0.713902 0.23911 0.658157
-0.777053 0.627419 -0.05034
-0.09768 0.162929 0.981791
0.687249 -0.21348 0.694345
0.785012 0.540045 0.303492
-0.874889 0.484192 0.011304
-0.220035 0.824913 0.520676
0.303561 0.747057 0.591403
-0.942462 0.327156 0.068805
-0.680186 0.693789 0.236651
-0.160937 -0.298791 0.94065
-0.456406 0.600467 0.656608
0.425195 0.203439 0.881942
0.911699 0.410013 0.026345
-0.524885 0.318895 0.789178
-0.793622 0.199533 0.574761
0.086119 0.889325 0.449093
0.12963 -0.705699 0.696552
-0.986764 -0.132046 0.09413
-0.011433 0.99028 0.138615
-0.950926 0.209878 -0.227358
0.606592 -0.577399 0.546494
0.427298 0.776619 0.462902
0.187484 0.013307 0.982177
-0.813953 -0.400851 -0.420475
-0.50919 0.006002 0.860633
0.15673 -0.944532 0.288609
-0.925674 0.289301 0.243786
0.038349 0.95363 0.298528
-0.240029 0.476921 0.845537
0.564534 0.825409 -0.000433
0.300578 0.344575 0.889337
0.608986 0.380177 0.696134
-0.074246 -0.997095 0.016993
0.268657 -0.872859 0.407358
0.530603 -0.714222 0.456452
0.57748 0.674385 0.460132
-0.003824 0.722603 0.691253
-0.842949 -0.092388 0.530001
-0.929948 0.35166 -0.107388
0.74865 0.64488 0.153795
-0.54299 -0.782474 0.304789
0.14453 0.974391 -0.172261
-0.56513 0.807082 0.171019
-0.039669 -0.703606 0.709482
0.379568 0.869176 0.316956
0.039517 0.593926 0.803548
0.488924 0.51251 0.705894
0.288729 -0.427261 0.856787
-0.478505 -0.670455 0.56703
-0.712838 -0.541235 0.446012
-0.594445 -0.133665 0.79295
-0.651793 0.638401 0.409401
0.368985 -0.774006 0.514553
-0.394908 0.801437 0.449162
0.261055 0.849408 0.458646
0.680461 -0.730459 -0.058331
-0.140396 0.961663 0.23557
-0.199523 0.804604 -0.559287
-0.656005 -0.278434 0.701521
-0.431511 -0.14601 0.890213
-0.34593 0.723352 0.597574
-0.632667 -0.758412 0.156663
-0.361224 0.328602 0.872661
-0.623899 -0.76515 -0.159047
-0.481325 -0.861663 -0.160818
-0.737764 0.637863 -0.220986
0.54006 -0.503201 0.674629
0.893089 0.090237 0.440737
-0.127368 -0.571376 0.810744
-0.080791 -0.151363 0.985171
0.35511 0.473163 0.806235
-0.876077 0.074382 0.476399
0.202543 -0.287831 0.936018
0.584874 0.217159 0.781514
0.170982 0.684439 0.708738
0.679647 0.078253 0.729353
0.106041 -0.143724 0.98392
-0.210255 -0.68232 0.700166
0.819141 0.249007 0.516724
0.673593 -0.631811 0.38352
-0.701581 -0.712586 0.002557
0.297931 -0.931901 -0.206875
0.947638 0.18651 -0.259222
0.041263 -0.987065 0.154917
-0.979955 0.193489 -0.047428
-0.265579 0.170796 0.94884
-0.569535 0.160773 0.80609
-0.119684 0.44108 -0.889451
-0.070054 0.46947 0.880165
-0.466765 -0.657104 -0.591899
0.263265 -0.891177 -0.369452
0.852089 0.502664 0.145855
-0.549262 0.758658 0.350357
-0.424235 0.171175 0.889227
0.533355 0.784052 0.317481
0.366879 0.035729 0.929582
0.380737 -0.550264 0.743134
-0.316958 -0.934537 0.161796
0.617707 -0.075732 0.782753
0.10934 -0.993962 -0.009188
-0.873141 0.451917 0.182745
-0.966515 -0.255799 -0.02038
-0.434136 -0.783092 0.445302
-0.671179 0.372582 0.64086
0.686918 0.660737 -0.302607
0.024873 -0.811944 0.583205
0.756059 -0.064076 0.651359
0.899568 0.245328 0.361374
-0.92665 -0.055636 0.371786
-0.093769 0.908661 0.406869
-0.236991 -0.438818 0.86676
0.107639 0.445526 0.888775
-0.562273 -0.426683 0.708372
0.651888 -0.748906 0.11909
0.727581 -0.49193 0.478154
-0.947354 -0.262752 -0.182983
0.387943 -0.918912 0.071415
0.077394 0.151586 0.98541
-0.700601 -0.408212 0.585253
-0.022899 0.315867 0.948527
-0.047355 0.828172 0.558469
-0.601685 -0.547535 0.581533
0.212869 0.926424 0.310524
0.80563 0.392013 -0.444169
0.93928 -0.054182 0.338846
-0.045774 0.581502 -0.812256
-0.732428 0.499092 0.463094
-0.324937 -0.932452 -0.157952
-0.262706 0.963539 0.050767
0.209644 0.545247 0.811637
-0.330012 -0.728833 0.599913
0.800697 0.091683 0.592013
-0.411175 -0.911555 0.001433
0.529767 0.063042 0.845797
0.859677 -0.067553 0.506351
0.1306 0.799034 0.586932
-0.613375 0.546379 0.570299
0.430727 -0.856984 -0.282934
-0.090531 -0.886482 0.453822
0.598395 -0.356874 0.717332
0.957687 0.103364 0.268609
0.264884 0.170875 0.94902
0.33628 -0.909088 0.245918
-0.591936 -0.675126 0.440245
