222
-0.208224 -0.307927 0.928345
0.39692 0.733205 0.552146
-0.840126 -0.400086 0.366223
-0.256967 0.764742 0.590878
0.17083 0.96141 0.215657
0.051048 -0.064202 0.99663
-0.770502 -0.35651 0.528419
-0.769714 0.274878 0.576179
-0.081101 0.823586 0.561364
-0.530023 -0.522219 0.668105
-0.939653 0.191957 0.283203
-0.892804 -0.449529 0.028719
-0.662875 -0.470105 0.582751
-0.378746 -0.565279 0.732811
-0.446174 -0.879101 0.167658
-0.667528 0.423621 0.612333
-0.97865 -0.133631 0.156165
-0.648293 0.675821 0.350688
-0.868914 -0.236841 0.434621
-0.856942 -0.076511 0.509703
-0.497873 0.855327 -0.14331
0.376101 -0.70947 0.595987
0.35199 0.628799 0.693336
0.108943 0.506966 0.855054
0.004197 -0.981999 0.188837
0.879707 0.431907 -0.198926
0.894056 0.353303 0.275393
0.585384 0.806352 -0.084398
0.46923 0.882766 0.023412
-0.956955 0.289438 -0.021519
0.890541 -0.088813 0.446148
-0.66589 0.559448 0.493567
-0.559054 0.828607 0.029466
-0.152305 -0.463195 0.873071
0.309336 0.899878 0.307459
-0.281477 0.636896 0.717729
0.247565 -0.909719 0.333351
-0.804979 -0.584285 0.103055
-0.561953 0.773713 -0.292535
-0.17286 -0.81224 0.557122
-0.214021 -0.593924 0.775531
0.449066 0.483564 0.751336
0.110385 -0.225391 0.967995
0.646217 0.554748 0.524079
0.343075 -0.924892 0.163935
-0.735028 0.129587 0.665538
-0.975466 0.028631 0.218281
-0.277758 -0.932421 0.231176
-0.085956 -0.173229 0.981123
0.54788 0.694501 0.466365
-0.507557 0.791156 0.341261
0.98788 0.152701 0.027834
0.464904 0.858945 0.214655
-0.515901 0.233965 0.824079
-0.836577 0.089325 0.540518
-0.414991 0.528586 0.740526
-0.465101 0.866819 0.17974
-0.34917 -0.78825 0.506698
-0.692757 -0.697555 0.183042
0.404315 -0.119999 0.906714
0.681031 0.636595 0.36186
0.272201 0.83963 0.470029
-0.072219 0.262718 0.962166
-0.199056 0.150289 0.968396
0.704691 0.70951 -0.002449
0.564035 -0.150197 0.811976
-0.538473 0.686495 0.488642
0.417907 -0.571037 0.706591
0.516566 0.014322 0.856127
-0.376793 -0.278836 0.883333
-0.050926 -0.887656 0.457682
0.232071 0.751585 0.617465
-0.645888 0.274329 0.712441
0.595554 0.796015 0.108054
-0.741714 0.639317 0.202817
0.458136 0.182213 0.870006
0.541186 0.317982 0.778463
0.81076 -0.220805 0.542138
-0.766742 0.634736 -0.096004
0.580197 0.759815 0.293346
-0.043703 0.907988 0.41671
0.019037 -0.803414 0.595117
-0.745086 -0.03749 0.665914
0.186311 0.638274 0.746923
-0.811015 0.540963 -0.222742
0.94783 0.305898 0.089693
-0.918682 0.054593 0.391208
-0.237962 -0.881699 0.407407
0.224937 0.364253 0.903727
-0.594508 -0.617874 0.514579
-0.004534 0.966026 0.258406
-0.35093 0.879295 0.322008
0.801728 0.22698 0.552913
0.23875 -0.109558 0.964881
-0.142117 -0.983309 0.113606
-0.408183 0.912859 0.008688
-0.846896 0.48948 0.207789
-0.986994 0.133534 -0.089503
-0.415034 0.673147 0.612062
-0.038015 -0.604963 0.795346
0.435669 0.810338 0.391848
-0.558128 -0.785924 0.266114
-0.136405 0.981803 0.132121
-0.620688 0.094742 0.778313
-0.474722 0.065324 0.877708
-0.867592 0.232242 0.439713
0.442997 -0.277412 0.852524
-0.781875 -0.560531 0.272903
-0.869724 0.366873 0.330129
-0.359155 0.200904 0.911398
0.835437 0.342443 0.429858
-0.117062 0.714246 0.690036
-0.505897 -0.74588 0.43328
-0.305958 0.93885 0.157956
0.860403 0.070496 0.504715
-0.066378 0.997122 -0.036637
-0.63702 -0.345041 0.689313
0.664858 -0.022781 0.746622
0.987527 0.026871 0.15514
0.892025 -0.246928 0.378575
0.096797 0.843843 0.527787
-0.547434 0.556224 0.625245
0.725518 0.397003 0.56215
-0.532464 -0.239919 0.81174
0.753144 -0.533585 0.384786
0.178385 -0.96691 0.182385
0.411731 -0.855255 0.314669
-0.936003 -0.107404 0.335205
-0.477861 0.753025 -0.452331
0.865286 -0.399296 0.303055
-0.10464 -0.719271 0.686804
0.388228 0.348384 0.853175
0.573748 -0.474479 0.667595
-0.435828 -0.109179 0.893383
-0.399705 -0.851976 0.338191
0.705836 0.683219 0.187099
0.609579 0.14607 0.779152
-0.221258 0.864849 0.450645
0.880629 0.451787 0.142762
0.139801 -0.86504 0.481832
0.596026 0.446986 0.667051
0.769309 0.490725 0.409089
0.300467 -0.462604 0.834097
0.014388 0.620441 0.784121
0.803912 0.590264 0.072901
0.797492 -0.381537 0.467371
0.679834 0.274895 0.679896
0.293309 0.204568 0.933875
0.902706 0.193141 0.384472
0.800019 0.542406 0.256448
0.639751 -0.759033 0.120779
-0.273626 0.477173 0.835125
0.623228 -0.654939 0.427366
-0.325967 -0.943288 0.062867
-0.282509 -0.703288 0.652361
0.955867 -0.123134 0.26675
-0.537446 0.406798 0.738692
0.087755 -0.693304 0.715282
0.290017 -0.278022 0.915748
-0.01006 0.099246 0.995012
-0.336304 -0.932696 -0.130298
0.888392 -0.444374 0.115292
0.506403 0.600199 0.619126
-0.320457 -0.439265 0.839258
0.70243 -0.185852 0.68706
0.206694 -0.76537 0.609497
0.119779 0.213984 0.969466
-0.779877 0.411343 0.471793
-0.446869 -0.667793 0.595282
0.266093 -0.636327 0.724073
-0.670295 -0.183273 0.719108
0.530859 -0.623148 0.574347
-0.766626 0.537166 0.351763
0.180689 0.054203 0.982046
0.590552 -0.311727 0.744362
0.058032 0.745235 0.664272
-0.399528 0.362251 0.842111
-0.610801 0.766725 0.197623
-0.655857 -0.666344 0.354735
-0.951518 -0.294051 0.090268
-0.088427 0.446153 0.890577
0.705628 -0.352156 0.614879
0.134361 0.916309 0.37726
0.673828 -0.511142 0.533563
-0.229407 0.328167 0.91634
-0.931936 0.320412 0.1698
0.957637 0.188876 0.217387
0.451585 -0.424893 0.784562
-0.26715 -0.145343 0.952631
-0.999378 0.005184 0.034895
-0.14233 -0.013956 0.989721
-0.938816 0.283569 -0.195483
0.319198 -0.022207 -0.947428
0.153795 -0.556362 0.816583
-0.981211 0.164333 0.101095
0.943214 0.036427 0.330183
0.071726 -0.93734 0.340953
-0.898726 0.43586 0.048152
-0.482668 -0.401299 0.778454
-0.589092 -0.064038 0.805525
0.243901 -0.969714 0.012895
0.195724 0.979776 0.04161
0.744696 0.103975 0.659255
0.286688 0.504876 0.814193
-0.117957 -0.945682 0.302939
0.020037 -0.472568 0.881067
-0.925186 -0.271166 0.265518
-0.694562 0.717811 0.048268
0.162516 -0.384322 0.908782
-0.142025 0.577504 0.803939
0.352845 0.042095 0.934734
-0.777173 -0.205909 0.594646
0.792925 -0.057064 0.606641
-0.734039 -0.522535 0.433755
0.315456 -0.823325 0.471829
-0.02948 -0.32637 0.944782
0.054307 0.36768 0.928365
-0.181647 0.937534 0.296707
-0.388533 0.790304 0.473774
0.695096 -0.667804 0.266234
-0.814574 0.578044 0.048304
0.038865 0.995451 0.086993
