0.857616 0.246965 0.451113
-0.768633 -0.284573 0.572906
-0.123079 0.776034 0.618565
0.568909 -0.723614 0.390801
-0.204279 0.311653 0.927978
-0.156262 0.883666 0.441268
-0.976481 -0.206474 0.062074
0.093231 0.993247 -0.069052
-0.813698 -0.416359 0.405636
0.258912 -0.5364 0.803268
-0.729235 0.297252 0.616326
-0.00322 0.289431 0.957193
-0.394766 0.32425 0.859664
0.726295 -0.625579 0.284862
-0.957999 0.151144 0.243706
-0.697085 -0.596193 0.39828
0.496551 0.305412 0.812503
0.602493 -0.082199 0.79388
-0.65218 0.614674 0.443664
0.134631 -0.381699 0.914429
-0.295483 0.658057 0.692568
-0.105232 0.994282 0.018171
0.138021 0.563182 0.814724
-0.997098 0.032616 0.068788
-0.835047 -0.093345 0.542202
-0.161139 -0.08284 0.983449
0.790593 -0.352221 0.500902
0.83882 -0.444663 0.314094
0.486587 -0.651448 -0.582108
0.09754 0.722477 0.68448
0.991045 0.078086 0.108312
-0.250482 -0.263884 0.931463
-0.253389 0.499224 0.828595
0.711231 -0.226457 0.665483
0.635838 -0.428777 0.641763
-0.084519 0.638261 0.765166
0.932067 -0.337585 0.13148
0.148306 0.951348 -0.27008
-0.045954 -0.689605 0.722726
0.481016 -0.129311 -0.867123
-0.626772 -0.276728 0.728409
-0.622945 0.485122 0.613675
0.150634 -0.963222 -0.222513
-0.982582 0.135367 -0.127311
0.023373 -0.9184 0.394962
0.697729 -0.541007 0.469558
0.018182 0.939617 0.341746
0.944228 0.306526 0.120316
0.597475 0.706393 0.379515
0.848124 -0.154246 0.506847
0.890604 -0.447438 -0.081384
0.623095 0.565849 0.53997
0.157477 -0.697989 0.698579
0.454464 0.690047 0.563293
-0.650377 0.715722 0.254464
0.333267 0.231612 0.913941
-0.681575 -0.701985 0.206572
-0.360706 -0.872584 0.329376
-0.390684 -0.764785 0.512318
-0.015886 -0.241076 0.970376
0.62611 0.140776 0.766921
-0.382952 -0.612618 0.69141
0.491669 0.518019 0.699941
-0.70797 -0.083111 0.701336
0.94393 0.166467 0.285106
0.21419 0.908376 0.359132
0.229164 -0.911126 0.34254
0.196791 -0.823304 0.532395
0.216852 -0.197189 0.956081
0.457094 -0.495647 0.738511
-0.895578 -0.215343 0.389317
0.632584 0.774479 -0.004468
0.653062 -0.121665 -0.747468
-0.781973 -0.622504 0.031731
-0.843517 -0.517832 -0.142577
-0.328623 0.888128 0.321304
0.058355 0.84925 0.524756
0.791151 -0.540419 -0.286406
0.752103 -0.014957 0.658876
-0.367346 -0.073888 0.927145
-0.749942 -0.562732 -0.347736
0.846295 -0.52094 0.111386
0.250433 0.965859 0.066331
-0.415431 0.868052 -0.27185
-0.545994 -0.62605 0.556734
-0.967632 -0.0908401 0.235451
-0.965644 0.252394 0.061876
0.349371 -0.351942 0.868376
-0.500413 0.769816 0.396195
0.391659 -0.789798 0.472041
-0.551989 -0.070274 0.830885
-0.224237 -0.742194 0.631558
0.87149 0.046577 0.488196
0.312459 0.940163 -0.135882
-0.328156 0.786345 0.523427
-0.709786 -0.682213 -0.175469
-0.895606 0.355408 0.267537
-0.672793 -0.464171 0.576103
0.454815 0.890332 0.021247
0.303392 0.641628 0.704462
-0.547918 -0.750146 0.370225
0.54321 -0.29624 0.785599
-0.638712 -0.367662 -0.675923
0.58376 -0.789702 0.188666
-0.290467 0.120153 0.949311
-0.456869 -0.261998 0.850075
-0.338864 -0.433753 0.834883
-0.197107 -0.573747 0.794961
0.53439 -0.620496 0.573944
-0.044503 0.546114 -0.836528
-0.900428 -0.432759 0.044145
0.356879 0.907809 0.220275
0.067399 -0.049544 0.996495
-0.482283 0.855182 0.189913
0.175931 0.375405 0.910011
0.352643 -0.674539 0.648568
-0.546617 -0.812465 -0.20276
-0.869799 -0.390137 -0.302064
-0.776302 0.4312 0.459807
0.615491 -0.786412 -0.052223
0.341133 0.45546 0.822304
0.75633 0.199644 0.622983
-0.519638 -0.455613 0.722767
-0.571827 0.319689 0.755521
-0.755969 -0.41492 -0.506313
0.799169 -0.104416 -0.591968
-0.866454 0.238039 0.438856
-0.191682 -0.867179 0.459629
-0.270406 0.954548 -0.125373
-0.011236 -0.82106 0.570731
-0.04373 0.474602 0.879114
0.77544 -0.623135 -0.101956
-0.817504 -0.530522 0.224127
-0.072419 0.977382 -0.198694
0.470538 0.072458 0.8794
0.073621 0.985035 0.15584
-0.10762 -0.415594 0.903161
-0.457537 0.88797 -0.046581
0.512334 0.840057 -0.178375
-0.084125 0.10529 0.990877
0.416812 0.816782 0.398917
-0.912305 0.247787 -0.326039
0.261362 0.794359 0.548346
0.948701 -0.04309 0.313224
-0.448129 0.503395 0.738765
-0.916829 -0.331086 0.223175
0.311698 -0.945655 -0.092634
0.288919 0.002938 0.957349
-0.725124 0.683122 -0.086835
-0.91549 0.03006 0.401217
0.146794 0.14944 0.977813
0.42514 -0.149828 0.892641
