220
0.436956 0.339394 0.832995
-0.889153 0.347755 0.297444
-0.373983 -0.302783 0.876618
0.483425 0.839373 -0.2485
0.106469 0.97043 0.216635
-0.484675 0.432428 0.760326
-0.627746 0.35051 0.695038
-0.989321 -0.083107 0.119737
-0.616906 0.702573 0.354709
0.959096 0.200781 0.199553
0.403295 -0.915057 0.004926
0.088938 -0.995346 0.037088
-0.285051 -0.566675 0.773062
0.801978 -0.182359 0.568837
-0.558608 -0.823184 0.101608
0.403825 0.190305 0.894824
0.609836 -0.594158 0.524477
-0.685048 0.56645 0.458086
-0.218577 -0.973451 0.067945
-0.158931 0.576804 0.801273
-0.044513 -0.019791 0.998813
0.205717 -0.552801 0.807522
-0.908258 -0.310966 0.279941
-0.17389 -0.788613 0.58979
0.411586 -0.89488 0.17259
0.424326 0.021906 0.905245
-0.184816 0.426977 0.885174
0.924635 -0.290211 0.246633
-0.067012 0.987609 0.141906
-0.011236 -0.75355 0.657295
-0.205755 0.090677 0.974393
0.244678 -0.398087 0.884115
-0.87701 -0.478125 -0.047442
-0.033474 -0.863961 0.502445
-0.622053 -0.657597 0.424988
0.259852 0.120585 0.95809
0.267293 -0.230955 0.935529
-0.333969 -0.794245 0.507583
-0.324347 0.522119 0.788791
0.076999 0.996276 0.0388
0.278539 -0.744504 0.606737
-0.174227 0.89747 0.405206
0.678571 -0.734535 0.000238
-0.985806 -0.014352 -0.167273
0.109823 0.049744 0.992706
0.780993 -0.351525 0.516216
0.570122 0.356303 0.740276
0.130462 0.408602 0.90334
0.738363 -0.509338 0.442034
-0.476619 -0.68399 0.552261
-0.360651 0.195621 0.911956
-0.305083 0.816865 0.489546
0.568539 0.795096 0.211153
-0.750528 0.244544 0.613927
-0.417189 -0.447016 0.791284
0.686883 0.048495 0.725148
0.248914 -0.859509 0.446414
-0.315371 -0.691182 0.650237
-0.348888 0.877452 0.329172
0.069528 -0.471278 0.87924
0.706082 0.351908 0.614499
-0.712432 -0.417754 0.563845
-0.959951 -0.253405 0.119502
-0.791615 -0.246622 0.559038
-0.656701 0.732612 0.178948
0.705751 0.676919 0.209038
0.09871 -0.971236 0.216696
-0.975023 0.052487 0.215811
0.444946 0.830418 0.335305
0.903732 0.375431 0.20572
-0.237869 0.968996 0.066827
0.38307 -0.471355 0.794406
-0.798637 0.464838 0.382236
-0.846276 0.494236 0.198865
-0.754075 0.068024 0.653256
-0.38241 0.909387 0.163637
-0.470646 0.776661 0.418678
-0.671799 -0.294732 0.679573
0.101393 -0.306233 0.946542
-0.82516 -0.367808 0.428751
-0.739376 -0.615432 0.273068
0.942749 0.068298 0.326436
-0.503001 0.269298 0.82126
-0.620184 -0.738051 0.265807
0.789368 -0.607656 0.087477
-0.205747 -0.262775 0.942665
-0.660143 -0.749451 -0.050337
-0.550967 0.649699 0.523763
0.541288 -0.72562 0.424832
-0.915008 0.170307 0.365726
-0.199895 -0.085616 0.97607
-0.884948 -0.19268 0.423959
0.816867 0.306492 0.488662
-0.736227 -0.524989 0.427032
0.686726 -0.289238 0.666895
-0.901998 -0.415285 0.118062
0.683718 -0.707673 0.178128
0.02269 -0.618866 0.785169
0.701857 0.70355 -0.111413
0.829775 0.429577 0.356282
0.270502 0.918281 0.289118
-0.365548 -0.916342 0.163379
-0.349042 0.362945 0.863968
-0.034614 0.94848 0.314939
-0.403002 -0.897218 -0.180527
0.784275 -0.561408 0.26407
0.130906 0.911083 0.390884
-0.110883 -0.52919 0.841227
-0.604574 -0.557478 0.568953
-0.639376 0.183925 0.746572
-0.034699 0.336477 0.941052
-0.200128 0.26341 0.943697
0.659178 0.217369 0.719886
0.122424 -0.817648 0.562552
-0.570719 -0.436224 0.695693
-0.847609 0.120837 0.516679
0.778124 0.17177 0.604167
0.165004 0.560489 0.811557
0.56797 -0.035795 0.822271
0.426294 -0.148366 0.892335
-0.068399 -0.373874 0.924954
0.598352 0.715676 0.360254
0.153613 -0.691208 0.706141
-0.059869 -0.987629 0.144928
-0.925078 0.363365 0.110439
-0.340177 -0.873806 0.34748
-0.148286 -0.669243 0.728097
0.547648 -0.373613 0.748662
-0.999228 0.038951 0.005152
-0.487305 -0.772403 0.407342
-0.353024 -0.148682 0.923725
0.555901 -0.789336 0.260618
0.844115 -0.406968 0.349065
0.173887 0.705431 0.687118
0.252735 -0.96154 0.107545
-0.281608 0.671909 0.685008
-0.83426 0.298924 0.463309
-0.210669 0.947921 0.238883
-0.188621 -0.882832 0.43015
0.453655 0.497593 0.739323
-0.776343 0.622811 0.096947
-0.947056 0.113054 -0.300506
-0.397908 0.713902 0.576206
-0.054824 -0.944247 0.324642
0.412721 -0.314237 0.854936
-0.59856 0.507238 0.620028
-0.361965 0.023015 0.931907
-0.634861 0.01229 0.772528
0.60751 0.616415 0.500963
0.977518 -0.162715 0.134099
-0.815954 -0.566536 0.115134
-0.923082 -0.002749 0.384593
-0.012851 0.499766 0.866065
0.268258 0.303605 0.914255
0.16636 0.823858 0.541833
0.874751 -0.453758 0.170044
0.112882 0.233236 0.965846
-0.597678 -0.49732 -0.628851
0.947071 0.317795 0.045416
0.870565 -0.491966 -0.00929
0.511902 -0.524566 0.680285
-0.045805 0.160787 0.985926
0.318037 0.611341 0.724648
0.726637 0.476739 0.494691
0.672127 -0.652749 0.349518
0.555758 -0.826417 0.090375
0.988542 0.145083 0.041667
0.566778 -0.21004 0.796647
-0.452416 -0.575213 0.681506
-0.836899 -0.471677 0.277707
-0.743424 -0.109281 0.659833
0.408237 -0.849163 0.335058
0.901471 0.255067 0.349701
0.382284 0.924044 -0.001526
0.979402 -0.197388 -0.042551
0.657625 -0.447807 0.605804
-0.245773 -0.962959 -0.110928
0.322768 0.738451 0.592039
-0.520352 -0.852124 -0.055842
-0.742851 0.607636 0.280982
-0.161883 0.805604 0.569909
0.696822 -0.122304 0.706739
-0.044636 -0.19944 0.978893
0.780368 0.623406 0.048898
0.308393 0.841376 0.443825
-0.727945 0.412461 0.547696
-0.209444 -0.945827 0.24808
-0.800932 0.006301 -0.598722
-0.013711 0.874782 0.484323
0.818575 0.535395 0.208057
0.727266 0.585476 0.358193
-0.460545 0.660165 -0.593364
0.023665 0.643043 0.765464
0.940805 -0.332007 0.06825
-0.513497 0.819854 0.2533
0.115987 -0.1299 0.98472
0.541895 -0.836401 -0.082362
0.466476 0.740719 0.483463
0.872857 0.121178 0.47269
-0.951332 -0.136335 0.276371
-0.844876 -0.05707 0.531909
0.022603 0.778883 0.626762
-0.244208 -0.424001 0.872116
0.3035 0.460115 0.834375
0.548418 0.149805 0.822676
-0.449873 0.582057 0.677365
0.394094 -0.778225 0.488933
0.8878 -0.060177 0.456279
0.273231 -0.05609 0.960312
-0.954543 0.216088 0.205313
-0.119125 0.707508 0.696593
0.098702 -0.914986 0.391226
0.878327 -0.238357 0.4144
0.468184 0.629673 0.619932
0.33753 -0.615782 0.71196
-0.506751 0.09447 0.856901
-0.497134 -0.092944 0.862681
-0.619907 -0.157939 0.768616
0.255606 -0.925369 0.279925
-0.521951 -0.290268 0.802067
