0.425802 0.444431 0.788145
0.630763 -0.005 0.775959
-0.491782 -0.767973 0.410327
-0.034478 0.733565 0.678744
-0.098776 0.975949 0.194335
-0.87176 0.484627 0.071905
0.429911 -0.887374 0.166566
0.137812 -0.114175 0.983856
-0.514392 -0.180473 0.83835
0.269139 -0.624351 0.733315
0.919024 0.125073 0.373833
-0.392903 -0.914919 0.092464
0.697356 0.711746 -0.084336
0.427713 -0.205233 0.880307
0.138704 0.507176 0.850608
0.489874 0.868839 0.071702
-0.93983 0.241137 0.242019
0.947363 0.223986 0.228767
0.045099 0.99548 0.083579
-0.46342 -0.849171 0.253281
-0.633596 -0.660939 0.402139
0.94351 0.321474 0.08027
-0.692193 0.259292 0.673525
-0.449688 0.176202 0.875633
0.483655 -0.036853 0.874482
0.131321 -0.991281 -0.010843
0.194235 0.980395 -0.033138
-0.924591 -0.027087 0.379998
0.003351 -0.956623 0.291309
-0.033298 -0.788574 0.614037
-0.969123 -0.119499 0.215687
-0.055772 -0.169275 0.98399
0.241617 -0.923297 -0.298568
-0.517212 0.59547 0.614741
-0.362945 -0.128304 0.922935
0.676033 -0.703569 -0.219021
0.562248 0.622415 0.544497
0.080651 -0.277144 0.957438
0.285466 -0.955077 0.079606
-0.782988 0.482759 0.392266
0.86667 0.491647 0.084648
-0.941949 0.326553 0.078068
0.674912 0.337255 0.656318
0.091087 0.88903 0.448698
-0.735277 0.085644 0.672334
0.329134 0.942287 0.061374
-0.602668 0.131558 0.787073
-0.276508 0.214359 0.9368
0.907497 -0.334747 0.253757
0.584178 -0.179598 0.791505
-0.84665 -0.356221 0.395335
0.060594 0.958624 0.278151
-0.222681 -0.242518 0.944245
-0.301021 -0.924763 0.232808
-0.550115 0.304946 0.77742
0.561873 0.477714 0.675343
0.718136 -0.557932 0.415923
0.14223 0.665454 0.732763
-0.26732 0.956456 0.117185
-0.321465 0.506184 0.800274
0.423685 0.732359 0.533049
-0.648727 -0.225036 0.726988
-0.611126 -0.75106 0.249868
0.151363 -0.913352 0.377992
0.145049 0.970026 -0.194962
0.755752 0.024743 0.65439
-0.536298 0.831489 0.144946
0.97237 0.029058 0.231629
-0.791746 0.56451 0.233379
0.883882 -0.236303 0.403626
0.688411 0.608378 0.394925
0.718964 -0.642382 0.265397
-0.007246 -0.995576 0.093679
-0.380028 -0.479506 0.790982
-0.055878 -0.665856 0.743985
-0.582825 0.779943 -0.228045
0.408237 -0.507836 0.758581
-0.164654 -0.915247 0.367712
0.908619 0.41124 -0.072752
-0.360081 0.63482 0.683626
-0.186417 -0.831923 0.522641
-0.762123 -0.643008 -0.075563
0.669595 0.170741 0.722835
0.121062 -0.72137 0.681886
0.30419 -0.840822 0.447758
0.234426 0.910053 0.341831
-0.640124 -0.394664 0.659152
-0.516981 -0.355544 0.778665
0.904058 -0.416897 0.09421
0.818624 0.568431 -0.082109
-0.081381 -0.353266 0.931976
0.659676 -0.321028 0.679535
-0.020523 0.431921 0.901678
-0.069701 -0.51828 0.852366
-0.139643 0.107914 0.984304
0.548777 0.311055 0.775943
0.057657 0.166906 0.984286
0.681176 0.496051 0.538454
-0.844243 0.030183 0.535109
0.373729 0.899496 0.226349
0.194332 0.052413 0.979535
-0.753524 0.37733 0.538353
0.239063 -0.479436 0.844387
-0.333947 -0.854424 0.398043
-0.985042 0.154492 0.076319
0.43641 -0.633558 0.638866
0.827743 -0.495821 0.262685
0.95696 -0.160413 0.241856
0.431873 0.601377 0.672184
-0.478519 0.47336 0.739561
0.44996 -0.82603 0.339428
0.673365 0.699355 0.239754
0.518829 -0.348863 0.780456
0.562689 -0.487011 0.667983
-0.215309 0.763621 0.608708
0.292897 -0.743869 0.600725
0.533 0.811799 0.238522
-0.657822 0.751276 0.053433
-0.367935 -0.631968 0.682086
0.634264 0.769255 0.077171
-0.080616 0.272207 0.958856
0.246587 -0.268047 0.931314
-0.879883 0.409521 0.241034
-0.659589 0.540884 0.521908
-0.859954 0.318762 0.398584
-0.971838 -0.225399 0.068741
0.141317 -0.829184 0.540818
0.719594 -0.150591 0.67787
0.361443 -0.365645 0.857708
-0.376435 -0.30678 0.874176
-0.490937 -0.000418 0.871195
0.815433 -0.569649 0.102806
0.289738 0.563953 0.773311
0.557644 0.729689 0.395712
-0.328929 0.048396 0.943114
0.088169 -0.433122 0.897013
0.594297 -0.704303 0.388289
-0.544245 0.776886 0.316615
0.31249 -0.087436 0.945888
0.873603 0.284694 0.394673
-0.395502 0.828737 0.395945
-0.741357 -0.627669 0.237534
-0.747494 -0.417298 0.516832
0.832643 -0.116889 0.541335
-0.153924 0.521014 0.839555
-0.20706 -0.720476 0.661846
0.404854 0.829733 0.384235
0.285914 0.709621 0.643965
0.405233 0.269447 0.873604
0.529133 0.13841 0.837174
-0.847719 -0.472464 0.241143
-0.452325 0.739873 -0.497986
0.699162 -0.706727 0.108208
0.816426 -0.402975 0.413593
-0.910848 -0.20589 0.357721
-0.970551 0.064401 0.232128
-0 0 1
-0.81255 0.206672 0.545022
0.920436 -0.061663 0.385999
0.196669 0.965648 0.169838
0.276654 0.397051 0.875108
0.790885 0.197922 0.579075
-0.8565 -0.058849 -0.512782
0.791911 0.563578 0.235069
-0.233842 -0.4231 0.875388
0.369901 0.09037 0.924666
0.096944 -0.590379 0.801283
0.798413 0.465722 0.381627
-0.080714 0.921933 0.378847
-0.00526 0.602257 0.798285
-0.906093 0.147506 0.396531
0.116975 0.791011 0.600515
0.586579 -0.60651 0.536722
-0.012982 -0.885994 0.463515
-0.391209 0.34489 0.853233
-0.633135 -0.046694 0.772632
0.245663 0.220462 0.943952
-0.217157 0.372233 0.902378
-0.193555 -0.061417 0.979165
-0.22307 -0.582436 0.78167
0.113646 0.332583 0.936201
-0.623607 0.427729 0.654341
-0.755981 -0.530193 0.38391
0.779905 0.35379 0.516315
-0.514098 -0.522637 0.680113
-0.05973 0.84028 0.538853
0.782673 -0.287057 0.552288
-0.233767 0.85478 0.463362
-0.188982 0.651969 0.734317
-0.537801 0.697588 0.473435
-0.994157 0.067274 -0.084421
-0.502079 -0.663123 0.555143
-0.351632 -0.758626 0.548491
0.699053 -0.450726 0.555131
-0.63498 -0.549657 0.542842
-0.763899 -0.266347 0.587808
0.295546 -0.915004 0.274629
-0.755029 -0.091313 0.649302
-0.964474 0.249625 -0.086471
0.988266 0.129046 0.081719
0.555973 0.826181 -0.091204
-0.924149 -0.312689 0.219487
0.262672 0.824947 0.500466
0.885978 0.395984 0.241329
0.551755 -0.832017 0.057559
-0.398196 0.888541 0.227893
-0.383881 0.7428 0.548528
-0.850332 -0.151438 0.503986
0.416385 -0.908627 -0.031935
-0.67582 0.633927 0.376038
-0.997263 -0.029763 0.067676
0.146893 -0.971286 0.187153
-0.776675 0.626717 0.063253
