211
0.486001 -0.311808 0.816443
-0.506502 0.724302 0.467805
-0.870809 -0.451701 0.194058
-0.307816 -0.08135 0.947962
0.289955 0.311527 0.904918
0.800067 0.599287 0.027333
0.579648 0.812743 0.058789
0.285644 0.489468 0.82391
-0.33929 0.936144 0.092289
-0.600024 0.467981 0.648818
-0.0158 -0.859947 0.510139
-0.173374 0.383179 0.907257
-0.029479 0.956491 0.290269
0.607697 -0.794169 0.000789
0.768938 0.382287 0.512437
0.033723 -0.969881 0.241233
0.284842 0.853255 0.43683
-0.0129 0.311807 0.950058
0.694656 0.54751 0.466568
0.013206 -0.050221 0.998651
-0.489206 0.622505 0.610872
0.567112 -0.554834 0.608723
-0.597329 0.221216 0.770884
0.284523 -0.880771 0.378535
0.801377 -0.456787 0.386188
0.837722 -0.152289 0.524433
-0.458794 0.497609 0.736134
-0.197331 0.824374 0.530536
-0.858096 0.450167 0.247023
-0.793734 -0.309791 0.523466
0.115567 -0.636372 0.762676
-0.329888 -0.760943 0.558694
0.295674 0.951554 0.08439
-0.825153 -0.123882 0.551158
0.442784 0.830567 0.337789
0.601543 -0.3856 0.699613
0.16829 0.044413 0.984736
0.414734 -0.64915 0.637652
-0.523913 -0.477335 0.705455
-0.263625 -0.41976 0.868506
-0.927792 0.358369 0.1038
0.115853 0.718865 0.685428
-0.464429 0.162007 0.870666
0.186765 -0.135692 0.972988
-0.644871 -0.645718 0.408888
0.710691 0.632477 0.308043
0.351299 -0.22383 0.909114
-0.34856 0.734408 0.582367
0.689944 0.722029 -0.051484
0.408322 0.650684 0.640222
-0.731584 -0.484743 0.479385
0.743369 -0.083929 0.663595
-0.357888 0.828926 0.429881
-0.98083 -0.17205 0.091491
0.386863 -0.892795 0.23077
0.581802 0.70323 0.408624
0.18097 -0.829498 0.528378
-0.601361 -0.130961 0.788172
0.610307 -0.719968 0.33041
0.176552 -0.491208 0.852962
-0.607124 0.045299 0.793315
0.302725 -0.949162 0.086312
-0.595258 -0.570345 0.566016
-0.563942 -0.814534 0.136025
-0.759234 0.529083 0.378993
0.464875 0.018112 -0.885191
-0.453544 -0.195209 0.869592
-0.57443 -0.341663 -0.743839
0.241482 -0.715801 0.655221
0.708903 0.276904 0.648676
0.337746 -0.043078 0.940251
-0.332583 0.28116 0.900187
-0.758003 0.613827 0.220563
0.268623 0.760031 0.591772
-0.735997 0.42755 0.52489
0.802123 -0.590321 0.09011
0.703148 0.697247 0.139388
-0.578701 -0.305059 0.756336
-0.17005 0.207598 0.96332
-0.361796 -0.534651 0.763709
-0.428197 -0.367494 0.825588
-0.006083 0.130134 0.991478
-0.497897 -0.717514 0.487105
-0.50729 0.804377 0.309248
-0.994976 0.003102 0.10007
-0.326453 0.61279 0.719665
0.108393 -0.914284 0.390301
0.044211 -0.390512 0.919536
-0.845183 0.354256 0.40021
-0.018883 0.993396 0.113168
-0.177974 -0.552918 0.814007
0.545615 -0.815812 0.191717
-0.21239 -0.859268 0.465348
0.482627 0.052455 0.874254
-0.260999 -0.920226 0.291657
-0.495731 0.857725 0.136232
-0.187764 0.962356 0.196507
-0.03588 0.650742 0.758451
0.463402 -0.88494 0.046256
0.846116 -0.48312 0.225128
0.894278 -0.254874 0.367839
-0.014796 -0.531159 0.847143
-0.089614 -0.928591 0.360123
-0.03179 0.996697 -0.074725
0.912866 0.113457 0.392177
0.459245 -0.490394 0.740681
-0.179984 0.557856 0.810187
0.673727 -0.586858 0.449099
0.8761 0.298384 0.378702
-0.438153 -0.634653 0.636583
-0.957717 -0.276876 -0.078213
0.442069 0.896645 -0.024557
0.677637 0.696799 -0.235115
0.824055 0.20525 0.528021
-0.926577 0.270011 0.26182
0.14706 0.22382 0.963472
-0.291393 -0.951239 0.101167
-0.140653 -0.779604 0.610275
0.119051 0.83809 0.532384
-0.964263 0.258417 -0.058454
0.843921 -0.529875 -0.083838
-0.831746 0.060444 0.551856
-0.290665 -0.255072 0.9222
-0.257013 -0.669956 0.696493
0.201466 -0.311938 0.928497
0.583349 0.775035 0.242949
0.294843 0.917528 0.266851
0.445459 0.880562 0.161796
0.458362 -0.807858 0.370499
-0.91061 -0.018808 0.412838
-0.321673 0.447924 0.834201
0.900575 -0.430892 0.057418
0.027467 -0.224924 0.973989
-0.635063 0.750283 0.183766
0.73379 -0.677686 -0.047888
0.300493 -0.577239 0.759275
0.45994 0.225195 0.85892
0.698644 -0.447771 0.558031
0.619286 -0.198517 0.759655
-0.845199 -0.387687 0.367883
0.55961 0.609088 0.562004
0.740042 -0.610837 0.281454
0.357316 -0.776645 0.518795
0.423394 0.39212 0.816688
-0.726788 0.137132 0.673033
0.962316 -0.155428 0.223135
0.056746 -0.763873 0.642867
-0.890769 -0.203297 0.406449
-0.186045 0.710531 0.678626
-0.172886 0.984842 0.014043
0.949551 0.202692 0.239308
-0.800821 0.249119 0.544634
-0.155223 0.018934 0.987698
-0.961101 -0.096339 0.25885
0.625777 -0.014068 0.779875
-0.770687 -0.55221 0.317972
-0.487391 0.344783 0.802231
-0.028288 0.486346 0.873308
0.432994 0.752427 0.496357
-0.038229 0.888142 0.457977
-0.132927 -0.975585 0.174829
0.129988 0.920524 0.368427
-0.198333 0.908261 0.368409
0.269035 0.627898 0.730318
-0.668838 -0.401444 0.625698
0.135962 0.990684 0.007687
-0.644277 0.67898 0.351986
0.992329 0.099343 0.073575
-0.03625 0.786886 0.616032
0.89936 0.382926 0.210995
0.977816 -0.181636 -0.104331
-0.384427 -0.833779 0.396267
0.140042 0.971142 0.193058
0.136201 0.407954 0.902786
0.526346 -0.691405 0.494894
-0.141123 -0.166566 0.975879
-0.994833 0.079423 -0.063245
-0.677633 0.320553 0.661861
0.889143 0.456519 0.031862
0.810247 0.466513 0.354776
0.318929 0.135446 0.93805
-0.960653 0.087036 0.263763
-0.935895 -0.34225 0.083459
-0.120395 -0.352207 0.928146
0.610246 0.165312 0.774772
-0.8949 0.169031 0.413016
0.723848 -0.265851 0.636684
0.817519 0.542445 0.193432
-0.540154 -0.779042 0.318318
0.920142 -0.069873 0.385301
0.971882 0.022906 0.234352
0.843514 0.024798 0.536534
-0.713826 -0.223615 0.663663
0.492244 -0.125293 0.861393
-0.419418 -0.881665 0.21623
0.20064 -0.954631 0.220051
-0.729621 -0.043026 0.682497
-0.634547 0.583986 0.506271
-0.314655 0.098532 0.944078
0.739209 0.098098 0.666293
0.917325 -0.331649 0.220282
0.636994 0.455721 0.621737
0.684336 -0.714854 0.143766
0.806478 -0.325905 0.493335
-0.066837 -0.67385 0.735839
0.116635 0.571661 0.812158
0.477313 0.514168 0.712603
0.794776 0.590467 -0.140287
0.928403 0.275123 -0.249749
0.337717 -0.407868 0.848287
-0.354001 0.896919 0.264991
