20
-0.947966 0.033315 0.316625
-0.399719 -0.680997 0.61357
-0.224707 0.63519 0.738945
-0.625805 -0.223904 0.747152
0.664622 0.112881 0.738604
-0.855031 -0.480158 0.195886
-0.25613 0.083729 0.963009
-0.198427 0.183236 -0.962835
0.168344 0.896561 0.409682
-0.505636 -0.860974 0.055276
0.690315 -0.40391 0.600269
-0.002786 -0.980688 0.195559
-0.966326 -0.047679 -0.252866
-0.428878 0.867093 0.253402
0.490998 -0.8118 0.316073
0.109684 -0.655863 0.746869
0.701264 0.583572 0.409477
-0.862283 0.506426 0.000331
-0.688646 0.405965 0.600798
0.266429 0.453089 0.850721
