-0.527987 -0.289432 0.79841
0.20318 -0.185712 0.961368
-0.19172 -0.403495 0.89467
0.283731 0.154813 0.946324
0.277208 0.6268 0.728202
-0.194951 -0.963038 0.185883
0.312584 -0.948572 0.050032
-0.318476 0.125811 0.939545
-0.328588 -0.72812 0.601558
-0.188513 0.247977 0.950247
-0.736046 -0.676597 0.021269
-0.476148 0.366006 0.799577
0.808608 0.57894 0.104797
-0.16532 0.062865 0.984234
0.515098 -0.105548 0.850608
0.912065 -0.09056 0.399921
0.308317 -0.696062 0.648412
0.415267 -0.861579 -0.291951
0.901871 0.428093 0.05801
0.979649 0.137713 0.146027
-0.347419 0.624287 0.69969
0.134999 -0.704105 0.697145
0.479484 -0.877353 0.018637
0.284675 -0.322741 0.902662
-0.625898 -0.389256 0.675819
-0.228513 -0.649131 0.725541
0.826055 -0.414219 0.382172
0.955448 -0.286557 -0.07074
-0.138042 0.919918 0.367009
0.967986 0.201656 -0.149456
0.67146 -0.722916 -0.162892
0.783653 -0.314164 0.5359
0.414831 0.664421 0.621659
-0.47372 -0.449252 0.757471
-0.966052 0.16657 0.19748
0.045561 0.94448 0.325396
0.648798 -0.691583 0.317449
0.431248 0.527272 0.732127
-0.122007 -0.555489 0.822525
-0.706421 -0.465703 0.533001
0.558348 0.568322 0.604366
-0.09621 -0.874016 0.476277
-0.442047 -3.9e-05 0.896992
-0.080126 0.975319 0.20575
0.650978 -0.05953 0.756759
0.370521 -0.92135 -0.117597
0.271784 0.957524 0.096336
0.913193 -0.331629 0.236858
-0.791882 0.596357 0.131456
0.945918 -0.040572 -0.32186
0.286678 0.482547 0.827626
0.510324 -0.744423 0.430585
-0.71096 0.635787 0.300517
-0.199252 0.708721 0.676766
0.473544 -0.663916 0.578767
-0.735878 0.676969 -0.014012
-0.632705 -0.609005 0.478328
-0.043326 0.647945 0.760454
0.067139 -0.581795 0.810559
0.012311 0.446867 -0.894516
0.123492 0.571266 0.811421
0.8539 0.466558 0.230605
0.93244 0.31112 0.183737
-0.908939 0.346961 0.231189
0 0 1
-0.457268 0.770783 0.44362
-0.337033 0.310336 0.888876
0.0892 0.984919 0.148249
0.98509 0.020848 -0.17077
-0.882917 -0.070042 0.464276
0.917258 -0.39166 0.072382
-0.521323 0.838179 0.160245
0.623091 -0.617185 0.480459
0.396212 0.024058 0.917844
0.844098 -0.490464 0.216666
-0.293347 -0.060599 0.954084
-0.063464 -0.946443 0.316573
0.437749 0.372859 0.81814
-0.480543 0.65657 0.581373
0.114949 0.701372 0.703466
0.35862 -0.450116 0.817794
-0.578033 0.058374 0.813923
0.664439 0.595567 0.451465
0.044987 -0.15438 0.986987
0.907679 0.309565 -0.283352
-0.020999 -0.988705 0.148399
0.691193 0.706972 0.14981
0.258665 0.756104 0.601165
0.828691 -0.14341 0.541022
0.920676 0.373278 -0.114101
0.125766 0.101331 0.986871
0.933725 0.183243 0.307537
-0.611086 0.398985 0.683656
-0.148994 -0.769673 0.620809
0.687901 0.296195 0.662617
-0.301248 -0.506248 0.808061
0.447446 -0.28537 0.847559
0.78161 0.161339 0.60254
-0.833683 0.380564 0.40018
-0.299381 0.858281 0.416803
0.321983 0.871865 0.369024
-0.571808 0.759882 0.309218
0.551347 0.813729 0.184013
0.519554 -0.412066 0.748509
0.226729 -0.025278 0.97363
-0.076722 -0.286011 0.95515
0.12848 0.426057 0.895527
-0.366237 -0.899868 0.23687
0.602875 0.797592 0.019701
-0.199257 0.976735 0.079277
-0.401862 -0.59501 0.696039
-0.259674 -0.829205 0.494962
-0.149568 0.983352 -0.103189
0.269388 -0.935376 0.229131
0.146311 0.989034 -0.020142
0.673272 0.118127 0.729898
-0.175859 0.82844 0.531753
0.991318 -0.039578 0.12539
-0.037709 0.50651 0.861409
0.544597 0.071361 0.835656
-0.367664 -0.350906 0.861213
0.778273 0.477328 0.407982
0.626177 -0.766716 0.141596
0.384872 -0.855213 0.347108
-0.694283 -0.058338 0.717334
0.956017 0.023748 0.292349
0.787412 0.332482 0.519074
-0.460718 0.18577 0.867887
-0.045931 0.772219 0.633694
-0.253109 -0.240261 0.937129
-0.395089 -0.824313 0.405479
0.389761 0.895706 0.214005
0.844055 0.532051 -0.06703
-0.042873 -0.684942 0.727335
-0.486109 0.520527 0.701961
-0.993959 0.102818 0.038393
-0.332535 0.753397 0.567286
-0.476245 -0.682132 0.554875
0.86867 0.194411 0.45565
-0.591104 0.239795 0.770126
-0.193295 0.418233 0.887535
0.570169 0.418874 0.706719
-0.699821 0.112714 0.70537
-0.343343 0.478033 0.808455
0.489472 0.865763 -0.10427
-0.718845 0.261775 0.644
-0.133009 -0.119056 0.983938
0.721751 -0.194186 0.664355
0.228681 -0.886763 0.401692
0.769693 -0.011214 0.638315
-0.032538 0.181899 0.982779
0.747949 -0.560395 0.355709
0.067208 -0.892996 0.445018
0.129389 0.268906 0.954436
0.53041 0.697752 0.481464
0.683402 0.457581 0.568842
-0.560885 -0.541479 0.626265
0.484446 0.803883 0.345085
0.289633 0.324687 0.900384
0.569116 0.251561 0.782831
0.104829 -0.954747 0.278333
-0.848459 -0.470988 0.241428
0.249149 -0.586765 0.770475
0.612121 -0.790532 -0.019162
0.593799 -0.241996 0.76736
-0.791792 -0.138403 0.594904
0.869695 0.036927 0.492207
0.881281 -0.256954 0.396634
0.578979 -0.523501 0.625084
-0.657577 -0.688387 0.306129
0.638468 0.755872 -0.14497
-0.534304 -0.737128 0.413716
-0.518237 -0.813897 0.262681
-0.197594 0.57276 0.795551
-0.562517 -0.118972 0.818181
0.108195 0.813775 0.57102
0.376118 0.78385 0.494079
0.749133 -0.636221 0.184451
0.970622 -0.223066 0.0901961
-0.034325 0.350328 0.935998
0.098031 -0.324643 0.940743
-0.761618 -0.619774 0.189258
0.732316 -0.405959 -0.546727
-0.908177 0.226999 0.35169
0.996627 0.080913 -0.013667
-0.940543 -0.138 0.31038
0.886246 -0.453107 -0.096241
0.955175 -0.161211 0.248297
-0.031424 0.999179 0.025588
0.870023 0.344034 0.353129
-0.759926 -0.308227 0.572284
0.965217 0.260974 0.015783
0.531018 -0.804195 0.267002
0.818674 0.399514 -0.412506
0.837593 -0.544218 0.047586
-0.325041 -0.943134 0.069616
0.433068 0.203917 0.877992
0.44588 0.89336 0.055667
-0.819649 0.244081 0.518267
0.364649 -0.147411 0.919402
-0.731307 0.529672 0.429695
-0.751447 -0.550272 0.364044
0.714813 -0.47286 0.515215
0.627008 0.710614 0.319201
-0.257119 0.934326 0.246829
-0.603241 0.659858 0.447983
0.662153 -0.365976 0.653923
0.178288 -0.461685 0.868942
0.354237 -0.786387 0.506075
-0.61531 0.539817 0.574448
0.422235 -0.564998 0.708869
-0.015289 0.879555 0.475551
-0.879269 0.100802 0.465537
0.175521 0.881172 0.439009
0.189915 -0.807068 0.559083
-0.800698 0.044988 0.597376
0.751043 0.597764 0.28038
0.021343 -0.801346 0.59782
-0.670082 -0.227126 0.706685
0.209455 0.942379 0.260863
-0.862771 -0.238185 0.445976
-0.23283 -0.908986 0.345738
-0.823815 0.498043 0.270708
0.428639 -0.887151 0.170972
-0.414724 -0.180477 0.89187
