-0.282583 0.511677 0.811377
0.464845 -0.295182 0.834738
0.538452 0.571937 0.618836
-0.563663 -0.530621 0.633029
0.032056 0.73374 0.678674
0.768469 0.596516 -0.231569
-0.523305 -0.840455 0.140667
0.828017 0.405892 0.386832
0.856462 -0.24634 0.453641
-0.686725 -0.722579 0.079298
0.640271 0.196979 0.742464
-0.373169 0.914725 -0.154995
-0.083517 0.203154 0.975578
-0.982567 -0.164964 -0.085726
-0.435822 -0.828168 0.352416
0.803849 -0.55263 0.220062
-0.545968 0.818624 0.178253
0.758492 0.301071 0.577968
-0.831966 0.485593 0.268389
-0.38683 -0.89261 -0.231539
-0.699708 0.569154 0.431825
0.634515 -0.221967 0.740352
-0.22558 -0.548776 0.804959
-0.62949 0.093499 0.771362
0.353505 -0.858628 0.371204
-0.098932 -0.223393 0.969695
-0.265941 -0.350997 0.897818
0.891047 -0.447226 0.077615
0.669423 -0.651521 0.35692
0.685512 -0.726155 -0.052642
-0.425822 0.366374 0.827312
0.600489 0.392148 0.696874
-0.555124 -0.828862 -0.069461
-0.368509 0.787195 0.494495
-0.31542 -0.780897 0.539175
0.716471 0.613332 0.332404
0.07338 -0.762907 0.64233
-0.992716 -0.042633 0.112684
0.501641 -0.730856 0.462823
-0.424499 -0.451582 0.784777
-0.888613 0.027394 -0.457839
0.217783 0.641281 0.735751
-0.018135 0.995286 0.09527
-0.214666 0.976466 -0.020818
-0.809437 0.374166 0.452561
0.777844 -0.127842 0.615317
-0.958002 -0.072227 -0.277516
-0.72688 0.349663 -0.591084
0.275527 -0.361278 0.890822
-0.17146 -0.985103 0.01317
-0.259836 0.291075 0.920739
0.193137 -0.946386 0.258943
0.483292 0.124629 0.866543
0.824895 0.564936 -0.01991
-0.491553 0.515485 0.701891
-0.600325 0.302255 0.74044
-0.750418 0.236412 0.617237
-0.97922 0.16717 0.114811
-0.285715 -0.135355 0.948708
-0.753722 -0.192199 0.628461
0.770381 -0.021076 -0.637235
0.388234 0.817847 0.424736
0.155047 -0.867231 0.47315
0.282905 0.245806 0.927116
0.29807 -0.164201 0.940315
-0.336885 0.665002 0.666544
0.921231 0.385799 0.049926
-0.384759 0.919424 0.081361
0.896113 -0.350528 0.272235
-0.995233 0.045835 -0.086084
0.305558 -0.764207 0.567999
-0.816398 0.574667 0.057038
-0.72109 -0.403868 0.562957
0.562942 -0.434763 0.702907
0.239363 0.44652 0.862163
-0.716208 -0.685579 -0.13049
-0.878812 -0.057986 0.473631
-0.014638 -0.625635 0.779978
-0.27765 0.077991 0.957511
0.005401 0.865808 0.500348
0.079032 0.337185 0.938115
-0.170394 0.783187 0.597983
-0.089049 -0.011273 0.995963
-0.837967 -0.509055 -0.196655
-0.849908 -0.263424 0.456359
-0.937612 -0.186616 0.293358
0.616331 0.727664 -0.301068
0.231536 0.892197 -0.387782
0.397048 0.519684 0.756493
0.002273 -0.934475 0.356023
0.196239 0.902667 0.382991
-0.96293 -0.248244 0.105549
-0.455885 0.167401 0.874154
0.090154 -0.297463 0.950467
0.037413 -0.991939 0.121065
-0.453823 -0.248696 0.855684
-0.202111 0.95844 0.201355
0.924318 0.292654 0.244929
-0.602431 -0.332249 0.725732
-0.190827 0.892002 0.409778
-0.823716 -0.43543 0.363171
0.188557 0.963896 0.188019
0.651632 -0.009589 0.758475
0.487617 -0.086097 0.868802
0.949471 -0.142482 0.279649
-0.532512 0.643899 0.549386
-0.166543 -0.717636 0.676211
0.372125 0.927761 0.027977
-0.377908 0.875715 0.300514
-0.665441 0.44783 0.597191
-0.551977 0.745749 0.373067
0.225728 -0.649445 0.726132
0.053457 0.552143 0.832034
0.143053 0.965935 -0.215651
0.377316 0.701221 0.604914
-0.890297 -0.419768 0.176542
-0.067938 -0.437394 0.8967
0.632499 -0.5538 0.541526
0.105276 -0.089897 0.990371
-0.964435 0.250987 -0.08289
0.878084 0.192767 0.43796
0.538396 -0.841222 0.049763
0.698188 0.500192 0.512193
-0.95295 0.043183 0.300037
-0.377565 -0.632543 0.676264
-0.08126 -0.843838 0.53041
-0.34021 -0.92273 0.181182
0.785553 0.089646 0.612266
-0.512577 -0.695335 0.50376
0.134278 -0.506079 0.85197
0.536331 -0.802616 0.26107
0.306073 0.039024 0.951208
-0.868972 0.154518 0.47012
0.567228 0.77862 0.268334
0.782651 -0.461796 0.417376
-0.465533 -0.037222 0.884247
0.559865 0.693002 0.454202
-0.709478 0.660011 0.247036
0.920158 -0.374326 -0.114844
0.451299 -0.624831 0.637115
0.370531 -0.504049 0.780155
-0.130304 0.636338 0.760325
0.696971 -0.702415 0.144376
-0.104527 0.432386 0.89561
-0.915937 0.268217 0.298528
-0.00487 0.952649 0.304032
0.450187 0.327859 0.830566
0.109391 0.120935 0.986615
-0.624394 -0.119244 0.771954
0.200186 0.799462 0.56638
-0.682889 -0.580311 0.443737
