-0.657811 -0.003476 0.753175
0.72238 -0.307037 0.619592
0.011638 0.999252 -0.036874
-0.327543 0.082834 0.941198
0.363107 0.790565 0.493113
-0.121022 -0.925952 0.357724
-0.887883 -0.385658 -0.25086
-0.395474 -0.29298 0.870496
-0.863678 -0.498244 0.076245
-0.621335 0.719643 0.30993
-0.262845 -0.851531 0.453661
0.105679 -0.3201 0.941471
-0.809203 -0.233831 0.538993
0.991826 -0.127181 0.010338
0.608444 -0.79156 0.056826
0.782891 0.53811 0.312282
-0.37093 -0.107901 0.922371
0.105677 -0.653845 0.749212
0.724352 -0.458916 -0.5145
-0.402366 -0.467946 0.786847
-0.075946 0.292332 0.953296
0.774078 0.049452 0.631155
-0.606241 -0.727806 0.320577
0.878603 0.05869 0.473933
0.700565 -0.607125 0.374978
-0.243739 -0.600398 0.761652
-0.682926 0.324878 0.654268
0.543892 -0.132207 0.828675
0.788337 -0.584593 0.191773
0.199482 0.87936 0.432357
0.85419 -0.519882 -0.009026
-0.35852 -0.158987 -0.919884
-0.470751 0.881837 0.027516
-0.958883 -0.222433 -0.176256
0.683403 0.221406 0.695658
-0.222849 -0.25541 0.9408
0.105162 -0.497768 0.860911
-0.754951 -0.627114 0.191773
-0.91808 0.327795 0.222887
0.022689 0.985755 0.166652
-0.473425 0.774517 0.419515
-0.587444 0.5067 0.631003
-0.750508 0.134035 0.647126
-0 -0 1
-0.908283 0.203137 0.365728
-0.8984 -0.23327 -0.372106
0.910251 -0.114656 0.397865
-0.691633 -0.357825 0.627379
-0.124043 0.775419 0.619144
0.203828 -0.92641 0.316574
0.400825 0.514329 0.758159
-0.972292 0.161736 0.168786
0.356679 0.92564 0.126372
-0.952059 0.024842 0.304904
-0.119397 0.457131 0.881349
-0.324677 -0.942668 0.077215
0.710016 0.67908 0.186356
0.353762 -0.071198 0.932622
0.038926 0.842965 0.536559
-0.887669 0.433296 -0.15588
0.48704 0.035949 0.872639
-0.745038 0.646698 0.163403
-0.304835 0.7937 0.526419
-0.302418 -0.913841 0.270995
0.979191 0.201213 -0.026444
-0.612699 0.628043 0.479752
-0.255819 0.539589 0.802123
-0.502156 0.035398 0.864052
-0.721801 -0.585825 0.368527
-0.763029 -0.646344 0.005212
0.027063 0.932866 0.359207
-0.285549 0.679987 0.675337
-0.930128 -0.333361 0.154051
0.433111 -0.275439 0.858224
0.447901 0.815693 -0.3661
0.694789 -0.134142 0.706593
-0.145243 0.986047 0.081343
-0.959445 -0.157203 0.233993
-0.630958 -0.763469 0.137864
-0.667651 -0.521174 0.53162
-0.794186 -0.407282 0.450988
-0.743758 0.667995 -0.02465
0.410394 0.624008 -0.664975
0.956269 -0.266871 0.119709
-0.531348 0.36817 0.762968
0.722331 -0.468326 0.508831
-0.993907 -0.025398 0.107254
0.503709 0.783773 0.363286
0.808196 0.393018 0.438584
-0.557809 -0.662942 0.499357
0.643015 0.042929 0.764649
-0.041931 -0.195673 0.979772
-0.070209 -0.559304 0.825984
-0.44333 0.221291 0.868613
-0.3585 0.397186 0.84482
0.141033 -0.117753 0.982977
-0.892066 -0.285352 0.350417
0.220111 0.28122 0.934059
0.659704 -0.717778 0.222676
0.153535 0.974988 -0.160706
-0.953015 -0.066465 -0.29554
-0.066321 -0.387182 0.919615
-0.548921 -0.503729 0.66704
0.055369 0.561646 0.825523
0.58783 -0.307856 0.748118
0.058059 -0.897434 0.437311
-0.809843 0.26893 0.521374
-0.144186 0.118911 0.98238
-0.821859 0.45542 -0.342258
0.237962 0.468008 0.851083
0.344185 -0.920779 0.183582
-0.400428 -0.747299 0.530285
0.266695 -0.717722 0.643233
0.211987 0.057526 0.975578
-0.319264 0.931107 0.17638
0.502547 -0.841458 0.198484
-0.139151 0.879487 0.455125
0.355273 0.882193 0.309057
0.548706 -0.746776 0.375829
0.280801 -0.574115 0.769118
0.072093 0.396469 0.915213
-0.537501 -0.151185 0.8296
0.44013 -0.609174 0.659692
-0.927374 -0.37044 -0.052454
-0.103577 0.639024 0.762181
0.382754 0.663845 0.642503
0.696588 0.389057 0.602826
-0.553271 -0.332401 0.763807
-0.430483 0.541199 0.722349
-0.458713 0.671414 0.582052
-0.843844 -0.46416 0.269227
-0.971045 0.102595 -0.215744
-0.937396 0.34553 0.043572
-0.147219 0.950425 0.273895
-0.896538 -0.106323 0.430017
0.22353 0.627853 0.745543
0.817329 -0.126325 0.562153
0.99417 0.050304 0.095367
0.594267 -0.474703 0.649233
-0.607726 0.184123 0.772507
-0.069116 -0.708455 0.702364
0.846917 -0.495088 -0.193959
0.417805 -0.743184 0.522606
-0.0899211 -0.835082 0.542727
0.190959 0.95076 0.244109
0.647767 0.675228 0.352797
-0.554025 -0.534434 -0.638308
0.087357 -0.79016 0.606643
-0.68472 -0.186709 0.704485
-0.614843 0.778267 0.127545
-0.021961 0.968833 -0.246741
0.530509 0.825569 0.192342
0.580828 -0.622454 0.524586
0.159899 -0.979298 0.124126
0.532801 0.211279 0.819442
-0.866111 0.073852 0.494365
0.184207 0.981722 0.047846
-0.475686 -0.859235 0.18825
0.0543 0.718324 0.693587
0.273373 -0.234727 0.932829
0.211934 0.768799 0.60335
-0.315456 0.878634 0.358454
-0.633243 -0.772466 -0.04795
-0.191702 -0.067747 0.979112
0.684583 0.541666 0.487794
0.835904 -0.39836 -0.377588
0.9101 -0.284275 0.301505
0.239442 -0.837324 0.491483
-0.237834 -0.436317 0.867792
-0.486308 -0.873787 0.000574
0.278126 -0.413761 0.866861
0.25697 -0.276067 -0.92615
-0.838798 -0.529629 -0.126142
0.445587 -0.452224 0.772623
0.529972 0.672022 0.51722
0.554727 0.379107 0.740645
0.806108 0.228419 0.545908
0.383884 -0.849253 0.362494
0.831159 -0.29832 0.469233
0.238085 0.740513 -0.628455
0.310541 -0.950521 0.008572
0.744258 -0.570198 -0.347786
0.476365 -0.847065 -0.235705
0.068442 0.178463 0.981563
0.391464 0.344278 0.853363
-0.791011 -0.056139 0.60922
