189
0.913369 -0.364544 0.181284
0.798527 0.048274 0.60002
-0.917714 -0.346558 -0.194162
0.616738 -0.186868 0.764666
0.975604 0.199551 0.09152
-0.37206 -0.737204 0.564005
0.765314 -0.13702 0.628903
0.632839 -0.774187 0.012228
-0.912249 0.373781 0.167601
-0.106261 -0.994338 0.000241
-0.99234 -0.010025 0.123128
0.95296 -0.0391 0.300563
-0.439345 0.536771 0.720315
0.396675 -0.679705 0.616968
0.992922 -0.118762 0.000875
0 -0 1
0.05546 -0.937997 0.342177
-0.472139 -0.598515 0.647197
0.539121 -0.36148 0.76071
0.182565 -0.471499 0.862762
-0.619808 -0.71881 0.314882
0.017981 -0.770293 0.637436
-0.003896 -0.506228 0.862391
-0.380501 -0.917947 0.112216
-0.743048 0.590557 0.314838
0.463458 -0.886085 0.007753
-0.25768 0.905168 0.338042
0.301364 0.645655 0.701647
0.638911 0.515293 -0.571197
0.605114 0.745422 0.279613
0.827808 0.48155 0.287827
-0.165077 0.474509 0.864633
-0.016512 -0.984873 0.172489
0.646157 0.542044 0.537279
-0.979517 -0.182686 0.084692
0.472559 0.620718 0.625618
-0.134391 0.855346 0.500323
-0.50424 0.081405 0.859718
0.301956 0.378857 0.874809
0.07359 -0.331717 0.940504
0.105128 0.663557 0.740703
-0.069084 0.936654 0.343375
0.558326 0.468335 0.684787
-0.966786 0.189533 0.171468
0.753071 0.622214 -0.213855
0.696905 0.358 0.621417
0.542559 -0.822062 0.172752
0.27891 -0.960317 0.000288
0.339274 0.938766 0.060103
-0.211216 -0.967366 0.139967
-0.735206 0.468819 0.489571
0.644969 0.75884 0.090427
0.444914 0.814835 0.371613
-0.323773 -0.907829 -0.266492
-0.882228 -0.278517 0.379607
-0.555931 -0.670634 0.491112
-0.191609 -0.522283 0.830967
-0.826516 0.541274 0.154579
-0.397291 0.677746 0.618724
0.932154 0.362013 -0.005998
-0.083696 0.640206 0.763631
-0.535231 0.382481 0.75315
-0.779792 -0.406958 0.47572
0.705243 0.604382 0.370613
0.425485 0.252135 0.869132
0.552165 0.692838 0.463778
0.066431 0.869946 -0.488652
0.819976 -0.539684 0.190738
-0.706682 -0.144536 0.692611
-0.649199 -0.752007 0.114132
-0.436865 0.25557 0.862458
-0.508775 -0.832854 0.217949
-0.907512 0.249875 0.337616
-0.089244 0.996009 -0.00159
-0.449674 -0.798622 0.399995
0.366978 -0.424754 0.827594
0.880239 0.293543 0.372844
-0.130845 0.150887 0.979853
0.910214 -0.233894 0.341767
-0.668985 0.035799 0.742414
-0.809042 -0.233757 -0.539267
0.484297 0.856982 0.176177
0.544571 -0.824516 -0.153673
0.463369 -0.54009 0.702561
-0.520417 -0.853859 0.009545
0.322587 -0.109353 0.940202
-0.1945 -0.0267 0.980539
-0.016303 0.771746 0.635722
0.87549 -0.09274 0.474254
-0.110552 -0.35724 0.927447
-0.811792 -0.211452 0.544317
0.601107 -0.614168 0.51134
0.138508 0.93682 -0.321224
0.87218 -0.115714 -0.475303
-0.249765 0.289145 0.924128
-0.325775 0.109705 0.939061
0.120581 0.363948 0.923581
-0.249289 -0.201142 0.94731
-0.631999 0.620689 0.464029
0.880571 -0.473606 0.017068
-0.209468 0.739888 0.639287
-0.386589 -0.484404 0.784794
0.125032 -0.856512 0.500753
-0.603115 0.735134 0.309564
0.72749 -0.587243 0.354828
-0.346959 0.423596 0.836771
-0.090914 -0.657045 0.748349
-0.923166 -0.329347 0.198229
0.307436 -0.814259 0.492408
0.60159 -0.726624 0.331823
0.693182 0.181427 0.697555
-0.25712 -0.849718 0.460293
0.174124 -0.969339 0.173387
0.209388 -0.737952 0.641548
-0.190528 -0.969526 -0.154008
0.480669 -0.739521 0.471239
-0.291408 -0.369213 0.882476
-0.774671 0.632177 -0.015381
-0.698393 -0.339011 0.630332
0.058438 0.183553 0.981271
0.440603 -0.240658 0.864843
0.993606 0.022614 0.110619
-0.814211 0.299053 0.497621
0.893894 0.094843 0.438131
0.85823 0.501302 -0.110173
0.191345 0.029597 0.981076
-0.433172 -0.262834 0.862137
-0.326727 -0.898474 0.293248
0.952682 0.139797 -0.269915
-0.542717 -0.43257 0.71996
0.208002 0.529779 0.822235
-0.612371 0.213216 0.761276
0.55944 0.310397 0.768558
0.968473 -0.178429 0.173848
-0.951584 -0.149719 -0.268462
0.260032 -0.293313 0.919973
-0.265129 0.597896 0.756457
0.77793 0.426697 0.461253
0.555185 0.118182 0.823288
0.098522 -0.635888 0.765467
0.185488 0.773772 0.605699
-0.318983 0.810439 0.491364
0.255199 0.859949 0.441996
0.371071 -0.91373 -0.165541
0.245096 0.207557 0.947021
-0.06365 0.334601 0.940208
0.132935 -0.152099 0.979385
0.020821 0.512175 0.858629
-0.755256 0.17498 0.631641
-0.582284 0.534435 0.612637
0.24471 -0.908551 0.338603
0.059993 0.869133 0.490926
0.370866 0.753188 0.543293
-0.950269 0.053826 0.306744
0.437844 -0.837547 -0.326815
-0.801347 -0.011476 0.59809
0.953502 -0.301358 0.004161
-0.289321 -0.640175 0.711666
0.000214 -0.985131 -0.171804
-0.552883 -0.094642 0.827867
-0.386436 -0.073797 0.919359
0.186821 -0.967112 -0.172603
0.283336 -0.592453 0.754135
-0.178755 -0.767578 0.615525
-0.839662 0.427993 0.334351
0.698992 -0.313103 0.642943
-0.700099 0.691448 -0.178216
-0.711555 -0.57565 0.402886
0.671316 -0.00805 0.741127
-0.894539 -0.07801 0.440129
-0.702127 0.695931 0.150661
0.856775 0.507213 0.093124
0.49188 -0.728104 -0.477408
0.738888 -0.457539 0.494674
-0.058881 -0.180043 0.981895
-0.584084 -0.266405 0.76673
0.833894 0.463076 -0.300302
0.427443 -0.84342 0.325477
0.381881 0.070665 0.921506
-0.123903 -0.936919 -0.326849
0.506972 -0.062341 0.859705
0.612733 -0.479584 0.628138
-0.682375 0.358574 0.637016
0.840505 -0.417985 0.344731
0.749183 0.63523 0.187637
-0.360514 0.91748 -0.168105
0.766486 0.642145 -0.012228
0.819913 -0.280864 0.498857
0.404604 0.485853 0.774753
