197
-0.236027 -0.634474 0.736026
-0.801926 0.001841 0.597421
0.034452 0.388597 0.920763
-0.624457 -0.335526 0.70532
0.44411 -0.339227 0.829272
0.707419 0.643764 0.291762
-0.755475 0.588442 0.288085
0.500474 0.474189 0.724341
-0.52255 0.604771 0.600994
0.981932 0.137112 0.130425
0.082387 0.882286 0.463448
0.24645 -0.96721 -0.061383
-0.830401 -0.498486 -0.248891
-0.257236 -0.966315 0.008073
0.561551 0.755922 0.336514
-0.176588 0.947869 -0.265258
-0.096421 0.906512 0.411021
-0.0909 -0.306313 0.947581
-0.783479 0.452145 0.426293
0.512053 0.304332 0.803233
0.567323 0.823487 -0.003741
0.761686 -0.608972 0.221331
0.760896 0.375227 0.529379
-0.060168 0.992297 0.108285
0.481179 0.622235 0.617488
0.256433 -0.093983 0.961982
0.40776 -0.667177 0.623383
0.826742 -0.12742 0.547961
0.607431 0.639955 0.470623
0.934836 0.177523 0.307517
0.849939 -0.524047 0.054574
0.060041 -0.090585 -0.994077
0.348542 -0.887563 0.301248
0.965324 -0.180044 0.189034
0.134736 0.774169 0.618473
-0.852481 0.154426 0.499428
-0.267863 -0.755083 0.598413
0.960208 0.278884 0.01499
-0.454223 0.822163 0.343118
-0.441191 -0.747274 0.496923
0.430508 -0.51016 0.74458
0.305793 -0.944337 0.12132
0.067708 -0.822708 0.564418
0.125281 -0.550762 0.825206
0.633761 0.500051 0.590166
0.630789 -0.755763 0.175864
-0.836762 -0.168707 0.52093
0.580134 0.792843 -0.186666
-0.21769 0.822939 0.524769
-0.588531 0.170113 0.790375
-0.184956 -0.968654 0.165831
0.640847 0.335909 0.690276
-0.416222 -0.908312 -0.041571
0.801707 0.046047 0.595941
-0.569891 -0.621733 0.537282
0.779479 0.616791 0.109458
0.378973 -0.796285 0.471496
0.03891 -0.915548 0.400322
-0.710353 -0.66649 0.226252
0.858701 0.35902 0.365702
0.89881 -0.309305 0.310599
-0.410715 -0.63902 0.650359
-0.815461 0.566778 0.117413
-0.33747 0.478456 0.810675
0.976141 -0.216643 -0.01468
0.427811 -0.159992 -0.889596
0.137028 0.980503 0.140847
-0.05921 -0.99775 0.031449
0.925767 0.324673 0.19376
-0.002105 -0.975689 0.219148
0.691738 -0.709946 -0.132197
-0.292976 0.878713 0.376866
-0.987301 0.080671 0.13685
-0.021982 0.691643 0.721905
0.884596 0.460564 0.073285
0.497336 0.845916 0.192571
-0.996825 0.046074 -0.064932
0.39458 0.021858 0.918601
-0.733532 0.169682 0.658133
0.368209 0.017491 -0.929579
0.592395 -0.805642 0.003108
0.432501 -0.159256 0.887457
-0.293378 -0.847769 0.441833
0.21308 -0.871345 0.441989
-0.182279 0.587047 0.788765
-0.770254 0.31781 0.552907
0.365801 0.222 0.903828
0.076297 0.205624 0.975652
0.509412 -0.796297 0.326207
-0.716988 -0.565931 0.407002
-0.300419 0.320484 0.898353
0.899963 0.029351 0.434977
-0.177897 0.953126 0.244751
0.266056 0.830697 0.489036
-0.052854 -0.128104 0.990351
-0.943809 0.26375 0.199148
-0.659065 0.468214 0.588565
0.856945 0.206093 0.47241
0.914018 -0.398926 -0.073678
-0.876435 0.2946 0.380884
0.285901 -0.45143 0.845264
0.476273 -0.865862 0.153122
0.823912 -0.300435 0.480529
-0.471733 -0.349356 0.809579
-0.36325 0.621565 0.694051
-0.085946 -0.744659 0.661889
0.654882 -0.674118 0.341606
0.23345 0.108783 0.966265
0.67438 -0.563966 0.476607
0.311483 0.931366 0.188508
-0.109829 0.27151 0.956148
0.520857 0.134362 0.843004
-0.632953 0.327099 0.701696
-0.41902 -0.188818 0.888127
-0.675694 -0.475106 0.563659
-0.66544 0.593185 0.453125
-0.206015 0.715782 0.667244
0.003615 0.550347 0.834928
-0.531487 -0.497334 0.685697
-0.648912 -0.746167 -0.148821
-0.599859 -0.708204 0.372311
0.102422 -0.20951 0.972427
0.0977389 -0.700548 0.706881
0.720517 -0.245139 0.648662
0.160623 0.644275 0.747737
0.357212 0.408359 0.840025
0.531587 -0.692169 0.488178
-0.386446 -0.855008 -0.345862
-0.811298 -0.395235 0.430796
0.816347 0.572571 -0.075757
-0.313528 -0.910432 0.269841
0.792013 -0.469991 0.389647
-0.113749 -0.850074 0.514233
-0.864799 0.434099 0.252351
-0.376717 0.748361 0.545931
0.243728 -0.760976 0.601259
-0.463622 -0.823523 0.326903
0.125472 -0.988891 0.079701
0.527517 -0.714281 -0.459923
0.285961 -0.273414 0.918407
-0.902299 -0.017773 0.430745
-0.890754 -0.359634 0.277885
-0.718921 -0.158419 0.676799
0.587951 -0.21567 0.779615
-0.369323 -0.503226 0.781258
0.623546 -0.721646 -0.300695
-0.958829 -0.227893 0.169445
0.585994 -0.387033 0.71191
0.336743 0.571495 0.74833
0.443967 0.750453 0.489605
-0.90719 -0.206998 0.366276
0.706185 -0.066814 0.704868
-0.505708 0.473618 0.721072
0.813967 0.520581 -0.257785
0.565897 -0.039672 0.823521
0.019757 0.959472 0.281111
-0.025885 -0.456839 0.889173
0.422823 0.896042 -0.135385
0.094104 -0.008862 0.995523
0.662382 0.121594 0.739233
-0.151937 0.437941 0.886071
-0.361148 0.911038 0.198953
0.199474 0.922723 0.329837
-0.905305 -0.41194 0.103576
0.126407 -0.374242 0.918675
-0.043966 0.81114 0.583198
0.185696 0.492061 0.850525
0.312112 0.711432 0.629643
-0.737802 0.673694 -0.042252
-0.054421 -0.613785 0.787595
0.913656 -0.143778 0.380212
0.994217 0.091467 -0.056278
0.211287 0.317612 0.924381
-0.964888 -0.060606 0.255573
-0.253492 0.152753 0.955201
0.708844 -0.412331 0.572296
0.966665 -0.004406 0.256006
-0.194871 -0.486916 0.851433
-0.240541 -0.193928 0.951069
-0.47265 0.325465 0.818947
-0.138644 -0.927223 0.347901
-0.702403 -0.710541 0.041976
0.752577 0.216693 0.62183
0.271564 -0.619277 0.736715
-0.673433 0.007335 0.739212
0.858158 -0.461379 0.225153
-0.578749 -0.176061 0.796274
-0.19778 -0.020919 0.980023
0.560619 -0.548267 0.620573
-0.533736 0.828331 0.170275
-0.75514 -0.313139 0.575941
0.932744 -0.344377 0.106741
-0.939182 0.124104 0.32021
-0.528111 -0.006346 0.849152
-0.296055 -0.349259 0.889027
0.744754 0.518402 0.42024
0.427465 -0.903726 -0.023498
