-0.141858 -0.59693 0.789653
0.770885 0.622092 0.13689
0.351082 -0.916924 0.189716
0.285236 -0.456533 0.842744
-0.346032 -0.028655 0.937785
-0.066709 0.979654 0.189281
0.8358 -0.547279 -0.043862
0.226175 -0.881043 0.415462
-0.185141 -0.809866 0.556633
0.283955 0.828858 0.482041
-0.927001 -0.308502 0.213298
0.719636 0.189483 0.667997
0.800873 -0.397818 0.447597
-0.604527 0.638984 0.475655
-0.064429 -0.468245 0.881247
0.923213 -0.118768 0.365475
0.919538 -0.353328 0.172072
-0.113852 -0.896692 0.427764
0.551196 0.797033 0.24682
-0.067876 0.984722 -0.160359
0.614515 -0.773399 -0.155643
0.077956 0.992636 0.092718
-0.704445 0.362286 0.610333
-0.661292 -0.565725 0.492594
0.87016 0.263645 0.416308
-0.132845 -0.320692 0.937821
0.942307 0.186339 0.278094
-0.413299 -0.180106 0.892606
-0.345888 0.786381 0.511826
0.4053 0.889405 0.211402
-0.267814 0.411723 0.871068
0.292626 0.601031 0.743728
-0.457823 -0.883075 0.102843
0.753202 -0.610067 0.245979
0.139968 0.569692 0.809852
0.692219 0.583115 0.425217
0.139234 0.701962 0.698472
-0.196461 -0.941707 0.273115
-0.443033 0.111786 0.889509
0.7415 -0.322836 0.588179
0.204725 -0.316322 0.926298
-0.673814 -0.709187 0.207432
-0.524501 -0.676979 0.516332
0.118049 -0.165574 0.979107
-0.246086 -0.453878 0.856409
-0.773396 -0.102275 0.625619
-0.351529 0.865985 0.355665
-0.358354 -0.763353 0.53747
-0.51905 -0.851376 -0.07581
0.027007 -0.602032 0.798015
0.641971 0.341169 0.686642
-0.923508 -0.383573 0.002183
0.447961 -0.435377 0.780883
-0.07708 0.135163 0.987821
0.60273 -0.113304 0.78986
0.436578 0.616035 0.655669
0.630256 -0.693245 0.349556
0.972993 0.230143 -0.01783
0.568443 0.71603 0.405183
-0.785662 0.203632 0.584183
0.768369 0.315323 0.556939
-0.82162 0.457817 0.339624
0.198633 -0.596052 0.777989
0.871791 0.46777 0.145503
-0.943975 -0.295191 -0.14756
-0.010179 -0.82588 0.563755
0.590366 -0.627551 0.50759
0.859861 -0.049564 0.508116
-0.326772 0.68131 0.655009
0.504207 0.336244 0.795434
-0.840255 -0.448352 0.304882
0.199153 -0.004118 0.97996
-0.970166 0.23897 -0.040874
-0.536681 -0.80872 0.240717
0.83494 0.147149 0.530303
-0.792498 -0.273758 0.54498
0.779138 -0.590067 -0.211577
-0.445767 -0.489818 0.749247
0.881323 0.373451 0.289489
0.363465 0.01508 0.931486
0.838364 -0.460266 0.292062
-0.495465 0.862034 -0.106826
-0.597523 0.523692 0.607217
0.40442 0.474534 0.781833
-0.736273 -0.584497 0.340977
-0.057051 -0.167747 0.984178
0.437831 0.732514 0.521274
-0.688018 -0.409104 0.599387
-0.211983 0.938054 0.274075
-0.932653 -0.150223 0.328012
-0.00934 0.625143 0.780455
0.267763 0.904947 0.330717
-0.076634 -0.722634 0.68697
0.679121 0.469398 0.564324
-0.494537 0.865917 0.074967
0.335718 -0.789783 0.513358
-0.788805 -0.58851 0.177321
0.57181 0.610034 0.548536
-0.435442 -0.35056 0.829155
-0.220082 0.971598 -0.086955
-0.198585 0.875393 0.440739
0.659864 -0.242692 0.711112
0.009109 0.282798 0.959136
0.752482 -0.653887 0.078759
-0.689295 -0.242859 0.682562
-0.050672 0.932073 0.358709
0.599839 -0.40007 0.69292
-0.356577 0.917349 0.176987
-0.169726 0.672584 0.720294
-0.871991 -0.296809 0.389276
0.547214 0.484479 0.682522
-0.419933 -0.639107 0.644359
-0.975729 -0.000646 0.218981
0.189394 -0.94424 0.269334
-0.519401 0.254941 0.815615
0.367391 -0.30094 0.880033
0.675238 -0.482935 0.557518
-0.248934 -0.700816 0.668497
-0.628734 0.715519 0.304509
-0.360476 0.264847 0.894378
-0.578529 -0.374216 0.724753
0.653395 0.749127 0.109013
-0.95068 0.157538 0.267188
0.730529 -0.065558 -0.679727
0.589566 0.187645 0.785622
0.774729 0.026605 0.631733
0.275221 0.166086 0.946926
0.893898 -0.293804 0.338565
-0.680766 -0.678694 -0.275558
0.519481 -0.277549 0.80815
-0.232846 -0.16116 0.959067
-0.602624 -0.795169 0.067455
-0.307026 -0.570433 0.761801
-0.988375 0.122752 0.089704
0.597876 -0.093011 -0.796174
0.13052 0.811553 0.569514
-0.185874 0.264854 0.946205
-0.023664 0.754871 0.655446
-0.948739 0.285371 0.135857
0.288591 -0.15376 0.945025
0.063651 -0.904684 0.421302
0.791997 0.432392 0.431019
0.036031 -0.323078 0.945686
-0.880102 0.441096 0.175657
-0.370606 -0.92795 -0.039501
-0.922024 0.016428 0.386785
-0.836029 -0.548661 0.005214
0.094682 -0.719108 0.688418
-0.514198 -0.045915 0.856441
-0.642952 0.743394 -0.18433
0.841376 -0.221462 0.492993
0.757944 -0.136481 0.637882
0.4373 -0.676987 0.591995
0.726281 -0.553728 0.407311
-0.213658 0.972555 0.092121
0.663033 0.030831 0.747955
0.058582 0.452397 0.88989
-0.624021 0.78109 -0.022277
-0.362347 0.932024 -0.005962
-0.295211 -0.945565 0.136957
0.426147 0.824267 0.372803
0.2932 0.727535 0.620263
0.519886 0.02958 0.853723
-0.727275 0.680563 0.088907
0.175144 0.31223 0.933722
-0.285629 -0.86482 0.41292
-0.564678 -0.533841 0.629407
0.209861 0.977731 -0.000527
-0.558589 -0.215775 0.800887
0.440163 0.177679 0.880163
-0.488715 0.833453 0.257901
-0.269359 0.120144 0.955516
-0.457389 0.547685 0.700597
-0.426079 0.410939 0.805969
0.022722 -0.012767 0.99966
-0.883067 0.179186 0.433687
-0.775058 -0.434929 0.45839
0.350032 0.319692 0.880497
-0.187481 0.786367 0.588623
-0.609769 -0.701176 0.369506
-0.719321 0.592896 0.36201
0.116974 0.897985 0.424193
-0.816474 0.335636 0.469807
-0.654312 -0.076039 0.752392
-0.899041 0.311544 0.307676
0.160469 -0.812636 0.560244
-0.472774 0.669072 0.573435
0.793427 0.535668 0.28902
-0.158687 -0.013265 0.98724
0.959709 -0.18548 0.211081
0.269196 -0.705481 0.655614
0.850342 -0.510822 0.126411
-0.297572 -0.307447 0.90384
0.113378 -0.467309 0.876794
-0.865969 -0.129235 0.483111
0.99825 0.04491 -0.038462
-0.493246 0.76326 0.417304
-0.136889 0.538814 0.831228
0.373302 -0.861367 0.344517
-0.035526 0.856481 0.514954
0.366513 -0.578589 0.72863
0.098517 0.959168 0.265124
-0.729533 -0.68307 0.0346
-0.379146 -0.884784 0.270936
0.969048 0.000656 0.24687
0.247164 0.450731 0.85776
0.107212 0.1436 0.983811
-0.303616 0.554086 0.775117
0.449478 -0.133832 0.883209
0.489699 -0.755365 0.435452
-0.973143 -0.160928 0.164608
-0.66226 0.230527 0.71293
-0.721792 0.484732 0.494015
-0.096438 0.403954 0.909682
-0.059489 0.998216 0.005052
-0.09826 -0.987785 0.120939
-0.917091 0.398676 0.001176
-0.57268 0.393629 0.719092
-0.993759 0.068364 -0.088144
-0.023713 -0.956775 0.289861
0.51394 -0.814982 0.267712
0.914872 0.069948 0.397638
-0.458066 -0.794161 0.399355
0.245424 0.954542 0.169164
0.985669 0.118192 0.120366
0.526015 -0.545339 0.652621
0.881837 0.449392 -0.142867
-0.839929 0.040144 0.54121
