240
-0.342391 -0.550365 0.76149
0.853668 -0.346801 0.388561
0.836683 -0.220469 0.501354
-0.672628 0.726311 0.141575
0.271511 -0.511964 0.814969
-0.235884 0.614822 0.752564
0.125612 -0.302199 0.944933
-0.15887 -0.975225 0.153937
0.596248 0.025534 0.802394
-0.257949 0.952916 0.159418
0.829954 0.471345 0.298347
0.97365 -0.133703 0.184743
-0.401692 -0.845056 0.35288
0.503469 -0.110103 0.856969
-0.295424 0.338184 0.893508
-0.382703 0.630908 0.674902
-0.723972 -0.350224 0.594312
-0.5226 0.63056 0.573832
0.350681 0.829781 0.434151
-0.046531 -0.647119 0.760968
-0.373848 -0.264203 0.889064
0.49047 0.80173 0.341569
0.903673 -0.417414 0.095606
-0.809642 -0.586755 0.0141
0.532766 0.802427 -0.268832
0.196851 0.907936 0.370002
-0.083384 0.581451 0.809297
-0.624277 0.703272 -0.340129
0.533322 -0.282291 0.797421
-0.934264 0.283733 0.215978
-0.524651 -0.252301 0.813072
0.347365 0.740314 0.575564
0.92155 -0.200428 0.332527
0.532025 -0.586632 0.610583
0.837137 0.303305 -0.455201
0.490231 0.720175 0.490939
-0.79056 -0.197409 0.579694
0.656469 -0.475705 0.585451
0.992836 0.11881 0.012673
-0.859124 -0.401207 0.317709
0.63256 0.321255 0.704743
-0.534742 -0.731437 0.423144
-0.754322 0.067617 0.653013
0.030542 0.998459 -0.046331
0.63357 -0.150311 0.758944
-0.2957 -0.414859 0.860496
0.619721 0.679882 0.392054
-0.97305 -0.183006 0.140292
-0.762474 0.647015 0.002409
0.153969 0.394785 0.905781
-0.115036 0.910008 0.398311
0.926395 0.342544 -0.156386
0.400898 -0.912951 -0.076164
0.044014 0.280002 0.95899
-0.778166 0.537441 0.324985
0.992971 0.005445 -0.118232
0.315862 -0.882502 0.348455
-0.305107 -0.949654 0.071184
-0.447024 -0.405575 0.797294
0.545803 -0.83059 -0.110542
0.754338 0.284447 0.591662
0.964406 -0.102015 -0.243954
0.762597 -0.480138 0.43349
0.291965 0.094726 0.951726
0.197097 0.834167 0.515091
-0.663825 -0.236014 0.709672
0.890958 0.144325 -0.430539
0.396771 -0.236252 0.886994
-0.345416 0.494027 0.797888
0.11895 -0.596925 0.79343
0 0 1
0.262218 0.499604 0.825613
-0.90893 0.206441 0.362255
-0.896018 -0.443991 0.004937
-0.135062 -0.412974 0.900672
-0.280783 -0.119321 0.952325
-0.266485 0.90883 0.320958
-0.752646 0.459817 0.471266
-0.859677 0.385082 0.335659
-0.116444 0.719863 0.684279
0.075337 0.532072 0.843341
0.726639 0.674659 0.129736
0.952664 -0.013986 0.303704
-0.44129 -0.108568 0.890773
0.278323 -0.355754 0.892174
0.835245 0.039824 -0.548433
-0.533351 0.212968 0.818646
-0.826114 0.306712 0.472719
-0.772873 -0.544135 0.326474
-0.23583 0.17286 0.956297
0.649093 -0.599351 0.468462
0.435874 -0.870703 0.227793
-0.704601 0.367757 0.606871
0.633002 0.496846 -0.593677
-0.413629 0.87989 0.23389
0.377432 -0.922127 0.085007
-0.857569 0.513334 0.032617
-0.759368 -0.453599 0.466486
-0.24228 -0.778397 0.579136
-0.262629 0.741036 0.617973
0.856013 0.238973 0.458404
-0.262998 0.944168 -0.19844
-0.2828 -0.924388 0.25599
0.896343 0.317687 0.309265
-0.444452 0.360077 0.820248
0.744758 -0.187703 0.640393
-0.065551 0.153947 0.985902
0.684173 0.159845 0.711588
-0.49481 0.051025 0.867502
0.69819 0.71553 -0.023402
-0.659955 0.219604 0.718494
0.919884 -0.021847 -0.391582
-0.116591 0.828324 0.547983
0.492739 0.347939 0.797588
0.42342 0.88951 -0.171721
0.015871 0.508157 -0.861118
-0.110476 0.965202 0.237024
-0.009361 -0.972541 0.232542
-0.358169 0.797115 -0.486131
-0.105383 -0.145088 0.983791
-0.621898 0.505066 0.598457
-0.031313 -0.306438 0.951375
-0.676148 0.671559 0.303039
-0.391648 0.198469 0.898455
0.815332 -0.046272 0.577141
-0.243224 0.185839 -0.952001
0.125694 -0.447998 0.885155
-0.394302 -0.766573 0.506845
-0.690983 -0.438779 -0.57447
0.241677 -0.970306 0.009953
0.831273 0.536919 0.143882
-0.134647 -0.932408 0.335389
0.039741 0.885017 0.463859
0.997316 -0.064663 0.034341
-0.34216 0.0364 0.938936
-0.492359 -0.533288 0.687886
0.063854 -0.153046 0.986154
-0.5546 0.786393 0.272038
-0.581343 0.369839 0.724748
0.616133 0.750311 0.23961
0.019341 -0.912921 0.407678
0.795938 0.122544 0.592845
-0.177892 -0.983542 -0.03162
0.959196 0.08005 -0.271173
0.143173 -0.94116 0.306136
0.191748 0.739261 0.645544
0.114648 0.127682 0.985167
0.886853 0.080734 0.454943
-0.770331 0.219682 0.598606
-0.25921 -0.86483 0.429977
0.226733 0.248901 0.941616
-0.192822 0.467009 0.862973
-0.521624 -0.64122 0.562801
-0.077525 -0.763055 0.641668
0.961111 0.224769 0.16045
0.036536 0.795187 0.605263
0.25673 -0.653147 0.712383
0.190679 0.958796 0.210601
-0.415522 0.823289 0.3867
-0.649738 0.759645 -0.027937
0.781001 -0.60116 -0.169245
-0.7642 -0.620895 0.174607
0.48185 -0.797237 0.36364
0.043054 0.989331 0.139181
0.058675 -0.829144 0.555948
-0.554923 -0.827867 0.081834
-0.966975 0.247077 -0.062552
0.400528 0.216292 0.890391
-0.030879 0.426497 0.903962
-0.594376 -0.800048 -0.081495
0.031749 0.680675 0.731898
0.937634 0.155764 0.310773
-0.405955 0.742262 0.533149
0.415774 -0.405918 0.813857
-0.215045 -0.67399 0.706749
0.581812 -0.787638 0.202784
-0.909309 -0.386418 -0.154393
-0.856744 0.121959 0.501114
0.725286 0.538716 0.428656
-0.182438 -0.551558 0.813941
-0.587516 -0.097121 0.803363
0.542781 -0.444779 0.712433
0.227505 -0.772327 0.593087
0.040546 0.950283 0.308737
-0.632409 0.060607 0.77226
0.266829 -0.839038 -0.47415
0.180414 -0.028665 0.983173
-0.662506 -0.674291 0.326216
-0.135729 0.307223 0.941908
-0.091151 0.723511 -0.684269
0.71881 0.084739 -0.690023
0.335681 0.363375 0.869067
-0.173007 0.013627 0.984826
-0.856214 -0.488652 0.167682
0.548342 -0.719407 -0.426351
-0.101269 0.992721 0.065189
-0.708621 0.684346 -0.171835
0.846825 -0.460131 0.266772
0.333632 0.627819 0.703231
-0.816345 0.561033 -0.137194
-0.65666 -0.593547 0.465295
0.514441 -0.702524 0.491742
0.651028 0.738058 -0.177293
-0.489177 0.507183 0.709557
-0.985537 -0.052944 -0.160978
0.47603 0.860293 0.182458
0.870619 -0.454306 -0.188754
-0.979934 0.17687 0.091906
0.388223 -0.689099 0.611903
0.445652 0.895079 0.015072
-0.93346 0.353121 0.062912
0.736056 0.615897 0.280879
0.11625 -0.985482 0.123735
0.924564 -0.312795 0.21758
0.562944 0.473523 0.6774
-0.745966 0.590708 -0.307571
0.715717 -0.010344 0.698314
-0.374148 -0.667928 0.64334
0.353364 -0.065443 0.933194
0.921339 0.24639 -0.300711
0.802384 0.392115 0.449918
0.419985 0.493597 0.761561
0.957537 0.288264 0.005154
0.181096 0.623999 0.760151
-0.659753 0.597503 0.455759
0.521105 -0.851561 0.057398
-0.324227 -0.93922 -0.112882
0.552498 0.192223 0.811047
0.757359 -0.352507 0.549678
0.456265 0.059435 0.887857
-0.211083 -0.269883 0.939472
0.607128 0.585572 0.537123
0.654144 -0.321028 0.684863
0.406743 -0.557261 0.723893
0.894456 -0.081293 0.439704
0.189543 -0.868774 0.4575
0.476014 0.615045 0.628594
-0.589317 -0.384894 0.710325
-0.106965 -0.858176 0.502088
0.344371 0.896146 0.279877
