-0.682513 -0.050442 0.729131
0.228865 -0.761451 0.606476
0.37619 -0.692898 0.615121
0.118297 -0.69366 0.710522
0.777894 -0.094976 0.621176
-0.299232 -0.154631 0.941568
0.619631 0.307777 0.722032
-0.439339 -0.072589 0.895384
0.561319 0.029211 0.827084
-0.744649 -0.606718 0.278194
0.412315 0.24575 0.87727
0.554804 0.649751 0.519631
0.86118 0.472782 0.186671
0.995059 0.051764 0.084721
0.405258 -0.556205 0.725536
0.029073 -0.97879 0.202791
0.512938 -0.60836 0.605635
-0.525139 0.360232 0.771014
0.899265 0.245004 0.362346
0.14919 -0.088861 0.984808
-0.342259 -0.849952 0.400549
0.899681 -0.242005 0.36333
-0.41057 -0.876568 0.25112
-0.42694 -0.393212 0.814314
0.43229 0.747273 0.504687
-0.837715 0.311296 0.448696
0.702635 0.385117 0.598322
0.962285 0.178216 -0.20554
0.672547 0.690696 0.265744
-0.128282 0.254573 0.958507
-0.150539 -0.073616 0.985859
0.539742 -0.815067 0.210583
0.901749 -0.354002 0.248057
-0.558081 -0.307125 0.770856
0.284077 0.159006 0.945525
-0.472079 0.87828 -0.07593
-0.679792 0.685303 0.261231
-0.272025 0.620981 0.735109
-0.529822 0.843802 0.085363
-0.437389 -0.234595 0.868133
0.832355 -0.370004 0.412652
0.298038 0.828761 0.473633
-0.260362 0.329458 0.907562
0.775912 0.0697 0.626979
-0.836421 -0.333503 0.434944
0.56722 0.460205 0.682988
-0.255903 0.490167 0.833217
-0.685691 -0.709393 0.163062
0.286909 -0.890061 0.354223
-0.269095 -0.797502 0.539981
0.744192 -0.401803 0.533604
0.714784 -0.627275 0.309209
-0.120872 0.422092 0.898459
0.863602 -0.003866 0.504159
0.972693 0.220493 0.072468
-0.144035 0.089996 0.985472
0.546171 0.196445 0.814314
0.535988 -0.463811 0.705405
-0.14386 0.889632 0.433428
-0.030203 -0.998643 0.042432
-0.487333 -0.616022 0.618889
-0.532204 0.534426 0.656618
0.013501 0.340823 0.94003
-0.565251 0.726273 0.391176
0.863492 -0.403259 -0.302926
-0.083493 0.992516 0.089112
0.109869 -0.934205 0.339397
0.154118 0.418663 0.894969
-0.12702 0.700527 0.702231
0.754411 0.471521 0.456654
0.848617 0.161576 0.503729
-0.895506 -0.437406 0.082125
0.29651 -0.333006 0.895091
-0.554321 0.192762 0.809674
0.389096 -0.893044 0.226002
-0.434253 0.821836 0.368796
-0.119661 0.575361 0.809099
0.989216 -0.118779 0.085695
-0.288318 0.825531 0.48515
0.550824 -0.30304 0.777663
0.674744 -0.198304 0.710912
-0.871347 -0.00538 0.490638
0.746815 0.233511 0.622687
-0.677854 -0.214953 0.703071
-0.314684 -0.939984 0.131922
0.789061 -0.59332 0.15923
-0.767126 -0.623045 -0.152751
0.131516 -0.987852 0.082778
0.645891 0.754619 0.115648
0.973381 -0.013058 0.228822
0 -0 1
-0.99134 -0.11604 0.061472
0.73166 0.681666 0.002242
-0.528802 -0.469981 0.706743
-0.417514 0.245771 0.874802
0.43398 0.509308 0.743147
-0.101078 -0.825894 0.554692
-0.857688 -0.168254 0.485862
0.154723 0.889533 0.429874
-0.973171 0.225809 0.044152
0.812628 0.320174 0.486955
-0.660011 0.265196 0.702892
0.387647 -0.919883 -0.05954
0.560759 0.73574 0.379785
0.019538 0.502841 0.864158
0.167128 0.801116 0.574701
0.011142 -0.475359 0.879722
0.924733 0.31469 0.214102
0.429121 0.829904 0.356531
0.141192 0.976216 -0.164522
-0.996852 0.052785 0.059161
-0.55429 0.641575 0.53023
-0.565629 0.025677 0.82426
-0.91905 0.393377 0.02454
-0.567255 -0.142543 0.811112
-0.968925 0.154764 0.192955
0.339867 -0.803432 0.488864
0.675678 0.610898 0.412629
-0.413238 0.649186 0.638586
0.62129 -0.631186 0.464331
0.458253 0.620655 0.636232
-0.342798 -0.682433 0.645581
-0.803283 -0.467332 0.369239
0.0063 -0.323153 0.946326
0.735013 -0.677504 0.027282
0.512434 0.855664 0.072467
0.678302 -0.030727 0.73414
-0.473763 -0.366171 -0.800917
0.130963 -0.565363 0.814379
-0.133718 0.807152 0.575
-0.424634 -0.745202 0.514159
0.734428 0.435023 -0.520932
-0.786118 0.052755 0.61582
0.168531 0.694249 0.699725
-0.283583 0.17023 0.943717
-0.388117 -0.549154 0.740132
0.821916 -0.491719 0.287517
-0.934766 0.084543 0.345057
-0.178911 -0.886648 0.426434
-0.565888 -0.670081 0.480377
0.214193 -0.951645 0.220212
-0.556565 -0.803586 0.210914
0.563692 -0.13801 0.814374
-0.914298 0.244045 0.323268
-0.774471 0.466909 0.426838
0.446882 -0.819382 0.359039
-0.247721 -0.927024 0.281534
0.405429 0.892905 0.195826
0.171386 0.561378 0.809618
-0.002378 0.975656 0.219293
0.258528 0.954081 0.151302
0.842233 0.537821 0.037313
-0.932552 -0.075546 0.353042
0.635191 0.528517 0.563207
0.421138 -0.405464 0.811321
-0.767046 -0.277475 0.578488
0.007578 0.168819 0.985618
-0.209733 -0.97764 0.015246
-0.143507 -0.383234 0.912435
-0.468572 -0.878704 0.091207
-0.41955 0.881271 0.217577
0.155286 -0.410448 0.898565
0.659259 -0.744297 -0.106769
-0.432478 0.089088 0.897232
0.291043 0.901976 0.318957
-0.184024 -0.724121 0.664669
0.610951 -0.790033 0.05087
0.962413 0.153952 0.223743
0.001491 -0.16433 0.986404
-0.075913 -0.94543 0.316857
-0.926366 0.078386 -0.368378
-0.230329 -0.611938 0.756624
-0.865189 0.154643 0.477005
-0.229371 0.972509 0.040185
-0.78375 0.552835 0.283037
0.636145 -0.511564 0.577601
-0.268365 0.945417 0.184842
-0.13431 -0.525486 0.840134
0.909272 0.23435 -0.343954
0.002955 0.927121 0.37475
0.956798 -0.182284 0.226519
-0.276182 0.736089 0.617978
-0.930749 0.321721 0.173784
0.654124 -0.35859 0.665984
0.280628 -0.492699 0.823709
-0.843976 -0.487868 0.222911
0.287178 0.328305 0.899858
0.315391 0.72377 0.613747
0.543364 0.806905 0.231647
0.850237 0.402263 0.339532
0.15315 -0.252154 0.955491
0.837367 -0.546639 -0.001446
-0.654459 -0.378065 0.65479
0.293099 -0.006907 0.956057
0.296033 -0.170589 0.939821
-0.880891 0.456301 -0.12578
-0.771157 0.62285 0.131814
0.487849 -0.724434 0.487031
-0.624567 0.413057 0.662798
0.43223 -0.241489 0.868827
0.265181 -0.633439 0.726934
0.692175 0.577294 -0.433157
0.018911 0.758957 0.650866
-0.557664 0.794169 0.241469
-0.0323 -0.735201 0.67708
-0.679202 0.109857 0.725684
0.777605 0.551164 0.30257
0.003663 -0.892654 0.450727
-0.143788 0.950769 0.274525
0.738754 -0.521504 0.426938
-0.29567 0.007587 0.95526
-0.906767 -0.347405 0.238921
-0.773383 0.21138 0.59766
0.435138 -0.078807 0.896908
-0.863521 0.480196 0.154091
0.146652 0.950767 0.273013
-0.290518 0.894473 0.339879
0.92323 0.378842 0.064223
-0.428216 0.745841 0.510247
-0.149147 -0.232146 0.961178
0.148412 0.251634 0.956376
-0.627691 -0.705615 0.328801
-0.618149 -0.532569 0.578154
0.387973 -0.394298 -0.83307
0.667833 0.137257 0.731546
-0.493328 -0.78754 0.369335
-0.180304 0.862654 -0.472566
0.428238 0.083991 0.899754
0.954901 0.285425 -0.081828
-0.978291 -0.012445 0.206864
-0.409581 0.5213 0.748658
0.314447 -0.944623 0.093868
0.013708 0.854391 0.519449
0.14657 0.077954 0.986124
0.026613 0.640787 0.767258
-0.797937 -0.592469 0.1108
-0.680753 0.609486 0.406327
0.781459 0.109799 -0.61422
0.925045 0.085089 0.370205
0.769167 -0.259619 0.583935
-0.295517 -0.312798 0.902678
0.95048 -0.293405 0.102479
0.853114 -0.173597 0.491997
0.311677 0.463607 0.829413
-0.663656 0.518044 0.539622
-0.284975 -0.464457 0.838492
0.072908 -0.811075 0.58038
0.672598 -0.717064 0.18284
0.307678 0.6104 0.729895
-0.74115 0.365567 0.563078
0.589294 -0.732394 0.341075
0.102055 0.98959 0.101473
0.607685 0.792835 -0.046171
-0.367463 -0.929542 -0.030384
-0.030047 -0.622894 0.781729
