252
-0.344208 0.464461 0.815964
0.673313 -0.734885 -0.081202
0.56127 0.683829 0.466212
-0.396104 -0.073813 0.915234
-0.659878 -0.125134 0.74088
-0.760032 0.420335 0.495652
-0.922283 -0.18693 0.338307
-0.110481 -0.787327 0.606556
0.515988 0.50774 0.689897
0.769294 0.599692 -0.220355
0.66313 -0.562523 0.493787
-0.575079 0.386159 -0.721225
0.392614 -0.861813 0.321143
-0.889471 0.122116 0.440374
-0.272571 -0.318265 0.907972
0.874967 -0.185736 0.44714
0.287714 -0.957676 -0.008793
0.735642 -0.640557 -0.22027
0.196831 0.910675 0.363221
0.10938 0.11491 0.987336
-0.310475 0.903084 0.296724
0.463453 0.27033 0.84388
0.858596 -0.347107 0.377267
-0.153577 0.796205 0.585211
-0.478054 -0.794954 0.373513
0.03592 -0.627802 0.777544
-0.762154 -0.454317 0.461213
-0.103064 -0.875061 0.472912
0.611196 0.788088 -0.073183
0.136925 -0.937883 -0.318789
0.12083 0.556084 -0.822296
-0.184223 -0.92085 0.343653
0.456702 0.861611 0.221472
-0.767805 -0.305855 0.562964
-0.937045 -0.223086 -0.268661
-0.118304 -0.110762 0.986781
-0.740229 0.013898 0.672211
0.570908 -0.229541 0.788273
0.258291 0.826644 0.499945
0.128115 0.967689 0.217174
-0.218122 0.960767 0.17132
-0.17339 0.454597 0.873657
-0.263688 -0.728109 0.632713
0.158416 0.392487 0.906012
-0.662332 0.555538 0.502687
0.790049 0.417944 0.448492
-0.604294 0.322754 0.728464
0.690073 -0.266574 0.672857
-0.182639 0.553844 -0.812342
0.60586 0.700493 -0.377152
0.41108 0.434384 0.801451
-0.397853 0.815416 0.420488
-0.912492 0.357829 0.198283
-0.320089 0.056072 0.945727
0.594376 0.565862 0.571417
0.978181 0.177052 0.108698
-0.915617 -0.103998 -0.388367
-0.413601 -0.521461 0.746333
0.098442 0.864261 0.493318
-0.451957 0.333323 0.827424
-0.107736 0.692855 0.712983
0.836174 0.132185 0.532298
0.549504 -0.674325 0.493286
0.978912 -0.097517 0.179505
0.366204 0.582318 0.72581
0.51347 0.783238 0.350551
-0.855803 -0.168837 0.488974
0.053659 0.996393 0.065733
0.365798 0.162278 0.916438
0.053112 0.676269 0.734738
-0.537186 0.568388 0.62319
0.783584 0.533404 0.318553
0.185962 -0.685513 0.70391
-0.268116 0.689955 0.672366
-0.461015 0.850351 0.25371
0.444585 -0.895336 0.026776
0.588712 -0.806628 0.05262
-0.840356 -0.009827 0.541946
-0.992739 0.035929 0.114796
0.324246 -0.602948 0.728916
0.457452 0.652233 0.604426
-0.113928 0.315707 0.941992
-0.116323 -0.680381 0.723568
0.928657 0.338251 0.15226
0.398168 0.891649 -0.215465
-0.767551 -0.14798 0.623672
-0 -0 1
0.60688 0.765354 0.214313
-0.501991 0.455669 0.735099
0.260437 0.496904 0.827804
0.247409 0.947507 -0.202532
-0.840379 0.488637 -0.234515
0.040406 -0.747251 0.663313
0.790481 -0.295275 0.536612
-0.684704 0.172855 0.708027
-0.918216 -0.033416 0.394668
0.802095 0.594827 0.053153
-0.829883 -0.472489 0.29673
-0.043157 0.979874 0.194896
0.252194 0.829652 -0.498073
0.052234 0.278627 0.958978
-0.005421 -0.932293 0.361663
0.675273 0.309723 0.669387
-0.971466 -0.062514 -0.228794
0.42421 -0.768821 0.478497
0.0431 -0.848318 0.527729
0.121459 -0.991649 -0.04337
0.544151 0.835429 0.077191
-0.408926 -0.229845 0.883148
-0.845793 -0.324714 0.423315
0.991062 0.121986 -0.053998
-0.524754 -0.676114 0.517207
0.682249 -0.417382 0.600274
-0.908123 0.350291 -0.229367
0.215013 0.227692 0.949698
0.028663 -0.179532 0.983334
0.508323 0.096898 0.855698
-0.022422 0.995994 -0.086567
0.760486 -0.545035 0.352985
0.600427 0.202638 0.773579
-0.059138 0.159233 0.985468
-0.393103 -0.763773 0.511978
0.936352 -0.052472 0.34712
-0.094241 0.965722 -0.241867
-0.307348 0.782552 0.541433
-0.273196 -0.470482 0.839053
-0.961177 0.250253 -0.116241
0.391703 0.916281 0.083658
-0.798796 0.147861 0.583148
0.744219 -0.632801 0.213778
-0.644603 0.441495 0.624155
-0.53608 -0.813976 0.223746
0.769989 0.006434 0.638025
0.315439 -0.301501 0.899775
0.451115 -0.348092 0.821783
-0.22588 -0.970742 -0.081473
0.158301 0.763401 0.626227
0.450054 -0.641418 0.621316
0.568949 -0.535227 0.624363
-0.24802 0.925701 -0.285593
-0.540384 -0.549212 0.637456
0.028416 -0.341703 0.939378
0.453074 -0.501288 0.73718
0.150283 -0.066872 0.986379
-0.532406 0.762228 0.368174
-0.764314 0.531114 0.365707
0.839343 0.534322 -0.100015
-0.907591 -0.3982 0.133098
0.548301 -0.067832 0.833526
0.789757 -0.609276 -0.071176
-0.482057 0.062682 0.873895
-0.54536 0.676576 0.494801
-0.123498 -0.417388 0.900297
0.958694 0.23046 -0.166716
-0.416899 -0.380474 0.825491
-0.533791 0.839489 0.101615
0.870413 0.262827 0.416296
0.078058 0.9731 -0.216757
-0.472826 -0.878563 0.067548
0.00229 0.78986 0.613283
-0.98943 0.14501 -0.001055
0.413173 0.76723 0.490556
0.549115 -0.196341 -0.812356
0.37867 -0.915958 -0.132776
0.211994 0.639167 0.739273
-0.956941 -0.290122 0.009665
0.933069 -0.205956 0.294898
0.741607 0.640904 0.198144
-0.527586 0.77634 -0.344891
0.955779 -0.083799 -0.281894
-0.53558 -0.10084 0.838442
0.85042 0.495155 0.177783
-0.720245 -0.58718 0.369415
-0.225909 0.57955 0.782999
-0.966372 0.198691 0.16324
0.949591 -0.310622 -0.042314
0.146074 -0.900031 0.410617
0.031833 -0.491884 0.870079
0.871734 0.38439 0.303849
0.493341 -0.849411 0.187393
0.191876 -0.974441 0.116825
0.697687 0.556795 0.450791
-0.612073 0.757564 0.226856
-0.407017 -0.650604 0.641133
-0.423121 0.691328 0.585691
0.261111 0.049053 0.964062
-0.836371 0.274627 0.474408
-0.89515 -0.444786 -0.029537
-0.880292 0.46935 0.06926
0.678258 -0.111616 0.726297
0.358572 0.859868 0.363391
-0.22466 0.194881 0.954751
0.905562 -0.416523 0.080406
-0.997997 -0.011848 -0.062141
0.682005 0.438192 0.58554
0.824482 -0.560113 0.080641
-0.269677 -0.607934 0.746787
0.660971 0.67084 0.33629
-0.833618 0.507095 0.218943
0.177918 -0.406099 0.896342
0.65078 -0.670725 0.355827
-0.666916 -0.284033 0.688875
0.900432 0.336079 -0.276175
-0.06025 0.571544 0.818357
-0.667595 -0.433223 0.605503
-0.151084 -0.986254 0.066906
-0.54644 -0.260098 0.796086
-0.660073 -0.716366 0.226105
-0.063596 0.87971 0.471239
-0.555657 -0.369878 -0.744605
0.172991 -0.245036 0.953956
-0.73288 0.299656 0.610814
0.716985 -0.693878 0.066824
0.406161 -0.015423 0.913671
0.315222 0.335639 0.887683
0.626327 -0.751673 0.206646
0.970569 0.074805 -0.228912
-0.173258 0.03406 0.984287
-0.004156 0.433714 0.901041
0.390385 -0.58299 -0.712546
-0.1245 -0.267347 0.955524
0.731802 0.158733 0.662774
-0.337165 -0.868935 0.362315
0.184794 -0.799355 0.571737
0.680873 0.728863 0.071908
0.295224 -0.131337 0.946358
0.103073 0.544119 0.832653
-0.660674 0.656051 0.364837
0.32128 -0.729936 0.603302
0.32091 -0.459066 0.828418
-0.287553 0.335369 0.897129
-0.264599 -0.147654 0.952988
-0.789513 0.145941 -0.59613
-0.390399 0.201004 0.898435
-0.551051 -0.410689 0.726414
0.733841 0.675243 -0.074326
-0.226087 0.871615 0.434938
0.782969 0.289809 0.550428
-0.645261 -0.568519 0.510318
0.648139 0.045262 0.760176
-0.866612 0.026681 -0.498269
0.311096 0.717088 0.623702
0.28909 -0.844563 0.450711
-0.320056 -0.945574 0.058775
0.347924 -0.924381 0.156425
0.030868 0.937052 0.347824
0.295867 0.928147 0.225846
-0.850697 0.391252 0.351051
-0.620184 0.038389 0.783516
0.770083 -0.438536 0.463312
0.437561 -0.185065 0.879938
-0.91539 0.240804 0.322605
