0.237724 -0.809965 0.536138
-0.1562 0.004958 0.987713
-0.007159 0.983423 0.181185
-0.314801 0.059346 0.947301
0.514013 -2.5e-05 0.857782
0.522587 0.817702 0.241383
0.301926 -0.589946 0.748869
-0.21454 -0.900887 0.377327
0.630311 -0.734302 -0.252011
-0.66198 -0.144053 0.735549
0.920458 -0.288504 0.263673
-0.361836 -0.887573 0.285113
0.291012 0.578399 0.76208
-0.007879 -0.297747 0.954612
0.976705 0.007842 0.214442
-0.907969 -0.418605 0.019034
0.974364 0.047805 -0.21984
0.021413 0.999771 -0.000624
-0.301124 -0.383097 0.873248
0.072053 -0.437642 0.896258
-0.219529 -0.520667 0.825053
-0.604732 0.158358 0.780527
-0.030355 -0.549355 0.835037
0.728458 0.603094 0.325002
-0.362841 0.393129 0.844864
0.139385 -0.579453 0.802998
-0.043195 0.932993 0.357292
-0.608783 -0.569388 0.552431
0.409757 -0.856927 0.312692
-0.085544 0.851578 0.517201
-0.42552 -0.063526 0.902717
-0.823204 0.236589 0.516102
0.484272 0.766375 0.422079
0.699234 0.399862 0.592606
-0.062352 -0.871437 0.486529
-0.740977 -0.65849 0.131696
-0.641342 0.63741 -0.42707
0.495733 -0.308816 0.811715
0.164639 0.695474 0.699435
0.536366 -0.756305 0.374584
0.419462 -0.891732 -0.1699
0.344645 0.794985 0.499218
-0.545766 0.725813 0.418729
0.000894 0.279138 0.960251
0.786858 -0.206494 0.581562
0.034574 -0.68659 0.726222
0.278049 -0.953645 -0.115106
0.78785 -0.615533 -0.020297
-0.613255 -0.785497 0.083143
-0.798763 -0.3694 0.474892
-0.042721 0.129295 0.990685
-0.227499 -0.726423 0.648501
-0.526739 -0.184395 0.829786
0.247732 0.443797 0.861204
0.323325 0.695754 0.641395
-0.729454 0.362351 0.580171
-0.198777 -0.953996 0.224455
0.600613 -0.551076 0.579293
0.503721 -0.681001 0.53151
-0.339569 -0.932255 0.124873
-0.470531 0.105976 0.875996
-0.835305 -0.445759 0.321815
0.46461 0.885214 -0.0231
-0.750805 -0.594372 0.28812
0.590057 0.152611 0.792807
0.176138 -0.311338 0.933833
0.076877 0.881961 0.46501
0.489085 -0.81938 -0.299018
-0.473443 0.589278 0.654678
0.098187 -0.891932 0.44138
0.400529 -0.456382 0.794539
-0.617179 0.327635 0.715364
0.558375 -0.820569 -0.121999
0.985597 0.138048 0.097682
0.700279 -0.143957 0.699203
-0.845169 -0.210809 0.491171
0.953876 -0.234275 -0.18771
-0.511477 -0.787635 0.343544
0.783099 0.254697 0.56735
0.084455 0.431317 0.898239
0.99802 -0.03699 0.05087
-0.673184 0.689793 -0.266477
-0.840347 -0.518202 0.15901
0.285007 0.148422 0.946965
-0.616781 -0.307758 0.724477
0.456159 -0.581553 0.673584
0.547348 -0.442281 0.710492
0.269818 -0.164039 0.948836
-0.194642 -0.271072 0.942674
0.277495 -0.959098 0.055919
-0.072787 -0.775843 0.626713
-0.203526 0.888744 0.410745
0.610817 0.634097 0.474156
0.945846 0.300553 0.122649
-0.130633 0.989728 0.058077
0.654071 0.280952 0.702323
0.035708 0.787675 0.615055
0.194841 0.802345 0.564162
0.242229 -0.455748 0.856515
0.899527 0.331249 0.284825
-0.893671 0.098872 0.437694
-0.684909 -0.422394 0.593703
0.576285 0.813458 0.078626
-0.492577 0.443925 0.748531
-0.256124 0.887249 -0.383653
-0.698285 0.031134 0.715143
-0.926879 -0.107308 0.359694
-0.189622 0.183369 0.964582
0.115035 0.948284 0.295844
0.639558 -0.290459 0.711758
0.423315 -0.892847 0.153717
-0.802922 0.079399 0.590773
-0.375743 -0.724141 0.578306
0.682942 -0.401892 0.609977
-0.371496 -0.231963 0.89899
-0.8204 0.383672 0.423957
-0.96421 -0.261794 0.041991
0.843964 0.0981729 0.527339
0.269956 0.936192 0.225096
0.729802 0.519541 -0.444371
-0.266279 -0.115207 0.956986
0.97325 -0.165437 0.159424
-0.634935 -0.733618 0.242203
0.673094 0.717021 0.181177
0.381876 0.864392 0.327105
0.7894 -0.346229 0.506925
0.427259 -0.904098 -0.007494
-0.401264 -0.485641 0.776621
0.426758 -0.160851 0.889946
0.824539 0.474455 0.308265
0.592818 0.53545 0.601547
0.122769 0.141613 0.98228
0.883066 0.217264 0.415921
0.870368 -0.07729 0.486299
-0.261792 0.796298 0.545321
-0.977558 0.210493 0.008604
0.345709 0.301448 0.888602
0.937736 -0.333075 0.0985469
-0.894044 -0.284604 0.345957
0.840069 -0.406414 0.35932
0.715629 0.69801 0.02566
0.446997 0.566225 0.69252
-0.354649 0.22441 0.90767
0.099523 -0.167411 0.980851
-0.310688 0.682439 0.661627
0.082754 -0.803846 0.589053
0.352671 -0.704065 0.616373
-0.72435 -0.507526 -0.46662
-0.750884 0.629711 0.199093
0.198657 -0.011888 0.979997
-0.72086 0.206544 0.66159
0.441129 0.151453 0.884572
-0.824965 -0.565174 -0.00325
0.687069 -0.719649 0.100212
-0.888171 0.384085 0.252252
-0.136597 0.74969 0.647538
-0.900836 0.250291 0.354751
-0.85087 0.506099 0.141014
0.788472 0.592558 0.164886
-0.035132 -0.984242 0.1733
0.81552 0.369008 0.445825
-0.573036 -0.016651 0.819361
-0.775557 -0.097644 0.62368
-0.796992 0.514269 0.31675
0.341789 -0.314682 0.885525
0.875304 -0.482396 0.033721
-0.130471 -0.645856 0.752228
-0.955501 -0.210989 0.206158
-0.419567 -0.896107 -0.144761
0.730162 0.132358 0.670332
0.390391 -0.792926 0.467828
-0.148778 -0.981915 -0.117078
-0.681484 0.728279 0.07203
0.361464 -0.006288 0.932365
-0.178871 0.629349 0.756257
0.566316 -0.82279 0.047988
0.923781 0.048521 0.379835
0.177085 0.982305 -0.060978
-0.741194 -0.264807 0.616854
-0.588412 0.611883 0.528555
-0.71618 0.504097 0.482672
-0.552865 -0.460943 0.69417
0.269423 -0.936955 0.222544
-0.115315 -0.41533 0.902332
-0.304151 -0.951607 -0.043995
0.928468 -0.363015 -0.078535
-0.911017 -0.368681 0.184722
-0.512878 -0.702357 0.49361
-0.21993 0.330194 0.917934
0.232981 0.885513 0.401978
-0.683019 0.628424 0.372247
-0.493057 0.280099 0.823674
0.050162 0.940847 -0.335097
0.162069 -0.956957 -0.240765
0.868313 -0.452978 0.2021
-0.374458 -0.818137 0.436386
-0.042941 0.549073 0.834671
-0.612885 0.478391 0.628899
-0.318831 -0.613558 0.722422
0.876376 -0.234015 0.420953
-0.868174 -0.046843 0.494044
-0.224143 -0.824869 0.51899
0.727695 -0.501455 0.467978
0.654622 0.005015 0.755939
-0.004136 0.676632 0.736309
0.127051 0.572064 0.810309
0.502705 0.296775 0.811919
-0.085021 -0.150074 0.985012
0.433329 -0.714525 -0.549253
0.990091 -0.082485 -0.113649
0.557993 0.422078 0.714488
0.195713 -0.706213 0.680412
0.111755 -0.952494 0.283314
0.315384 -0.901957 -0.294968
0.179649 0.295876 0.938181
-0.952034 0.092308 0.291737
0.879487 0.453316 0.144942
0.123059 -0.985597 0.115999
0.612327 0.716963 0.333197
0.788896 -0.595944 0.149982
0.783064 -0.023744 0.621488
0.40581 0.441855 0.800052
-0.472083 -0.600113 0.645757
0.557801 -0.802029 0.213559
0.570466 -0.15235 0.807067
-0.080736 0.404552 0.910944
0.768044 -0.558415 0.313499
0.495268 0.848451 -0.186657
-0.949978 -0.172852 -0.260124
0.380008 -0.819145 -0.429646
0.02788 -0.020017 0.999411
-0.472618 -0.342831 0.811849
0.939437 -0.11548 0.322681
-0.348225 0.548793 0.759977
-0.215246 0.49104 0.844126
-0.638204 -0.660213 0.395997
-0.993536 -0.095113 0.061965
0.47247 0.675042 0.566649
