-0.219061 0.175234 0.959847
-0.612856 0.744767 0.264065
-0.008265 -0.75138 0.659818
0.954525 -0.019009 0.297526
-0.848336 0.160176 0.504648
0.963109 0.04636 -0.265088
0.81972 0.256843 0.511948
0.179145 0.888845 0.421736
0.466908 0.8669 -0.174588
0.47518 0.793936 0.379302
-0.811602 0.576144 0.096744
0.152905 -0.983403 0.097666
0.760238 0.629534 0.160393
-0.069475 0.437953 0.896309
0.504849 -0.184448 0.843271
-0.512209 0.345159 0.786452
-0.42756 -0.442583 -0.788234
0.904005 0.123667 0.409244
-0.591203 -0.593937 0.545635
0.346679 0.929776 0.123815
0.696445 -0.675092 0.24334
0.758428 0.651404 -0.02144
0.893203 0.302032 0.333114
0.803977 0.503296 -0.316724
0.376334 -0.081538 0.922889
0.969772 -0.165944 0.178899
0.081285 -0.916277 0.39221
0.020151 0.989552 0.142764
-0.693215 0.71436 0.095622
0.369881 -0.451659 0.811907
-0.743518 0.613339 0.266451
-0.599592 -0.291702 0.745251
0.331757 0.940872 -0.068537
0.571761 0.173931 0.801771
0.335847 0.889036 0.311163
0.898683 0.36426 -0.244303
0.529593 -0.345049 0.774902
0.939298 -0.27979 -0.198588
0.639881 -0.764456 0.07848
-0.228888 -0.029451 0.973007
-0.929404 0.136031 0.343079
0.690807 0.034131 0.722234
-0.607099 -0.449608 0.655197
0.861386 0.504672 0.057623
-0.154591 -0.977013 0.146788
0.731015 -0.558784 0.391634
0.979182 -0.11294 -0.168665
0.032303 -0.604167 0.796203
-0.190193 0.807734 0.558026
0.139609 0.80045 0.582914
0.207288 -0.370327 0.905478
0.770535 -0.632859 0.075928
0.391315 -0.882294 0.261593
-0.522306 0.056133 0.850909
-0.367101 0.080623 0.926681
-0.085022 -0.144684 0.985818
0.629468 0.730546 0.264713
-0.337894 0.842734 0.419078
0.736521 0.58556 0.338608
0.010959 -0.864173 -0.503075
0.831667 0.177216 -0.526237
-0.21623 0.940065 -0.26367
-0.624494 -0.775096 0.096089
0.646713 -0.148741 0.74809
0.407146 0.103158 0.907519
0.203029 -0.537955 0.818158
0.704281 0.377657 0.601135
0.304315 -0.759297 0.575205
0.827751 -0.246431 0.504083
0.331264 -0.623379 0.708282
-0.443294 -0.270961 0.854442
0.467635 -0.677878 0.567273
0.624748 -0.429126 0.652334
0.117211 0.670371 0.73271
-0.726724 -0.477025 0.494287
0.88324 -0.061283 0.4649
-0.263671 -0.211198 0.941208
-0.549833 0.830274 0.091259
0.327416 0.805412 0.494074
0.84738 0.471022 0.245125
-0.36743 0.445599 0.816356
0.797099 0.424965 0.428996
-0.400367 0.248117 0.882125
0.616698 -0.572868 0.539913
-0.291595 -0.379526 0.878028
-0.054597 -0.863552 0.501295
0.995749 0.054774 -0.074052
0.040545 -0.443614 0.8953
0.204608 -0.685087 -0.699136
0.467946 0.687776 0.554969
0.25884 0.219858 0.940566
0.23712 0.030206 0.971011
0.709617 0.209947 0.672581
-0.85023 0.456798 0.261619
-0.062018 0.261122 0.963311
0.185638 0.981702 0.042422
0.221398 -0.174577 0.95943
0.587175 0.761364 -0.274865
0.183947 0.955089 0.232312
0.90326 -0.41856 -0.094492
-0.367973 0.603711 0.707198
0.978616 0.202496 0.036136
-0.253451 -0.860331 0.44226
0.914381 0.200037 -0.351984
0.813718 0.081062 0.575579
0.437265 -0.794208 0.421939
-0.520395 0.501175 0.691385
-0.527489 -0.722103 0.447574
-0.834884 -0.344842 0.429013
0.096366 0.507865 0.85603
-0.4627 0.848047 0.258311
-0.291991 -0.921696 0.255376
-0.236031 0.351401 0.905984
0.91433 -0.209362 0.346653
0.256824 0.559922 0.787737
-0.033841 0.752841 0.657332
0.561402 0.515943 0.647017
-0.644049 0.63654 0.424284
-0.305508 -0.534411 0.78808
-0.738152 0.17957 0.650297
0.929639 0.364916 -0.051064
0.018664 -0.973873 0.226324
-0.048325 0.610196 0.790775
0.81856 -0.523684 0.23604
-0.872319 0.312225 0.376265
-0.716287 -0.153524 0.680708
0.485307 -0.53349 0.692724
0.326359 -0.9409 0.090535
-0.571671 -0.122822 0.811238
0.846981 -0.388166 0.363249
-0.461669 -0.435739 0.772654
-0.675175 0.020703 0.737367
0.928608 0.342183 0.143522
0.992641 -0.121028 0.004122
-0.408981 -0.099622 0.907089
-0.897407 -0.023166 0.440595
0.426453 0.278031 0.860719
0.267221 -0.864977 0.424744
0.006956 0.99954 -0.029521
-0.800723 -8e-05 0.599035
-0.767242 0.486064 0.418428
0.917515 -0.344959 0.197912
0.748563 -0.419142 0.513784
-0.113053 -0.329575 0.937336
0.54445 -0.002581 0.838789
0.956545 -0.291112 0.016605
0.596651 0.672141 0.438445
0.362729 -0.283253 0.887804
-0.656015 0.35069 0.668327
-0.359314 0.736328 0.573337
-0.164023 0.901329 0.400878
0.101695 0.336657 0.93612
0.495848 0.845496 0.198169
-0.598077 0.193466 0.777737
0.090985 0.146967 0.984948
-0.381361 -0.75218 0.53739
0.671372 0.5346 0.513287
0.876614 -0.47563 0.072963
0.493444 0.8697 0.011627
0.384497 -0.919332 -0.083611
0.708833 -0.276325 0.648999
0.992611 0.025864 0.118551
0.128626 -0.823274 0.55288
0.963271 0.213623 -0.16271
-0.299649 0.921255 0.247993
-0.069425 0.060267 0.995765
0.489687 -0.867843 0.083992
-0.731939 -0.650553 0.202598
0.077351 -0.058196 0.995304
0.846729 0.515584 -0.13124
0.408965 0.593607 0.693093
0.776762 -0.336533 -0.53234
0.28125 0.709684 0.645946
0.267062 0.396989 0.87811
0.551682 -0.795457 0.250789
0.958915 0.167856 0.228708
0.060437 -0.260892 0.963474
0.780402 -0.099143 0.617368
-0.680908 -0.626905 0.378622
-0.49879 0.75636 0.423236
-0.126672 0.964082 0.233451
-0.302627 -0.672966 0.674932
-0.656349 0.503644 0.561736
-0.119084 -0.933291 0.338802
0.578795 0.347019 0.737953
-0.137262 -0.649369 0.747983
0.638716 0.764697 0.085325
-0.212015 0.534477 0.818159
-0.183987 -0.781843 0.59571
0.025959 0.941017 0.337363
0.198108 -0.977486 -0.07263
-0.516214 0.639909 0.569245
-0.460223 -0.593062 0.660661
-0.733852 -0.320521 0.598938
0.164701 -0.696854 0.698045
0.592491 -0.69651 0.404758
-0.418398 -0.835991 0.355054
0.132468 0.498237 -0.856862
