-0.700833 0.049222 0.711625
0.52274 -0.796877 0.302869
-0.648419 0.350537 0.675778
0.235298 0.75043 0.617648
-0.572406 -0.773596 0.271846
-0.526708 0.494436 0.691457
0.24691 -0.945383 0.212807
-0.258196 0.731755 0.630769
0.855509 0.095625 0.508882
-0.277937 -0.821491 0.497899
-0.657312 0.504061 0.560236
0.210854 0.977497 0.006295
-0.860724 -0.319827 0.396062
-0.144328 -0.624523 0.767555
0.144729 0.52355 0.839612
0.36295 0.28685 0.886557
0.818874 -0.421485 0.38961
0.044425 -0.63032 0.775063
-0.255144 -0.952279 0.167532
0.768762 -0.63317 -0.090005
0.868605 -0.450409 0.206534
0.414371 -0.89403 0.170316
0.056015 0.79707 0.601283
0.014657 -0.911398 0.411264
-0.328435 0.322386 0.887805
0.869403 -0.494073 -0.00549
0.743979 -0.36784 0.557843
-0.340222 -0.616688 0.709891
0.70345 -0.708643 0.054619
0.451316 -0.752732 0.479279
-0.094958 -0.934637 -0.342689
-0.214951 -0.734737 0.643395
0.042283 0.24394 0.968868
0.54165 0.004138 0.840594
0.602362 -0.465305 0.648576
-0.745104 -0.401835 0.532306
0.314896 -0.448196 0.836637
0.732492 0.657433 0.176743
-0.195091 -0.358236 0.91302
-0.529127 0.641426 0.555516
-0.80996 -0.231711 0.538772
-0.449395 -0.473028 0.757818
-0.200213 0.933004 0.29903
0.611548 -0.673613 0.415037
0.97941 -0.196897 -0.044579
0.771176 -0.007159 0.636582
0.345428 0.815168 0.464952
0.983658 0.167873 0.065082
-0.934857 -0.235881 0.265333
-0.226744 -0.027761 0.973559
-0.268181 -0.496283 0.825701
0.282816 0.615454 0.735685
-0.649897 0.633817 0.419416
-0.436996 -0.808695 0.39376
0.339658 0.929384 0.144494
-0.375195 0.862685 0.33912
-0.053191 0.902795 0.426769
-0.147669 0.295513 0.943857
-0.475739 -0.160126 0.864888
-0.169911 0.979638 0.10696
0.93363 0.063533 0.352559
0.882303 0.412314 -0.22702
0.170038 -0.723461 0.669098
-0.396718 0.759756 0.515156
0.244957 -0.595096 0.765413
0.740371 0.354777 0.57095
-0.691394 -0.643992 0.327489
0.596824 0.76699 0.235642
0.849283 0.511673 0.130037
0.77162 -0.192129 0.606374
0.083088 0.061845 0.994621
0.662096 -0.103104 0.742293
-0.788022 -0.492756 0.369069
0.888506 0.378441 0.259498
-0.559448 -0.692758 0.455087
0.277385 -0.805217 0.524102
-0.752756 0.601282 0.26799
-0.772807 0.487676 0.40613
0.404358 0.694479 0.595141
0.646938 -0.291664 0.704559
0.633958 0.287828 0.71781
-0.299378 0.953696 -0.028917
-0.687 -0.712851 0.140975
-0.941318 0.219883 0.256069
0.405319 -0.09026 0.909709
-0.122809 -0.207631 0.970468
-0.79769 -0.572334 0.190064
-0.188481 0.45527 0.870175
0.185832 0.360665 0.913995
0.497148 -0.382346 0.778881
-0.278414 -0.897071 0.343146
0.873923 0.244481 0.420103
-0.110747 0.815526 0.568025
0.000406 0.411787 0.91128
0.812459 0.404729 0.419648
0.656 0.65838 0.369053
0.092073 -0.829916 0.550239
0.783535 0.541454 0.304795
-0.40569 -0.716736 0.56719
0.56623 -0.816012 0.11622
0.9825 -0.067345 -0.173664
0.763148 0.191869 0.617084
-0.853859 0.482975 0.194064
-0.662255 -0.556066 0.502203
0.019579 0.998413 0.052803
-0.652881 -0.756156 -0.044432
-0.887485 -0.105792 0.448529
-0.119085 0.990318 -0.071334
0.976218 -0.166199 0.139202
-0.92188 0.081152 0.378882
0.558836 0.619648 0.551125
-0.284109 0.15199 0.946668
0.18442 -0.340296 0.922056
-0.079528 0.70024 0.709464
0.00315 -0.339946 0.94044
0.067131 -0.96725 0.244787
-0.836745 0.05239 0.545081
-0.516844 -0.588405 0.621814
0.387759 0.09806 0.91653
0.238703 -0.006145 0.971073
0.605121 0.461471 0.648747
0.870598 -0.082967 0.48495
0.947559 0.208897 0.241857
0.157291 0.971542 0.177101
0.357756 -0.684266 0.635445
0.324106 0.460351 0.826458
-0.610607 -0.439113 0.659044
-0.037603 0.972401 0.230266
-0.954703 -0.067034 0.28991
-0.871228 0.361274 0.332329
-0.37703 -0.338051 0.862305
0.934756 0.344205 0.088059
0.668742 -0.704717 0.236978
0.377982 -0.284931 0.880877
-0.394319 0.622808 0.675738
0.531887 -0.618502 0.578404
0.98253 0.020001 0.185026
0.249114 -0.178622 0.951859
0.362829 -0.862396 0.353028
0.917859 -0.292356 0.268444
-0.689135 -0.271674 0.671779
0.509525 0.747792 0.425666
-0.548514 -0.831486 0.088113
0.695766 0.525552 0.489597
-0.860493 0.224991 0.457089
-0.072815 -0.989481 0.125005
0.451793 0.548187 0.703828
-0.542916 -0.307972 0.781278
-0.754995 0.198667 0.624911
0.937134 -0.340849 0.074849
-0.769264 -0.090474 0.632493
-0.30567 -0.18768 0.933457
0.519536 0.195951 0.831677
0.079049 -0.167632 0.982675
-0.039873 0.565104 0.824055
-0.423489 -0.879352 0.217708
0.930182 -0.346665 -0.120772
-0.048658 -0.04987 0.99757
-0.461694 0.886747 0.022759
-0.610451 0.196814 0.767212
0.432151 -0.542197 0.720603
-0.555254 0.023419 0.831351
0.19251 -0.901084 0.38857
0.223825 0.184551 0.956997
-0.524087 0.760233 0.383899
-0.366417 0.479731 0.797243
-0.881079 -0.470421 0.049031
0.489116 0.382436 0.783906
-0.45363 0.176378 0.873562
0.689304 -0.53006 0.493859
-0.496244 0.843484 0.205613
-0.64106 0.729292 0.239116
-0.950546 -0.297957 0.087661
-0.769146 0.357174 0.529945
-0.615041 0.785021 0.073933
0.117281 -0.492461 0.862396
-0.986491 -0.118975 0.112604
-0.10384 0.125997 0.986581
0.531761 -0.197785 0.823475
0.443869 0.849119 0.286317
0.163862 0.860863 0.481731
0.660913 0.09938 0.743853
-0.496399 0.342916 0.797494
0.858305 -0.256595 0.444378
-0.118888 -0.944499 0.306248
-0.070359 -0.492587 0.867414
-0.109689 -0.850602 0.514242
0.102781 0.669941 0.735265
0.798306 -0.587985 0.130309
0.505559 0.856991 0.099884
0.755307 -0.572232 0.319471
0.940676 -0.118951 0.317773
-0.335329 0.928056 0.162072
0.275975 0.906244 0.320248
0.781152 0.624314 -0.005726
-0.396347 -0.003207 0.918095
0.389709 0.920245 -0.035735
-0.03187 -0.750492 0.66011
-0.245369 0.852967 0.460696
-0.226033 0.601442 0.766274
-0.631271 -0.127861 0.76495
-0.999747 0.019973 -0.01038
