0.401876 0.475518 0.782546
0.280658 0.958619 -0.047758
0.491059 -0.41753 0.764546
0.867363 0.456677 0.197807
-0.351124 0.5382 0.766194
-0.710047 -0.167596 0.683919
0.907193 0.185066 -0.377824
0.098989 -0.812065 0.57511
0.452774 0.30446 0.838033
-0.077087 -0.767851 0.635974
0.189976 -0.253602 0.94847
-0.043447 -0.876044 0.48027
0.281722 0.362333 0.888452
-0.624082 0.5967 0.504451
-0.079738 -0.971933 -0.221332
0.771896 0.547039 0.32392
-0.033266 0.710345 0.703067
-0.469119 0.882243 -0.039676
0.234598 0.518513 0.822258
0.896168 -0.348621 0.274492
-0.966102 -0.112998 -0.232117
-0.845461 0.156602 0.51056
-0.116665 -0.992926 -0.022095
-0.411584 -0.596887 0.688713
-0.528686 -0.767321 -0.362918
-0.163618 0.100991 0.981341
-0.976091 0.132019 0.172678
-0.497398 0.430393 0.753231
0.244629 0.958082 0.149114
-0.242803 -0.6923 0.679534
-0.926393 0.175617 -0.333098
-0.572961 -0.47104 0.6707
-0.793481 -0.008041 0.608542
0.024451 -0.176405 0.984014
0.201395 -0.596304 0.777085
-0.739513 -0.627989 0.242386
0.467279 -0.855379 0.223558
0.501631 -0.053388 0.863433
0.679615 -0.53845 0.498191
-0.127756 -0.284047 0.950261
-0.37848 -0.731371 0.567317
0.317473 0.195932 0.927805
0.693639 0.354876 0.62684
-0.282505 -0.198992 0.938399
0.927016 0.370998 0.054791
-0.010254 0.99388 -0.109986
0.737636 0.17143 0.653074
0.151717 -0.961183 0.230455
0.632222 0.063901 0.772148
0.847502 -0.275028 0.453982
-0.215806 -0.818614 0.532259
0.590644 -0.713533 -0.376842
-0.3118 -0.919885 0.237893
0.484923 0.127261 0.865248
0.104718 0.625836 0.772893
-0.759072 0.319385 0.567277
-0.737686 0.159667 0.655992
-0.665932 -0.001719 0.74601
-0.631732 0.313091 0.709147
-0.120537 -0.463552 0.877833
-0.195728 0.632776 0.74919
-0.182052 -0.912322 0.366777
-0.857619 0.313977 0.407318
0.810982 0.278457 0.514558
-0.499702 -0.692541 -0.520274
-0.438295 -0.280983 0.853783
-0.545541 -0.616063 0.5682
0.635039 -0.28909 0.716347
-0.584532 -0.309733 0.749925
0.61503 0.531842 0.582137
0.747978 0.457778 0.480591
0.993182 0.042362 -0.108603
-0.268523 -0.544139 0.794864
-0.171712 0.771919 0.612092
0.351138 -0.150995 0.924068
-0.799727 0.580189 0.154328
0.041379 -0.537145 0.842474
0.222114 0.916949 0.331467
-0.493995 0.581105 0.646751
0.293443 0.640697 0.709506
0.334289 0.74471 0.577631
0.303136 -3.5e-05 -0.952947
-0.350564 0.170723 0.920847
0.403566 0.911325 0.081365
0.339063 -0.482922 0.807356
0.926734 0.006149 0.375668
0.75871 -0.013248 0.651294
0.535994 -0.810546 -0.236064
0.671455 0.693269 0.261775
-0.399559 0.898287 0.182845
0.604746 0.243862 0.758164
0.127287 -0.903478 0.409299
-0.679928 0.705177 0.201057
-0.815687 -0.341273 0.467106
0.527051 -0.591913 0.6098
-0.059704 0.36926 0.927406
0.504328 -0.234965 0.83093
-0.170772 0.984536 -0.039067
0.90356 0.196877 0.380551
-0.4747 -0.83703 0.272106
-0.977155 -0.212521 0.001832
0.647933 0.626718 0.432906
0.717871 -0.609566 0.336288
-0.857153 0.096776 -0.505889
0.642209 -0.115109 0.757837
0.462016 0.592798 0.659645
-0.140635 -0.09119 0.985853
0.030096 -0.36115 0.932022
-0.048077 0.994351 0.094624
-0.888167 -0.348669 0.299314
-0.346407 0.369851 0.862098
-0.101635 -0.626639 0.772654
-0.213479 0.963026 0.16434
-0.051033 0.554441 0.830657
-0.755732 0.465137 0.460996
-0.661187 -0.618766 0.424216
0.409742 -0.724795 0.553881
0.909917 -0.40578 0.085989
0.742687 -0.367586 0.559729
-0.136407 0.879516 0.4559
-0.97722 0.0705 -0.200176
-0.695081 -0.483356 0.532194
0.857388 0.371594 0.356095
0.846511 0.091046 0.524528
0.545571 0.815457 0.193343
0.352311 -0.321555 0.878908
0.49008 -0.055084 -0.869935
0.44319 0.889718 -0.109475
0.131953 0.284394 0.949583
-0.957725 -0.025067 0.28659
-0.89385 0.436421 0.102803
-0.017656 0.19701 0.980243
0.555668 0.420832 0.717031
-0.429879 -0.105431 0.89671
0.678951 0.730227 0.076125
-0.788785 -0.493682 0.366191
-0.009425 -0.011761 -0.999886
0.759453 -0.195211 0.620583
0.784765 0.604128 0.138464
-0.730031 0.594065 0.337848
-0.925712 0.147911 0.348108
0.99376 -0.111004 0.010957
-0.995551 -0.062022 -0.070934
0.610398 -0.78414 0.111976
-0.822962 -0.17678 0.539891
-0.733911 0.659646 -0.161996
0.005936 0.827839 0.560934
0.163469 0.107885 0.980632
-0.854243 -0.519842 0.005713
-0.281954 -0.378706 0.881523
-0.717513 0.696245 0.020443
-0.623211 -0.771421 0.12852
0.08809 0.450539 0.8884
-0.206663 0.2755 0.938824
-0.317557 0.93579 -0.153151
-0.304492 0.810018 0.501154
0.047859 0.913942 0.403013
0.30055 -0.895318 0.328748
-0.845765 -0.500429 0.185074
-0.830815 0.512401 -0.217235
0.270999 -0.825839 0.49452
-0.578231 0.812788 0.070883
-0.271697 0.904328 0.329199
-0.201878 0.467865 0.860434
-0.337432 0.685745 0.644898
0.242549 -0.722249 0.647709
0.959939 -0.241267 0.142507
-0.181948 0.073292 -0.980573
0.445186 -0.803665 0.394883
0.61293 -0.451479 0.648447
-0.432604 -0.445276 0.783953
-0.50428 -0.741817 0.442051
0.82866 -0.558887 0.031129
-0.151325 -0.97233 0.177974
0.063271 -0.692892 0.71826
-0.015959 -0.952973 0.302636
0.927131 0.354495 -0.121495
0.842329 -0.455639 -0.28788
0.602218 -0.744509 0.288167
0.150815 0.749138 0.645017
-0.426486 0.82374 0.37358
-0.603833 0.152562 0.782375
-0.925208 0.300024 0.232325
-0.890619 -0.014478 0.454519
0.367174 0.826614 0.426488
0.340009 0.023158 0.940137
-0.470159 0.713288 0.51978
0.186592 -0.428504 0.884063
-0.573502 -0.135306 0.807953
-0.959282 0.278446 0.047382
0.57276 -0.682196 0.454482
-0.611495 -0.733638 0.296392
0.38969 0.883447 0.260122
0.191364 0.84571 0.498151
-0.481125 0.262694 0.836368
0.382097 -0.606062 0.697633
-0.637819 0.462118 0.616144
-0.551628 -0.833949 -0.015328
-0.328729 0.943879 0.032097
-0.753731 -0.653796 0.066638
0.939295 0.277129 0.202298
-0.712059 -0.331169 0.619111
-0.802234 0.448642 -0.393878
-0.089054 0.952676 0.290651
-0.349743 -0.842295 0.410146
0.960338 0.195165 -0.199151
