223
-0.430323 0.684246 0.588753
0.8779 -0.010093 0.478737
0.813021 -0.425046 -0.397911
-0.151222 0.866848 0.475085
-0.097636 -0.576288 0.811393
0.3588 0.731434 0.579885
0.565961 0.748566 -0.345452
0.246905 0.546525 0.800217
-0.326701 0.920802 0.213048
0.962287 -0.199924 0.184485
-0.072197 -0.958839 0.274619
0.080503 0.610118 0.78821
-0.058963 0.917034 -0.394426
0.102906 0.461312 0.88125
0.425856 0.289534 0.857214
0.907969 -0.401025 -0.121538
-0.474852 0.135907 0.869509
0.739691 -0.247622 0.625732
0.309118 0.903587 0.29661
0.170618 0.896359 0.409183
0.825523 0.559791 0.071731
0.746082 0.625625 0.227935
0.691557 0.225722 0.686148
-0.407208 -0.209185 0.889057
-0.347189 -0.374195 0.859906
-0.937445 -0.322719 0.130574
-0.679135 -0.701775 0.215143
0.34118 0.829126 0.442883
0.282621 -0.370895 0.884625
0.924421 0.224508 0.308289
0.493163 -0.78755 0.369533
0.610514 -0.307785 0.729754
0.643682 0.546601 0.53563
-0.329643 -0.943837 0.022538
-0.139501 0.989241 -0.044074
0.304408 -0.952141 -0.027619
0.79277 -0.3529 0.496969
0.612432 -0.657903 0.438282
0.933336 -0.117383 0.339271
-0.276946 -0.531106 0.800767
0.072219 -0.61818 0.782712
-0.028557 -0.844026 -0.535542
0.96475 -0.226573 -0.133876
0.132861 0.961267 0.241483
-0.61042 0.188845 0.769237
0.396274 -0.067369 0.915657
0.202802 0.968489 -0.14457
-0.267025 0.950744 -0.157428
-0.000133 0.920948 0.389686
-0.672158 -0.513968 0.532955
-0.875293 0.242111 0.418623
-0.988793 0.043839 0.142711
-0.043203 0.35192 0.935033
0.488909 0.871673 -0.03397
-0.785526 0.61385 -0.078338
0.002535 -0.997336 -0.072895
-0.062936 0.513467 0.855798
-0.890725 -0.12851 0.435999
-0.499915 0.455312 0.736733
-0.553856 0.557927 0.61803
0.739268 -0.603571 0.298638
0.231138 -0.198016 0.952557
-0.904094 0.327359 0.274681
-0.112939 -0.893994 0.433611
-0.724451 0.064188 0.686331
-0.514514 -0.321149 0.795072
0.575443 0.810013 0.112887
-0.351438 0.269276 0.89665
-0.705583 0.706485 0.055066
0.991934 -0.125704 0.016316
-0.818797 0.566942 0.090272
0.303514 -0.739852 0.600414
-0.469471 0.837606 0.279309
0.444316 0.743967 -0.499095
0.856108 0.363032 0.367813
0.087586 -0.657452 -0.748389
0.533857 0.506867 0.676818
0.417051 -0.615563 0.668694
0.282299 0.224469 0.932696
-0.254647 0.688552 0.679008
-0.774762 0.33735 0.534732
-0.417084 -0.840975 0.344678
-0.794527 -0.557039 0.241731
0.168788 -0.050994 0.984332
0.471835 0.833436 0.287673
-0.29021 -0.08393 0.953275
-0.382719 0.580713 0.718539
0.671625 -0.42185 0.609066
0.531074 -0.180623 0.82785
0.792775 0.101379 0.601025
-0.597167 0.013533 0.802003
0.381919 -0.22973 0.895188
0.834714 -0.513918 0.197841
0.008279 -0.464353 0.885612
0.928795 0.325738 0.176736
-0.5966 0.785132 0.166242
0.246883 -0.630831 0.735595
-0.955998 -0.046038 0.289738
0.194256 -0.228185 -0.954042
0.26782 0.390883 0.880615
0.384033 0.603897 0.698446
-0.704289 -0.105128 0.702086
0.343916 -0.826817 0.445079
0.86611 0.488719 -0.104914
0.791628 0.275376 0.545429
-0.323804 0.863117 0.387531
0.524638 -0.473001 0.707832
0.762884 0.533887 0.364655
-0.179982 0.931265 0.316783
-0.224958 0.554549 0.801168
0.892649 -0.283233 0.350653
0.617863 0.741302 0.262138
-0.520072 -0.584211 0.623075
0.554892 0.34448 0.75725
0.930059 0.227354 -0.288619
-0.600997 -0.430649 0.673309
0.017879 -0.833948 0.551553
0.383733 -0.883716 0.267947
0.984873 -0.031412 0.170407
-0.604552 0.72486 0.330295
0.509573 0.647444 0.566702
-0.310958 -0.742503 0.593291
0.530724 -0.826792 0.186404
0.850355 -0.183878 0.493037
0.148439 0.799988 -0.581365
0.91201 -0.361271 0.194221
-0.202614 0.396393 0.895444
0.954311 -0.2975 0.027987
0.047801 -0.17904 0.98268
-0.715258 0.520565 -0.466282
-0.199984 -0.672127 0.712918
-0.792594 -0.20009 0.575985
-0.033944 -0.720398 0.69273
-0.662707 -0.270775 0.698212
0.7825 -0.072302 0.618438
0.102301 -0.969015 0.224823
-0.716653 0.238502 0.655382
0.979487 0.143788 -0.141176
-0.462094 0.768576 0.442448
0.226439 -0.913134 0.338986
-0.72434 0.652849 0.221629
-0.786954 -0.462425 0.408493
-0.323904 0.093678 0.941441
0.682975 0.048116 0.728855
-0.69878 -0.612461 0.369592
0.947369 -0.143442 -0.286211
-0.886701 0.46082 -0.037495
-0.690672 0.491247 0.530706
0.852824 0.472684 0.22195
-0.502263 0.306938 0.808406
-0.283404 -0.843577 0.456136
0.459537 -0.35773 0.81293
0.767176 0.636867 -0.076433
0.221962 0.6864 0.692523
0.945271 0.051845 0.322142
0.19712 0.80509 0.55944
0.178327 -0.500688 0.84706
-0.533687 -0.8228 0.195394
0.055758 0.73961 0.670722
-0.238309 -0.258177 0.936244
0.437959 0.116562 0.891406
0.117091 -0.338036 0.933821
0.183857 -0.842621 0.506148
0.666123 0.391652 0.634736
0.677164 -0.725194 0.124673
-0.72025 0.579981 0.380608
-0.636041 -0.769459 0.058176
0.97112 0.238095 0.015375
-0.031072 0.971722 0.234073
-0.565398 -0.156911 0.809756
-0.449983 -0.038052 0.892226
0.407923 0.45446 0.791874
-0.742183 -0.36215 0.563926
0.575871 -0.574181 0.58197
-0.266626 -0.953325 -0.141709
0.291462 0.052544 0.955138
0.426774 0.894386 0.133934
-0.246748 -0.919558 0.305823
-0.37748 -0.907202 0.185725
-0.589867 0.647952 0.481888
0.976556 0.143822 0.160166
-0.447757 -0.477018 0.756285
-0.709046 -0.700228 -0.083275
-0 -0 1
0.423771 -0.902201 0.080318
0.572488 0.173738 0.801295
0.998535 0.05357 0.007656
0.575152 -0.817976 0.010772
0.827938 -0.50258 -0.248862
0.175357 -0.975168 -0.135271
0.120048 0.298545 0.946815
-0.123244 -0.13136 0.983644
-0.354999 0.432054 0.829039
0.91108 0.410663 0.035913
-0.16449 0.048907 0.985166
-0.153341 -0.987787 -0.027625
-0.821097 -0.030455 0.569975
-0.636207 0.384016 0.669158
0.664823 -0.126931 0.736138
-0.116775 0.776985 0.618593
0.49882 0.751131 0.432413
0.639991 0.653732 0.40379
0.457133 -0.883597 -0.101415
0.551005 -0.0077 0.834466
-0.172601 -0.425054 0.888559
-0.375445 -0.623642 0.685647
0.13046 0.127824 0.983179
-0.295141 0.787207 0.541477
-0.580534 -0.653127 0.486215
0.463877 -0.711306 0.528073
-0.064334 -0.30652 0.949688
0.823923 -0.443433 0.352872
-0.032794 0.181087 0.98292
-0.850701 -0.300354 0.431387
0.355896 -0.501936 0.788288
0.902521 -0.051924 -0.427505
0.135752 -0.743193 0.655161
0.62972 -0.723605 0.282576
-0.875582 -0.398527 0.273007
-0.821488 0.146855 0.550991
0.874975 0.166038 0.454807
-0.028645 -0.993898 0.106516
0.758954 0.427636 0.491036
