0.196848 -0.201914 0.959417
-0.445878 -0.198878 0.87272
0.585404 0.113311 0.802784
-0.70268 -0.711453 -0.00861101
0.595504 0.398453 0.697575
0.820789 -0.503415 0.269961
0.045276 -0.423014 0.904991
-0.041182 0.974571 0.220263
0.652397 -0.565043 0.505079
0.90681 0.23853 0.347561
-0.871281 -0.1373 0.471188
-0.934829 0.105128 0.339181
0.833546 0.506915 0.21963
0.298742 0.437456 -0.848166
0.747038 0.601179 -0.283758
-0.271851 0.894561 0.354764
-0.289946 0.040972 0.956166
0.986182 0.082579 -0.143618
0.035273 0.887065 0.460294
-0.546818 -0.45281 0.70424
0.866745 0.495221 -0.059239
-0.906858 -0.322699 0.271059
-0.338496 -0.848075 0.407662
0.710552 -0.703635 0.003683
-0.880488 0.474064 -0.002214
-0.191582 0.547069 0.814869
0.939656 -0.255241 0.227811
0.38481 0.326064 0.863484
-0.491202 0.74376 0.453368
-0.166751 0.656195 -0.735936
-0.512114 0.840021 0.179174
-0.641511 -0.710036 -0.290366
-0.813284 0.292775 0.502843
-0.550775 0.063343 0.832247
-0.977713 0.201181 0.060023
0.987531 0.008323 0.157207
-0.131982 0.287406 0.948672
0.335259 0.0401 0.941272
-0.764961 0.060355 0.641243
-0.268913 0.961623 0.054473
-0.354254 -0.671133 0.651218
-0.720435 0.642274 0.261644
0.423445 -0.637255 0.643895
-0.571774 -0.662381 0.484072
-0.672517 0.534354 0.512042
-0.22764 0.765801 0.60144
-0.390081 0.320357 0.863255
-0.100412 -0.810333 0.577303
0.336546 0.576227 0.744782
-0.152053 -0.226219 0.962136
0.599994 -0.379153 0.70445
0.338302 -0.430464 0.836811
-0.877257 0.403199 0.260483
0.028425 0.712093 0.70151
0.491446 -0.173397 0.853472
0.138813 0.236167 0.961746
0.265425 0.780269 0.56633
-0.680873 -0.200831 0.704329
-0.289449 -0.948073 0.131819
-0.472785 0.874013 -0.112138
0.544697 0.810099 -0.216897
-0.062885 -0.941429 0.331295
0.092595 0.49338 0.864871
-0.619585 0.325729 0.714153
-0.102625 -0.618414 0.779122
-0.170177 0.839106 -0.516663
-0.441735 0.572124 0.691046
0.392961 0.851531 0.347097
0 0 1
0.482232 0.873191 0.070644
0.221118 0.960632 0.168207
0.779531 0.181671 0.599439
0.012065 0.998155 -0.059514
0.897892 -0.039275 0.438461
0.53422 0.647661 0.543271
-0.755789 -0.412837 0.50828
0.810739 -0.310604 0.496213
0.750055 0.460034 0.47517
0.641838 -0.717495 0.270639
0.42237 -0.806442 0.41383
0.960383 0.270634 0.066496
0.727855 -0.103983 0.677801
-0.217853 0.945328 -0.242685
