178
0.285844 0.670019 0.685104
0.217159 -0.971341 0.096638
0.261762 -0.14938 0.953502
0.485946 0.595957 0.63929
-0.462203 -0.131351 0.876992
-0.32122 -0.020253 0.946788
0.46927 0.795356 0.38366
0.517265 -0.331318 0.789092
-0.216299 -0.392342 0.894026
0.480085 -0.827787 0.290324
-0.170442 0.107725 0.979462
0.068734 -0.118503 0.990572
-0.730745 0.266272 0.628578
-0.748855 0.064651 0.659573
-0.870959 0.479171 0.108743
0.910567 0.232078 0.342063
0.376257 0.513188 0.771407
-0.171479 -0.982629 0.070958
-0.523924 -0.433478 0.733213
-0.009589 -0.4377 0.89907
-0.127456 -0.082748 0.988386
-0.595052 -0.746213 0.298461
-0.943828 0.300986 0.136367
0.910743 -0.161551 0.380063
-0.816758 -0.238305 0.525469
0.622566 -0.703547 0.342685
-0.868946 -0.474584 0.140366
-0.240627 -0.883778 0.401291
0.665239 0.492662 0.561017
0.851744 -0.025924 0.523317
0.566275 0.42456 0.706456
-0.872875 -0.33015 0.359291
-0.013911 0.588007 0.808736
-0.147787 -0.558157 0.816468
-0.072992 -0.266354 0.961108
-0.813837 0.345226 0.467428
-0.941921 -0.270442 0.199114
0.750197 -0.547599 0.370594
-0.814657 0.578447 -0.041637
-0.305944 -0.925941 0.221429
-0.849115 0.154335 0.505158
-0.354347 -0.763721 0.539601
0.117423 0.237634 0.964231
0.132495 -0.723366 0.677633
-0.429448 0.727229 0.535455
0.160097 0.947034 0.278381
-0.597003 0.628961 0.497991
-0.979233 -0.074271 0.188643
0.725889 0.306678 0.615657
0.986711 0.162041 -0.01197
0.577048 0.656625 0.485654
-0.469808 0.282957 0.836191
-0.277771 0.357612 0.891604
0.375554 0.900181 0.220528
-0.682232 -0.339422 0.647574
-0.979152 0.116566 0.166356
0.286246 0.869302 0.40296
-0.752423 0.526279 0.396094
-0.407173 0.466698 0.785114
-0.809523 -0.496623 0.31311
0.399865 -0.480412 0.780585
-0.933963 0.049172 0.35397
0.739076 0.100295 0.666113
0.086738 0.711024 0.697798
0.028524 -0.821687 0.569225
-0.76659 0.617877 0.174834
0.262665 0.386341 0.884165
0.206102 0.040324 0.977699
0.386217 0.744986 0.543904
0.484115 0.155478 0.86108
0.48676 -0.726177 0.485522
0.445191 0.33895 0.828805
0.335115 -0.940122 -0.062201
0.931726 -0.286078 0.223711
0.200746 -0.466394 0.861497
0.620074 -0.590324 0.516745
-0.274948 -0.211479 0.937913
-0.849224 0.36238 -0.384057
-0.029975 0.81414 0.579895
0.430929 -0.875903 -0.217011
-0.485224 0.07521 0.871149
0.841194 0.16952 0.513474
-0.050696 -0.993817 -0.098785
-0.16822 -0.807113 0.565925
0.601665 0.023927 0.79839
-0.136445 0.893767 0.427275
0.73336 -0.426451 0.529455
0.977214 -0.209233 0.035685
-0.485996 -0.856498 0.173837
-0.619564 -0.033701 0.784223
0.978499 0.101032 0.179811
-0.410325 -0.326053 0.851659
-0.91755 0.393285 -0.058552
-0.914435 0.239141 0.326529
0.974801 -0.092375 0.203051
0.41155 -0.903095 0.122665
0.931933 0.038797 0.36055
0.306559 0.202345 0.930096
0.130697 -0.302072 0.944283
0.394877 0.006358 0.918712
-0.586217 0.378019 0.716556
0.069211 0.896826 0.436936
-0.363441 -0.931181 0.028506
0.244022 0.963406 0.110914
-0.73109 -0.139166 0.667938
0.742775 -0.093232 0.663018
-0.694058 0.719805 0.012827
-0.510569 0.778147 0.365795
0.293842 -0.753466 0.588172
0.618421 0.23322 0.750443
0.873068 0.480269 0.084227
-0.739017 -0.640442 0.209018
0.732154 -0.652994 0.193775
0.451131 -0.16088 0.877837
0.281294 -0.920476 0.271289
0.943257 0.290829 0.160265
0.516638 0.855617 0.031698
-0.109554 0.440779 0.890905
-0.849607 -0.041603 0.525772
-0.512617 0.557744 0.652798
0.597532 -0.789069 0.142568
0.682847 -0.300141 0.666059
-0.141605 0.986044 0.08755
-0.425829 -0.828352 0.364009
0.849281 -0.480289 0.219192
-0.527305 -0.695976 0.487408
0.163303 -0.87691 0.452063
0.74125 0.543583 0.393784
-0.071456 -0.703775 0.70682
-0.755118 -0.43057 0.494375
0.777043 0.596859 0.199909
0.076182 0.41739 0.905529
0.331796 -0.322862 0.886381
0.810136 0.366394 0.457641
0.678 0.728704 0.096475
-0.265649 -0.669614 0.693576
0.541549 0.814442 0.20835
0.860682 0.426217 0.278505
-0.083158 0.268497 0.959684
-0.786521 -0.617182 0.021715
0.189782 0.805423 0.561495
-0.60599 0.775773 0.175934
-0.641584 -0.761291 0.093842
-0.62103 0.174551 0.764103
0.269442 -0.612 0.743544
-0.337649 0.649561 0.681222
0.016808 0.074304 0.997094
-0.331708 0.853486 0.401911
-0.66673 0.672301 0.321687
0.092057 -0.957011 0.275056
-0.240799 0.937737 0.250329
0.344711 -0.835767 0.427396
-0.132242 0.699232 0.702557
-0.681103 0.459791 0.569816
-0.680787 -0.606005 0.411444
-0.329201 0.183976 0.926164
-0.447637 -0.611106 0.652817
-0.583632 -0.238622 0.776166
0.025264 -0.995622 0.089991
-0.938817 -0.343414 0.026256
0.445008 -0.623242 0.643068
-0.041595 0.961677 0.271012
-0.344168 -0.507223 0.79011
-0.999683 0.023509 -0.00906
-0.230384 0.553181 0.800571
-0.858579 0.425892 0.285408
0.648175 0.694992 0.311216
0.181857 0.559662 0.808521
-0.237459 0.789643 0.565754
-0.919019 -0.14184 0.367812
-0.109594 -0.962183 0.249386
-0.043144 -0.907597 0.417619
0.519709 -0.853893 -0.027735
0.608401 -0.157312 0.777882
-0.612372 -0.530564 0.586091
0.060795 -0.590546 0.804711
0.813303 -0.231911 0.533625
0.576958 -0.473912 0.665227
