160
-0.608738 -0.136651 0.781515
-0.984748 0.058416 0.163887
0.575851 0.020197 0.817305
-0.902945 -0.278769 0.327074
0.500315 0.802106 0.326054
-0.809468 -0.577161 0.10792
0.170713 -0.630406 0.757262
-0.150276 0.778923 0.608849
-0.36804 0.916115 0.158997
0.03268 -0.952076 0.304111
0.418451 -0.881635 0.218217
0.829638 -0.040014 0.556866
0.304516 -0.95076 0.057674
-0.522676 -0.825388 0.213412
-0.316909 -0.934059 0.164628
-0.930452 0.152517 0.333163
0.727255 -0.438198 0.528284
-0.853232 0.051585 0.518973
0.275205 -0.469719 0.838824
-0.573441 -0.723712 0.383934
-0.662759 0.068698 0.745675
-0.864939 0.375076 0.333464
0.103238 -0.989212 0.103927
-0.715669 -0.262624 0.647184
0.49662 0.425955 0.756261
-0.448756 -0.512285 0.732244
-0.472495 0.55265 0.686532
-0.432909 -0.1824 0.882791
-0.03105 -0.870579 0.491048
0.478585 -0.416199 0.773133
0.797425 -0.243824 0.551962
0.664555 0.29919 0.684727
-0.764127 0.545056 -0.345
-0.331831 -0.673801 0.660213
0.311506 0.880182 0.35811
0.536279 0.22442 0.813659
-0.972639 -0.154601 0.173415
0.067467 -0.765808 0.639521
-0.55711 0.235345 0.796393
-0.29659 0.825341 0.480465
0.820276 0.166135 0.547308
0.9393 -0.282394 0.194857
0.620231 0.498919 0.605305
0.460506 -0.701674 0.54368
0.565457 -0.529534 0.632339
0.373163 -0.286587 0.882393
-0.27594 0.531338 0.80096
-0.838734 0.245626 0.485996
-0.610095 0.703735 0.364062
-0.823927 -0.481902 0.298184
0.710704 0.096862 0.696791
0.907131 -0.170596 0.384722
-0.729567 0.220875 0.64726
0.157443 -0.319034 0.934574
0.6472 0.758632 -0.074893
0.900416 0.22485 0.372415
0.6502 -0.327911 0.685357
-0.702818 0.117825 -0.701545
-0.10853 0.646975 0.754748
-0.03968 -0.270205 0.961985
-0.500818 0.029282 0.865057
-0.439264 0.832706 0.337118
-0.322853 -0.011487 0.946379
0.924411 0.334546 0.18315
-0.141043 -0.425829 0.893743
0.059076 -0.479128 0.875755
0.305127 0.527631 0.792782
-0.136524 -0.740379 0.658179
-0.133389 -0.053447 0.989622
-0.17034 -0.929264 0.327799
-0.028222 0.306384 0.95149
0.564041 0.671561 0.480482
0.376324 -0.597898 0.707742
0.76689 0.363146 0.529154
-0.233242 0.354253 0.905595
0.096038 0.613494 0.783838
0.39363 0.903702 0.168458
0.23112 -0.935252 0.268117
-0.46812 0.713694 0.521061
0.860554 -0.476872 0.178995
-0.228702 -0.831925 0.505565
0.347146 0.342834 0.8729
0.581567 0.803891 0.124654
-0.640779 -0.447203 0.624029
0.725281 -0.66028 0.194931
-0.753079 0.54734 0.365089
-0.85637 0.488589 0.167065
0.101461 0.915103 0.390246
0.181702 0.961251 0.207318
-0.038229 0.967134 0.251377
-0.106376 -0.984758 0.137608
0.547998 -0.200596 0.812071
-0.761756 -0.061237 0.644964
-0.715788 -0.55469 -0.424225
0.811606 -0.584117 0.010168
-0.610492 0.399382 0.683955
0.420185 -0.059579 0.905481
-0.068193 0.487478 0.870468
-0.54048 -0.613054 0.576234
0.809433 0.547992 0.211005
-0.705032 -0.663485 0.250434
-0.318128 0.679765 0.660844
-0.731298 0.654309 0.192569
-0.426703 0.392442 0.814809
-0.567991 0.80277 0.181512
0.19251 0.824175 0.532612
0.060291 -0.098503 0.993309
0.884131 0.465763 0.037109
0.969008 0.246935 0.00678
0.013447 0.109498 0.993896
0.463372 0.885812 -0.024975
0.26933 -0.75138 0.602403
0.250518 -0.144188 0.957314
0.139493 0.440459 0.886869
-0.934935 -0.056048 0.350364
0.999258 0.035582 0.01475
0.854256 -0.362934 0.372189
-0.187804 0.156939 0.969587
0.216415 0.055479 0.974724
-0.698409 -0.561016 0.444394
0.667572 0.691396 0.27626
0.036061 0.997728 0.056906
0.488076 -0.872796 -0.002913
0.923048 0.027578 0.383695
0.976497 -0.078605 0.200684
-0.791053 -0.377011 0.481765
-0.945763 0.278373 0.167454
0.448636 0.60817 0.65487
-0.417422 -0.756333 0.503705
0.254963 0.690496 0.676911
0.38499 0.143656 0.911672
0.366365 -0.832804 0.414986
0.915267 0.3755 -0.145895
0.632255 -0.622974 0.460605
-0.347846 -0.38062 0.856815
-0.240626 -0.225785 0.943992
-0.075609 0.884204 0.46094
0.178497 0.252383 0.951021
-0.379522 0.199522 0.903413
-0.176239 0.979227 0.100276
0.253659 0.967067 0.020945
-0.229769 0.921903 0.311931
0.389003 0.762141 0.517512
-0.74151 0.415754 0.526604
-0.676307 0.736447 0.015968
-0.372446 -0.862813 0.341815
-0.850188 -0.174401 0.496754
0.555916 -0.756278 0.344964
-0.61713 0.57506 0.537082
0.921951 -0.387273 0.005136
-0.040792 -0.620808 0.782901
-0.240019 -0.561528 0.791882
0.983691 -0.179332 0.013883
0.972078 0.12948 0.1957
0.044135 0.76666 0.640535
0.169371 -0.870529 0.462053
0.587773 -0.794246 0.153932
0.840374 0.413246 0.350713
0.743462 0.665247 0.068631
-0.541842 -0.332121 0.772077
