0.240577 0.543834 0.803969
-0.948864 -0.172246 0.264555
-0.666097 0.250316 0.702607
0.088089 0.458343 0.884399
-0.43917 0.880885 -0.176553
0.404559 -0.061621 0.912433
0.447679 0.762879 0.466475
0.946696 0.17545 0.270154
0.249562 -0.741866 0.622378
-0.636611 -0.547413 0.543199
-0.868967 -0.484018 0.103067
0.363261 -0.632756 0.683858
-0.070925 0.185116 0.980154
0.737601 -0.412606 0.53451
0.698589 -0.284364 0.65659
0.697715 0.22952 -0.678612
0.00275 -0.892037 0.451954
0.547126 0.837036 -0.004788
0.838976 -0.349161 0.41738
0.900825 -0.152451 0.406539
-0.021747 -0.618533 0.785458
0.559758 0.16777 0.811495
-0.149505 0.896516 0.417021
-0.539679 -0.467654 0.700033
-0.072408 0.355961 0.931691
0.685571 0.218239 0.694524
-0.490182 -0.616282 0.616375
0.278584 -0.954875 0.102978
0.100728 -0.511922 0.853106
-0.381549 0.124112 0.915979
0.758664 -0.092022 0.64495
-0.385353 -0.528051 0.756746
-0.235084 0.410095 0.881225
0.265823 0.930223 0.253029
-0.685558 -0.723954 -0.076818
0.966471 -0.122075 0.2259
-0.502664 0.818949 0.276861
0.012459 0.869444 0.493874
0.089637 -0.051849 0.994624
-0.874223 -0.328365 0.357646
-0.21517 -0.577187 0.787755
0.139658 0.913421 0.382307
0.074411 0.610069 0.788847
0.788344 0.099843 0.607079
0.65528 0.525245 0.542887
-0.77558 0.441968 0.450711
-0.379184 0.717853 0.583871
0.847312 0.453729 0.276029
0.414047 0.861038 0.295262
-0.247045 0.966272 0.072707
-0.923351 0.320376 0.21162
-0.252687 -0.790352 0.558115
0.8782 0.471397 0.080924
0.69047 -0.711344 0.131308
0.260148 0.228008 0.938262
-0.673378 0.406738 0.617354
0.256914 0.061005 0.964507
-0.922975 -0.335838 0.187961
-0.470756 -0.183675 0.862932
-0.07769 0.516282 0.852887
-0.939033 -0.013653 -0.343555
0.91758 -0.274838 0.287246
-0.932182 -0.001452 0.361987
0.296845 0.851713 0.431819
-0.315133 -0.248434 0.915954
-0.069311 0.005736 0.997579
0.487337 0.801138 -0.347392
0.55703 -0.711204 0.428844
-0.526276 0.193979 0.827893
0.405014 0.451422 0.795099
0.416602 0.116616 0.901578
0.658237 -0.573559 0.487601
-0.232008 0.242387 0.94203
0.551581 0.766358 0.329323
-0.327224 -0.670285 0.666065
0.636149 -0.150697 0.756707
-0.366411 -0.902137 0.227796
0.217978 -0.387329 0.895802
0.521624 -0.615498 0.590822
0.255661 0.389972 0.884624
0.05345 -0.734139 0.676892
0.988645 -0.140779 0.052561
-0.852162 0.006779 0.523234
0.874082 -0.161176 -0.458261
0.415711 -0.909495 -0.001864
-0.733268 -0.033857 0.679097
-0.233456 0.70159 0.673253
-0.082507 0.664448 0.742766
0.679324 0.379373 0.628168
-0.528226 0.643478 0.553998
-0.890495 -0.163231 0.424705
-0.078689 -0.996411 -0.03121
-0.237682 0.563449 0.791222
-0.147947 -0.704965 0.69364
-0.392994 0.593956 0.701977
0.572023 -0.780875 0.251047
-0.073614 -0.809865 0.58198
0.537645 0.496652 0.681377
-0.805414 -0.14915 0.57364
0.331143 -0.247864 0.910444
-0.729053 0.593076 0.341677
0.549008 -0.012775 0.83572
-0.167506 -0.887122 0.430065
-0.522479 -0.8344 0.175478
-0.267613 0.819302 0.507077
0.093779 0.296235 0.9505
-0.640338 0.081621 0.763744
-0.668055 -0.737565 0.098492
0.493083 -0.201728 0.846271
0.416392 0.28837 0.862242
0.881932 0.145482 0.448365
0.678092 0.039414 0.733919
0.331412 0.737222 0.588787
-0.388049 0.298066 0.872109
0.247038 -0.109221 0.962831
-0.024634 -0.954531 0.297093
0.795089 -0.60641 0.009985
0.884135 -0.46237 0.067228
0.926605 0.329157 0.181819
-0.874239 0.47361 0.106768
0.154746 -0.915977 0.370188
-0.024629 0.948603 0.315508
-0.031045 -0.185393 0.982174
-0.764629 -0.461441 0.449906
-0.419854 -0.746505 0.516191
0.681623 0.686475 0.253263
0.563413 -0.334904 0.755252
0.251126 0.964999 0.075583
0.172472 0.816063 0.551629
-0.102601 0.994203 -0.03216
-0.200137 -0.942801 0.266592
-0.394476 0.453975 0.798934
0.877054 0.306135 0.370214
0.867146 -0.435351 0.241926
-0.763309 -0.617212 0.190812
0.773764 -0.610917 -0.167539
0.78975 0.613305 -0.012332
-0.573736 -0.683061 0.451945
-0.570736 -0.301898 0.763622
-0.677267 -0.396086 0.62002
-0.981203 -0.008967 0.192771
0.292518 -0.517666 0.804024
0.681313 -0.730304 -0.049684
-0.870676 0.314469 0.378197
0.131115 -0.970402 0.202804
0.376595 0.602701 0.703511
0.684225 -0.657709 0.315047
0.392786 0.918007 -0.054606
0.437148 -0.824402 0.359532
-0.540358 0.358437 0.761273
0.980797 -0.153781 -0.119955
0.289086 -0.840416 0.458399
0.051313 0.989439 -0.135566
-0.660746 0.551603 0.509067
0.77954 0.422369 0.462517
-0.091676 -0.479917 0.872511
-0.649679 0.72606 0.225286
-0.447884 0.780337 0.436433
0.794892 0.268211 0.544252
-0.610774 -0.111588 0.783903
0.612792 0.654625 0.442664
0.614349 -0.463356 0.638652
-0.999645 -0.019484 0.018153
0.978637 0.187895 0.083454
-0.265993 -0.423742 0.865847
0.17623 -0.636778 0.750637
0.205735 0.687836 0.696099
0.796161 0.310525 -0.519328
0.405034 -0.378213 0.832407
0.330518 -0.878134 -0.345888
0.301077 -0.912227 0.27784
-0.943516 0.159023 0.29067
0.542575 -0.833038 -0.107984
-0.045288 -0.753548 -0.655832
-0.227659 0.063896 0.971642
-0.111721 0.798499 0.591539
0.128742 -0.828326 0.545253
-0.356516 -0.062351 0.932206
0.137402 -0.241861 0.960533
0.555613 0.339023 0.759182
-0.069414 0.987595 0.140847
0.468701 -0.50047 0.727908
0.947967 -0.315266 -0.044347
-0.148563 -0.310105 0.939023
-0.770277 0.13177 0.623947
-0.426061 -0.366384 0.827185
0.773685 -0.513478 0.371151
-0.784089 0.290207 0.548621
0.557609 0.813745 0.163984
-0.196285 -0.124978 0.97255
0.811343 -0.22282 0.540439
-0.941563 -0.336692 0.009883
-0.227399 -0.968901 0.097572
0.837799 -0.469197 -0.279189
0.411539 -0.739995 0.532017
0.74265 0.561874 0.364374
0.790984 -0.581707 0.189636
-0.831329 -0.480369 0.279531
-0.566343 0.821385 -0.067694
0.506114 -0.007173 -0.862437
-0.331548 -0.856039 0.396577
0.946213 -0.29954 0.122299
-0.380251 0.907832 0.176778
0.986678 0.033313 0.15924
0.093 0.125734 0.987695
-0.598939 0.697042 0.394215
0.50136 0.638722 0.583671
0.024769 -0.366457 0.930105
-0.54261 0.507796 0.669118
0.106224 0.973543 0.202313
0.204112 -0.947232 -0.247165
0.790846 0.587973 0.169854
0.858308 -0.026085 0.512471
-0.710505 -0.600437 0.366959
0.9793 0.178788 -0.094906
-0.632127 -0.725012 0.273448
-0.410045 -0.904093 -0.120329
