0.397774 0.209241 0.893305
0.830477 0.550085 0.087831
-0.207603 -0.431231 0.878032
-0.767967 0.491156 0.411087
-0.656852 0.319921 0.682785
0.373335 0.824113 0.425979
0.020776 0.69731 0.716469
0.787369 0.424196 0.447333
-0.974858 -0.222044 -0.018667
-0.782011 -0.593695 0.189697
-0.830889 0.316872 0.4574
0.627822 -0.431753 0.647633
-0.47336 0.118764 0.872826
0.112056 0.128701 0.985332
-0.181265 -0.782376 0.595845
0.524312 0.76444 0.375138
0.581718 -0.009926 0.81333
-0.1723 0.470501 0.865414
0.222342 0.974964 0.002877
-0.358688 0.443124 0.821574
0.791249 0.546754 0.273832
0.591824 -0.662 0.459891
0.498885 0.322659 0.804366
-0.347555 0.6751 0.650727
-0.716702 0.67571 0.172495
0.05992 -0.96228 0.265382
0.479013 -0.486065 0.73095
0.082464 -0.991495 0.100685
-0.862845 -0.499686 0.076241
0.807212 0.002028 0.590259
-0.586731 -0.647802 -0.4859
-0.126107 -0.882825 0.452456
0.987639 -0.002351 -0.156728
-0.507879 0.634276 0.582883
-0.726369 -0.669986 -0.153319
-0.834646 -0.371887 0.406283
0.98525 -0.059744 0.160351
-0.491115 -0.460783 0.739246
0.831796 -0.495837 0.249524
-0.516086 0.855724 -0.0373
-0.084446 -0.987306 0.134517
-0.874016 0.143045 0.464365
0.174218 0.422905 0.889269
0.101761 -0.733637 0.671879
0.101831 0.570826 0.814732
0.068876 0.294197 0.95326
0.662291 0.681613 0.311087
0.993476 -0.113999 -0.003047
-0.918284 0.230578 0.321851
-0.074581 -0.707556 0.70271
-0.263722 0.335202 0.904483
0.040434 0.871815 0.488163
0.274102 -0.736217 0.618751
-0.307592 -0.104886 0.94572
-0.146884 0.87196 0.467023
0.95969 -0.280639 -0.01537
0.021419 -0.181524 0.983153
-0.816622 0.528228 0.232602
0.490402 0.867463 0.083744
0.519653 0.57418 0.632676
-0.5687 0.701256 0.429907
-0.572378 0.222393 0.789256
0.481173 -0.783587 0.393018
-0.775954 -0.296279 0.556879
-0.318238 -0.527692 0.78757
-0.920909 -0.387796 -0.039255
-0.17641 0.019139 0.984131
-0.979256 -0.109203 -0.170685
0.286723 0.910324 0.298497
0.550147 0.158181 0.819949
0.588638 0.415608 0.69338
0.200139 0.671126 0.713817
-0.106306 0.991915 0.069312
0.341928 0.377886 0.8604
-0.509619 0.381273 0.77131
0.124034 0.935243 0.331565
-0.255933 -0.666635 0.700069
0.723497 -0.588406 0.361013
-0.441216 0.543275 0.714269
0.62463 -0.777886 -0.068779
0.621036 -0.723644 0.301088
0.588166 0.783727 0.19958
0.69242 -0.268079 0.669842
-0.143906 -0.14991 0.978171
0.713263 -0.085871 0.695616
-0.09482 -0.315649 0.944126
0.505004 -0.833509 0.224127
0.034354 -0.61374 0.788761
0.437338 0.484367 0.757709
-0.875523 -0.204512 0.43776
-0.107132 -0.948817 0.2971
0.948029 0.010844 0.317998
-0.804594 0.050417 0.591682
-0.546466 -0.306544 0.779362
-0.911792 0.393867 -0.116209
-0.422875 -0.603591 0.67591
0.249594 0.954446 -0.163511
-0.69055 -0.22196 0.688385
0.729896 0.340998 0.592429
0.889543 0.030864 -0.455808
0.833544 -0.545328 0.088442
0.442321 0.859606 0.25579
0.938143 -0.163597 0.305162
0.776659 0.172131 0.605947
-0.934275 -0.335111 0.121783
0.599703 -0.032598 -0.799558
0.316899 -0.071785 0.945739
-0.711403 -0.049301 0.701053
-0.665013 -0.734102 0.137304
0.211922 0.860657 0.462989
-0.805417 -0.127097 0.578921
0.38247 -0.914313 0.133222
-0.336721 0.06874 0.939092
-0.638556 -0.768778 -0.035028
-0.583069 -0.534648 0.611704
0.599169 -0.174872 0.781292
-0.05709 0.157167 0.985921
-0.424461 -0.818131 0.387937
0.801597 -0.178544 0.570583
-0.645788 -0.383901 0.659983
0.444279 0.713731 0.541483
-0.265503 -0.272624 0.924762
0.275159 0.533702 0.799656
-0.722645 0.40996 0.556522
0.730199 -0.682802 0.024305
-0.75897 -0.650641 0.025123
-0.380909 -0.378864 0.843428
0.862319 -0.264104 0.432036
-0.066284 0.795671 0.602091
0.65366 0.597766 -0.464117
0.759149 -0.357212 0.544144
-0.584886 -0.142295 0.798536
-0.701027 0.627814 0.338246
0.659828 0.496595 0.563933
0.874733 0.351722 0.333368
0.962321 -0.228567 0.147293
-0.245415 0.95942 0.138866
0.531049 0.843299 -0.082663
0.342107 -0.234918 0.909822
0.235082 0.261038 0.936267
-0.228744 0.186844 0.955388
-0.863724 0.396043 0.311657
-0.250034 0.784943 0.566875
0.073995 -0.348503 0.934382
-0.362423 0.899588 0.243701
-0.770649 -0.527221 0.357964
0.685597 -0.517997 0.511503
-0.041131 0.934262 0.354206
-0.145028 -0.579545 0.801932
-0.465467 0.8143 0.34678
-0.946617 -0.106094 0.304402
0.153845 -0.040762 0.987254
-0.413019 0.758165 0.50458
-0.864406 -0.440276 0.242815
0.64947 0.254235 0.716626
0.841561 0.256926 0.475147
0.201082 -0.904502 0.376088
-0.189972 0.937978 0.290015
0.158877 -0.831599 0.532167
-0.648452 0.567781 0.507085
-0.265698 0.579902 0.770142
-0.998499 -0.054343 -0.006883
-0.697352 0.135242 0.703854
-0.463126 -0.054328 0.884626
0.166394 0.971123 0.170975
0.31637 -0.504505 0.803358
0.439942 -0.712019 0.547247
0.944439 0.274463 0.180846
0.212108 -0.628599 0.748247
0.81206 -0.578307 -0.078225
0.550848 -0.327372 0.76772
0.120427 0.78505 0.607614
0.629242 -0.766648 0.12769
-0.097303 0.319738 0.942497
-0.285759 -0.834745 0.470682
0.543566 -0.582894 0.603962
-0.381577 -0.92323 0.045229
0.335446 0.932998 0.130349
-0.077365 0.591881 0.802304
0.365819 0.632491 0.682738
-0.971181 0.171592 0.165418
0.002332 0.45334 0.891335
0.713866 0.563556 0.415691
0.278602 0.094751 0.955721
-0.97528 -0.167159 0.144526
0.225657 -0.950943 0.211628
-0.878863 -0.434628 -0.196718
-0.924148 0.339722 0.174756
-0.011282 -0.819046 0.573617
-0.360856 -0.735827 0.573011
-0.946712 0.063631 0.315733
-0.504946 -0.673542 0.539788
-0.305413 0.860915 0.406877
0.680071 0.669816 -0.298077
-0.407697 0.266694 0.873303
0.246744 -0.968206 0.041165
-0.272306 -0.906731 0.322007
0.806088 -0.433471 0.402896
0.689352 0.0843261 0.719501
-0.388283 0.920059 0.052224
0.739022 -0.643783 0.198466
-0.408156 -0.886907 0.216344
0.359613 -0.880914 0.307684
-0.430294 -0.220052 0.875457
0.057855 0.997761 0.033563
0.412075 -0.359787 0.837106
-0.557506 -0.728027 0.398955
-0.600189 0.755946 0.261378
0.183739 -0.209562 0.960377
0.926462 0.183375 0.328696
0.381935 -0.620649 0.684778
0.895108 -0.442448 -0.054968
-0.723909 -0.45387 0.519574
0.887293 -0.086239 0.453072
0.036987 -0.904992 0.423817
-0.918633 -0.275622 0.283101
0.469507 -0.146121 0.870754
0.240344 -0.373679 0.895879
0.32537 -0.819981 0.47092
0.440055 0.036623 0.897224
-0.58886 0.482067 0.648733
-0.774895 0.23002 0.588752
-0.167613 0.697754 0.696452
0.899564 -0.33554 0.279638
-0.548615 -0.798695 0.247201
-0.012322 0.979475 0.20119
0.14034 -0.501758 0.853547
0.880203 0.089311 0.466119
-0.011184 -0.0119 0.999867
-0.033936 -0.473459 0.880162
0.288411 0.759826 0.582652
-0.501694 0.850391 0.158552
