172
-0.213083 -0.731961 0.64717
0.881776 -0.35515 0.310387
-0.746593 -0.454301 0.486014
0.243022 -0.956268 0.162764
0.586599 0.405673 0.70095
-0.6617 -0.359727 0.657837
0.867273 0.496837 0.031477
0.958829 -0.196554 0.204974
-0.349427 -0.786342 0.509477
0.137792 0.883805 0.447104
0.013206 -0.902225 0.431064
-0.065286 -0.650634 0.75658
0.922498 0.187732 0.337275
0.822013 -0.531571 0.20427
-0.825562 -0.057977 0.561325
0.949058 0.315028 -0.006794
0.957951 -0.003668 0.286907
0.39514 -0.878986 0.266923
-0.121545 -0.987086 0.104348
-0.470818 -0.472074 0.745303
0.746372 0.535332 0.395409
0.69015 -0.661642 0.293127
0.221812 0.162737 0.961414
0.583994 0.673691 0.45287
0.750533 0.368233 0.548731
-0.789311 -0.539524 0.293091
-0.556233 0.107648 0.824025
0.624087 -0.614666 0.48239
0.406363 0.893022 0.193342
0.152675 0.942763 -0.296459
-0.992988 0.062037 0.100632
0.90104 -0.170572 0.398788
-0.499963 0.314642 0.806869
0.412545 0.740813 0.530098
0.635364 0.770549 -0.050668
0.018613 0.528405 0.848789
-0.595733 -0.52968 0.603773
-0.18585 0.775189 0.603772
-0.907778 0.057601 0.415476
-0.864229 -0.35716 0.354323
-0.080164 0.380659 0.921234
0.851509 0.367799 0.373707
-0.663226 -0.623029 0.414689
0.116713 -0.006301 0.993146
-0.38872 0.187323 0.902112
0.341743 -0.822045 0.455471
-0.534845 -0.295061 0.791757
-0.965317 -0.047 0.256814
-0.780422 -0.616058 0.106838
0.225521 0.942721 0.245801
-0.103881 -0.486573 0.867442
-0.224568 -0.136008 0.96492
0.508008 0.273658 0.816724
0.36379 -0.227299 0.903323
-0.090307 0.665648 0.740781
-0.273433 -0.960829 -0.045187
-0.170429 -0.315559 0.933475
-0.560677 0.698485 0.444701
-0.658873 0.541609 0.522059
0.224703 -0.390367 0.892817
-0.256778 -0.570465 0.780151
0.029683 0.783795 0.62031
-0.743663 -0.66331 -0.083573
0.490897 -0.056777 0.869366
0.578681 -0.796058 0.177258
0.831013 0.199542 0.51923
0.411624 0.46424 0.784249
0.411908 0.127301 0.90229
0.805077 -0.127729 0.579256
-0.575351 -0.104822 0.811162
0.663368 -0.087166 0.743199
-0.197035 0.523416 0.828983
0.820962 0.527625 0.218251
0.040451 -0.969254 0.242716
0.916755 0.352673 0.187567
0.04046 0.956568 0.288686
0.11583 -0.984057 -0.134967
0.82634 -0.525055 -0.203664
0.56591 -0.408617 0.716085
0.687715 0.234879 0.686935
0.034589 -0.355799 0.933922
-0.946274 -0.245397 0.210585
0.805566 -0.320929 0.498065
-0.393565 -0.634896 0.664841
-0.843413 0.537266 -3.7e-05
0.505765 0.79687 0.330454
-0.702313 0.027715 0.711329
-0.022724 -0.170012 0.98518
0.200712 -0.913415 0.354101
-0.59989 0.76462 0.235561
-0.924042 0.371248 0.091224
-0.175067 0.202107 -0.963589
-0.731556 0.671997 0.11509
0.697892 -0.268217 0.664084
-0.147657 0.935865 0.319929
0.162231 -0.822308 0.545427
0.882476 0.019961 0.469934
0.760762 0.056481 0.646569
0.540106 -0.236469 0.807693
0.122485 -0.692121 0.711313
0.32633 0.857669 0.397382
-0.283465 0.958486 0.030869
0.227597 0.777546 0.586193
0.529206 -0.766185 0.364557
-0.405935 0.489442 0.771792
-0.606456 0.794861 0.020178
-0.706908 0.625981 0.329285
0.995026 -0.027087 0.095862
0.586144 0.798081 0.139647
-0.953462 0.175522 0.245158
-0.059121 0.875757 0.479118
0.975136 0.165839 0.146992
-0.663812 0.23448 0.710192
0.321461 0.320686 0.890968
-0.661641 -0.711656 0.236173
-0.894885 0.35164 0.274827
-0.326168 -0.403665 0.854792
0.402982 -0.409344 0.818562
0.025474 0.195396 0.980394
-0.174985 0.220686 0.95952
0.119912 0.660562 0.741134
0.124577 0.356037 0.926131
-0.886829 -0.43381 0.159193
0.467808 -0.69822 0.541889
0.675983 -0.461469 0.574538
-0.338719 -0.879717 0.333717
-0.313752 -0.937929 0.147816
-0.707913 -0.172211 0.684984
0.222404 0.502901 0.835241
-0.264448 0.050842 0.963059
-0.975937 0.218051 -0.000923
-0.802188 -0.26712 0.533987
-0.512467 -0.681321 0.522665
-0.025351 -0.793747 0.60772
0.729194 -0.677868 0.093651
0.679285 0.681451 0.272391
-0.426735 -0.030791 0.903852
-0.90175 -0.159067 0.401926
-0.495816 0.599717 0.628097
-0.86459 0.250352 0.43567
-0.275603 0.854398 0.440508
-0.79188 0.456751 0.405344
-0.391029 0.741554 0.545155
-0.386728 -0.223839 0.894616
0.309927 0.637944 0.704963
-0.297448 0.363457 0.88285
0.466988 -0.875075 -0.127148
-0.074922 0.024009 0.9969
-0.799531 0.142686 0.58343
0.306159 -0.037413 0.951245
0.081811 0.9924 0.091915
0.484414 0.59288 0.643301
-0.918015 0.37972 -0.114288
-0.172635 -0.860467 0.479368
-0.593876 0.431002 0.679374
0.642414 0.52468 0.558583
0.5991 0.09489 0.795031
-0.300657 0.644462 0.703046
0.744716 -0.349612 -0.56848
0.302254 -0.706696 0.639705
-0.496616 -0.848725 0.181765
-0.990243 -0.128825 0.053122
-0.313473 0.921985 0.22733
-0.513864 -0.779698 0.357792
-0.438154 0.895871 -0.073732
0.28487 -0.563102 0.775736
-0.078076 0.995521 -0.053318
-0.447258 0.825565 0.344097
0.093357 -0.53622 0.8389
0.770784 -0.4992 0.395842
-0.46099 -0.887401 -0.002814
0.471918 -0.566303 0.675718
