-0.427827 0.710014 0.559325
-0.261058 -0.930191 -0.258056
0.303051 -0.945133 -0.122003
0.578618 0.6 0.552449
-0.67988 -0.522758 0.514284
-0.92472 0.345651 -0.159432
0.292051 0.095483 0.951624
-0.346848 0.82725 0.441988
-0.439591 -0.798951 0.410411
-0.897704 0.273827 0.345177
0.345744 -0.229611 0.909802
0.70046 0.689018 -0.186037
0.7987 0.590515 0.115632
0.869971 -0.16211 0.465693
-0.452737 -0.891232 0.027102
-0.223066 0.521471 0.823596
-0.132866 -0.902489 0.409708
-0.643669 0.669543 -0.370677
-0.110391 0.389741 0.914284
-0.281073 -0.819178 0.499945
0.201851 -0.906683 0.37038
0.698379 0.250078 0.670618
0.14665 0.980411 0.131483
-0.704272 -0.613961 0.356444
0.049047 -0.099368 0.993841
-0.164822 0.219904 0.961497
0.536656 0.79164 0.292073
-0.773293 0.586554 0.240774
-0.843033 0.444603 0.302693
-0.648629 0.691825 0.317268
0.231296 -0.080772 0.969525
-0.404362 0.473023 0.782778
0.510451 -0.715348 0.477197
0.068397 0.956191 0.28464
0.679517 -0.131757 0.721732
-0.750046 0.658776 -0.058697
-0.366649 -0.58676 0.721998
-0.314856 -0.139291 0.938863
0.973923 -0.171888 0.148086
-0.063806 0.785712 0.615293
-0.724413 0.547807 0.41849
0.740544 -0.517985 0.428119
-0.659239 0.483265 0.576072
0.359244 -0.739861 0.568814
0.366147 -0.833925 0.412922
0.780106 0.330481 0.531241
-0.931942 -0.352215 -0.086192
0.197112 0.254295 0.946827
0.807802 0.136795 0.573361
-0.401101 0.015028 0.91591
0.209265 -0.816979 0.537358
0.621743 -0.305197 0.721311
-0.197315 -0.574694 0.794225
0.948474 -0.080542 0.306447
-0.57072 0.403994 0.71489
0.457589 -0.612459 0.644597
-0.463926 0.305454 0.831547
0.144278 0.560752 0.815317
-0.911138 0.261359 -0.318619
-0.124166 0.976392 0.17675
-0.467329 0.882031 0.060198
0.243421 0.41506 0.876625
-0.510768 0.126575 0.85035
-0.453636 -0.862048 0.226028
0.015109 0.240011 0.970653
0.54669 -0.466375 0.695431
-0.056607 0.061466 0.996503
-0.623478 0.229562 0.74738
-0.63505 0.038867 0.771493
0.892785 0.025159 0.44978
-0.254223 0.753483 0.606328
-0.175499 0.984415 -0.011275
0.996623 -0.072789 -0.038002
0.159796 -0.250261 0.9549
-0.251711 -0.712262 0.655228
0.266704 -0.667746 0.694971
0.762097 -0.242228 0.600445
0.52089 -0.196187 0.830773
0.67815 0.705301 0.206551
0.040971 -0.881791 0.469857
0.575697 -0.796128 -0.186422
0.51566 -0.799908 0.306988
0.649504 0.429384 0.627514
-0.117152 -0.428759 0.895791
-0.916045 0.362206 0.172244
0.366377 -0.520225 0.771449
-0.85573 0.020407 0.517021
0.40787 0.66498 0.625655
0.610663 -0.574684 0.54482
-0.83419 -0.175138 0.522927
-0.880962 -0.282034 0.379951
-0.637044 -0.132247 0.759398
-0.288891 0.361892 0.886327
-0.926481 0.095445 0.364038
0.068411 0.407044 0.910843
-0.304534 -0.437938 0.845854
-0.030173 -0.270473 0.962255
-0.416383 -0.704912 0.574216
-0.560051 -0.29182 0.77536
0.342146 -0.937314 0.066174
-0.505686 0.772198 0.384696
-0.720513 0.311832 0.619373
-0.038821 0.547348 0.836004
0.501435 0.518402 0.692692
0.709088 -0.695553 -0.11576
0.124384 0.798678 0.588763
-0.498952 0.856714 -0.130723
-0.146386 0.664235 0.733051
0.100814 -0.664655 0.740318
-0.13414 -0.119212 0.983766
0.481503 0.738714 0.471653
-0.585403 0.641647 0.495573
-0.81555 -0.535174 0.22015
-0.89994 -0.376367 0.220128
0.923332 0.28193 0.260718
-0.838047 0.203832 0.506092
0.846004 -0.442205 0.297879
0.041816 0.685066 0.727279
-0.716107 -0.250436 0.651516
0.61449 -0.788882 0.008162
-0.750278 0.126496 0.648908
-0.42653 0.869232 0.250017
-0.404698 -0.28518 0.868845
-0.029691 0.952189 -0.304065
0.226012 0.691391 0.686219
0.018847 -0.991577 0.128141
0.019867 0.882033 0.470769
-0.219041 -0.288766 0.932006
0.991623 0.003809 0.129112
-0.010154 -0.554912 0.831847
-0.976541 -0.004861 0.215278
-0.806108 -0.45455 0.378911
0.119237 0.079454 0.989682
-0.910418 0.413637 0.006569
0.762878 0.569425 0.306223
-0.310727 -0.939859 0.14182
-0.794839 0.382792 0.470852
0.879943 0.213875 0.424215
0.756537 -0.603775 0.251212
0.817954 -0.347737 0.458291
0.409162 0.416196 0.812014
-0.497855 -0.11553 0.859531
0.153755 0.986485 -0.056629
0.563306 0.819999 0.101429
0.644377 -0.741101 0.188539
0.835756 0.401363 0.374726
-0.230961 0.040048 0.972138
0.078514 -0.409707 0.908832
-0.300303 -0.89613 0.326756
0.456153 0.108668 0.883242
0.573728 -0.021604 0.818761
-0.34072 0.191908 0.92037
0.380961 0.263335 0.886297
-0.569323 -0.671357 0.474501
-0.082321 -0.693285 0.715946
0.357871 -0.900697 0.246319
0.19162 -0.961994 0.194549
-0.954001 -0.18984 0.23204
-0.920108 -0.091445 0.380839
0.45097 -0.362745 0.815501
-0.96907 0.24604 0.019158
-0.956819 -0.280889 0.074821
0.832998 -0.547087 -0.082518
0.192904 0.885867 0.421934
-0.504865 0.566885 0.650963
-0.992926 -0.103997 0.057295
0.886451 0.460971 -0.041362
-0.631258 -0.415331 0.654991
0.552893 0.336961 0.76208
-0.264921 0.915119 0.303931
-0.004798 0.998378 0.05673
-0.759989 -0.057895 0.647352
-0.111304 -0.812898 0.571672
0.952811 0.10149 0.286096
-0.173395 0.858133 0.483262
0.407747 -0.063459 0.910887
-0.092237 0.935063 0.342272
0.420477 0.888853 0.182041
-0.581409 -0.75418 0.305247
-0.531022 -0.568261 0.628566
-0.772659 -0.35858 0.52385
0.321651 0.563207 0.761143
0.271815 -0.387677 0.880808
0.377057 0.848414 0.371513
0.704755 0.057906 0.707084
-0.469722 -0.445229 0.762321
0.304323 0.788038 0.535148
-0.794062 -0.605134 0.057254
-0.144768 -0.960687 0.236904
0.064713 -0.780495 0.621804
-0.865656 -0.458605 -0.2008
0.189398 -0.53438 0.823751
0.977809 0.179348 0.108273
0.687875 0.725565 0.019608
-0.964014 0.18018 0.195481
0.718602 0.507669 0.475272
0.584167 0.804281 -0.109005
0.695686 -0.415846 0.585742
0.634677 0.667146 0.390002
-0.333215 0.623834 0.706964
0.800777 -0.05416 0.596509
0.585063 0.171469 0.792654
0.845544 -0.519909 0.121448
0.30635 0.95041 0.05357
