0.058003 0.614348 0.7869
-0.697427 0.532634 0.479476
0.107375 -0.033895 0.993641
0.39646 -0.753922 0.523851
0.023646 -0.995072 0.096292
-0.864383 0.499499 -0.057822
-0.156899 -0.987424 0.019385
0.394408 -0.842059 0.367939
-0.714179 -0.566254 0.411468
-0.429105 -0.224405 0.874935
-0.842048 0.340288 -0.41852
0.1718 -0.501039 0.848201
0.728907 0.521584 0.443446
0.201605 0.916518 0.345472
0.124052 -0.659628 0.741284
-0.883679 0.391263 0.256954
0.706339 -0.118023 0.697966
0.198462 0.96719 0.158605
-0.87871 0.057885 0.473834
-0.245915 -0.164988 0.955146
0.420125 0.635066 0.648218
-0.819155 -0.112652 0.562401
-0.350936 0.146072 0.924936
0.379034 -0.902844 0.202991
0.791156 -0.229204 0.567043
-0.171218 -0.608353 0.774978
0.358262 0.900222 0.247486
-0.404093 -0.812553 0.420079
0.961701 0.123584 0.244661
-0.125996 0.965151 0.229366
0.304949 0.202377 0.930618
-0.02362 0.820426 0.571265
0.472509 0.728251 0.496372
0.828065 0.151357 0.539815
-0.071963 -0.097021 0.992677
-0.813229 0.222858 0.53758
-0.077856 0.706767 0.703149
-0.950239 0.061997 0.305292
0.957188 -0.056836 0.283833
0.115689 0.739234 0.663437
-0.599491 -0.788142 0.139436
0.766982 -0.51627 0.381056
0.254201 -0.15012 0.95543
0.184982 0.50158 0.845103
0.934002 -0.340116 0.10937
0.840512 0.426186 0.334522
-0.222337 -0.74526 0.628612
0.432801 -0.071461 0.898653
0.83892 -0.52895 -0.128164
-0.96666 -0.106435 0.232896
-0.310027 0.940045 0.142123
0.974284 0.20883 0.08462
0.635445 -0.770982 -0.04237
-0.338541 0.824524 0.453376
0.976845 -0.161032 0.140866
0.725821 0.065994 0.68471
-0.990877 0.060279 0.120533
0.034701 -0.396284 0.917472
0.299993 -0.591094 0.74874
-0.63314 -0.773058 -0.038918
0.782123 -0.592233 0.193762
-0.105954 -0.282136 0.953506
0.225178 -0.920103 0.320476
0.274046 -0.718922 0.638788
0.923578 -0.256399 0.285068
-0.958538 -0.261595 0.113019
0.856624 0.491731 0.156189
0.763847 -0.64536 0.006968
-0.736054 -0.42465 0.527159
0.350854 -0.935893 0.031706
-0.482887 0.870894 0.091453
0.922651 0.320741 0.214105
0.210163 -0.325232 0.921985
0.286193 0.026882 0.957795
0.756076 0.593501 0.275872
0.641538 0.735488 0.217916
0.009591 0.453634 0.891137
0.665681 -0.298349 0.684
-0.498667 0.071503 0.863839
-0.021656 0.27496 0.961212
-0.291792 0.500202 0.815264
0.237558 -0.840537 0.486892
0.641545 -0.581609 0.500152
-0.46553 -0.3868 0.796032
-0.188743 0.213778 0.958475
-0.247749 -0.838493 0.485334
0.451665 -0.515277 0.728346
-0.698383 -0.100142 0.708684
0.341305 -0.419581 0.841108
0.525791 0.492456 0.693564
-0.042135 0.089442 0.9951
-0.55306 -0.095616 0.827636
-0.864507 0.436117 -0.249859
0.99393 0.096985 -0.051937
0.587458 0.592712 0.550986
-0.275679 -0.909666 0.310658
0.045814 0.966045 0.254279
-0.55199 0.643078 0.530809
-0.924592 0.373259 0.076211
0.10149 -0.7897 0.60504
0.725511 -0.664833 -0.177852
-0.002999 -0.562097 0.827066
-0.433801 0.859377 0.270717
0.59084 -0.008607 0.806743
0.005675 0.996501 0.083383
0.47851 0.877217 -0.03896
-0.731163 -0.266159 0.62814
0.822383 -0.039703 0.567547
-0.54098 -0.78087 0.312381
-0.150194 0.885505 0.439684
0.515504 -0.353548 0.78055
-0.897084 0.229341 0.377681
-0.503851 0.76178 0.407216
0.250407 0.632459 0.733002
-0.681116 -0.678085 0.276192
0.500242 0.80222 0.325884
0.734324 -0.412095 0.539394
0.202505 -0.968354 0.145882
-0.257386 0.653176 0.712119
-0.209791 0.782398 0.586379
-0.837826 -0.276599 0.470681
0.145249 0.328087 0.933414
0.159884 0.84379 0.512303
-0.509324 0.239685 0.826523
0.889127 -0.147993 0.433072
-0.429245 -0.876322 0.21865
-0.428433 0.579602 0.693186
-0.84479 -0.534107 0.032565
-0.641062 0.072069 0.764098
-0.584219 0.504 0.636138
-0.104709 -0.917654 0.383337
0.602853 -0.47146 0.643656
-0.602687 -0.561901 0.5666
0.459783 0.29825 0.836449
-0.380119 -0.052015 0.923474
-0.334304 -0.633279 0.697996
0.978987 -0.202483 -0.024206
-0.3902 0.713693 0.581709
-0.893319 -0.41566 0.170901
-0.829348 -0.428717 0.358308
0.674724 -0.665506 0.319138
0.48519 -0.631064 0.605267
-0.735748 -0.671381 0.089004
0.503179 0.852004 0.144569
-0.288529 -0.334014 0.897321
-0.266394 0.911405 0.313648
0.377682 0.49825 0.780451
0.995509 0.004461 0.094563
-0.615501 -0.410942 0.672521
0.544929 -0.71944 0.430648
-0.720305 0.378823 0.581079
0.341869 0.836095 0.429035
0.601067 0.167706 0.781405
0.588586 -0.776562 -0.224763
-0.5997 0.346411 0.721359
0.951854 -0.227401 -0.20558
-0.800023 -0.556018 0.225404
0.680168 0.430701 0.593185
-0.480283 -0.542513 0.689208
0.132467 0.148367 0.98002
0.625944 0.674979 0.390637
-0.654261 0.665501 0.359236
0.07105 -0.215608 0.973892
0.308629 0.372309 0.875291
0.048946 -0.960866 0.272655
0.070088 -0.893911 0.442731
0.72232 0.249228 0.645088
-0.698141 0.212247 0.683776
-0.594442 -0.255914 0.76233
-0.815912 0.390362 0.426503
-0.215221 0.024063 0.976269
-0.343705 -0.937088 -0.0611
0.169808 -0.984795 -0.036664
-0.319245 -0.490491 0.810865
0.801779 0.338078 0.492802
0.759294 0.643555 0.096485
0.295412 0.751655 0.589701
-0.422381 -0.707536 0.566558
-0.299998 -0.946483 0.119041
-0.165601 0.393306 0.904371
-0.78291 0.539596 0.309658
0.016552 0.910625 0.412901
0.665374 -0.733212 0.140278
0.394069 -0.248674 0.8848
-0.071119 -0.83206 0.550108
-0.924899 -0.379322 -0.02603
0.896055 0.234858 0.376732
0.541468 -0.79885 0.262014
-0.047489 -0.715216 0.697288
0.561666 -0.183692 0.806715
-0.565774 -0.686266 0.457099
-0.130061 -0.970011 0.205338
0.519927 -0.849751 0.087173
0.906853 0.047996 0.418705
0.590096 0.340101 0.732201
-0.120712 0.563126 0.817507
0.455606 0.110723 0.883269
-0.913948 -0.274247 0.299145
-0.776808 0.053212 0.627485
-0.144398 -0.451372 0.880575
-0.90832 -0.11107 0.40326
-0.338397 0.322099 0.88416
-0.453108 0.423954 0.784192
