207
-0.275078 -0.574528 0.770876
-0.55406 0.158681 0.817214
0.503497 0.541622 0.673154
0.268424 -0.939077 0.21467
0.320712 0.159979 0.933569
0.613114 0.685531 0.392605
0.511542 -0.388426 0.766453
0.205611 -0.585071 0.784485
0.435978 -0.86505 0.248216
0.030408 0.200163 0.979291
-0.250418 0.805674 0.536824
0.483551 0.217336 0.847906
0.979144 0.136006 0.150926
0.511129 -0.540132 0.668584
-0.952838 0.302164 -0.028233
-0.016101 0.781079 -0.624225
0.986441 -0.151357 -0.063451
-0.037787 -0.200626 0.978939
-0.392381 -0.287664 0.873663
0.790305 -0.609521 -0.062469
0.032879 0.919351 0.392063
-0.309529 0.913417 0.264314
0.216569 0.750867 0.623937
-0.690248 0.168469 0.703687
0.977398 -0.160881 0.137149
-0.89273 0.174369 0.415486
-0.364693 0.926217 0.095507
-0.396808 0.914636 -0.077358
-0.811957 -0.317089 0.490081
-0.349392 -0.124929 0.928611
-0.534668 -0.83506 0.129634
-0.107387 -0.544153 0.832085
0.163414 0.947615 0.274448
0.255042 -0.231109 0.938905
0.186501 -0.726653 0.661206
0.986376 -0.003434 -0.164473
-0.581145 -0.59001 0.560498
-0.246786 -0.96866 0.028191
-0.698082 -0.316131 0.642451
-0.295007 0.042526 0.954548
-0.811761 0.338905 0.475592
0.858962 0.285707 0.424919
-0.707617 0.33597 0.621613
0.644527 -0.536647 0.544606
0.60575 0.090227 0.790522
-0.100342 0.755093 0.647894
0.436937 0.581048 -0.686636
0.038681 0.385286 0.921986
0.228895 -0.418264 0.879012
-0.565249 0.619686 0.544502
-0.669145 0.629119 0.395543
0.165245 0.07942 0.98305
-0.156036 -0.811023 0.563822
0.137955 -0.927677 0.346963
-0.62111 0.663797 -0.416647
-0.25313 -0.422314 0.870389
0.606482 0.76242 0.225601
-0.413654 0.72144 0.555351
0.589661 -0.764277 0.261113
0.696696 -0.073574 0.713584
0.999088 -0.005194 0.042383
-0.123688 -0.689596 0.713553
-0.130708 0.118558 0.984307
0.127569 -0.118592 0.984714
-0.92673 -0.274827 -0.256205
-0.581547 0.479389 0.657259
0.021111 -0.973869 -0.226127
-0.703452 0.489684 0.515136
0.814225 -0.054892 0.577949
0.559772 -0.077829 0.824983
0.801503 0.59457 -0.063869
0.858438 -0.354904 0.370307
0.459442 0.866114 0.196873
0.493437 0.685825 0.534944
0.42596 -0.16104 0.890294
0.929248 0.123398 0.348241
0.551692 -0.829007 0.091564
0.203099 0.45433 0.867373
0.062691 0.819745 0.569287
0.755466 -0.517942 0.401257
0.764231 -0.378817 0.521966
0.228049 -0.973159 0.030902
-0.753236 0.00201 0.657747
-0.365197 0.501544 -0.784274
-0.512856 -0.135034 0.847788
-0.124463 0.302664 0.944936
-0.306918 0.869709 -0.386533
0.895841 0.443425 -0.029051
-0.030378 -0.957056 0.288307
-0.577042 -0.451079 0.680845
-0.523819 0.747462 0.408552
-0.8602 0.005652 0.509925
-0.054949 0.997971 0.032163
-0.803815 0.173133 0.569128
-0.280115 0.54521 0.790115
0.642733 0.41136 0.646279
-0.891755 -0.316663 0.323262
0.059336 0.696248 0.715345
-0.748522 0.620865 0.232897
0.116072 0.988278 0.09917
0.38822 -0.325416 0.8622
0.477111 0.796864 0.370638
0.803763 -0.58498 0.108458
-0.554116 -0.299066 0.776862
0.326576 0.885637 0.330145
0.733425 0.550075 0.399381
0.049572 0.551286 0.832842
0.002972 -0.882819 0.469703
-0.111565 0.625308 0.772362
0.169712 -0.839814 0.515665
-0.118323 0.474239 0.872409
0.988014 0.142076 -0.06035
-0.954247 0.169552 0.246302
-0.079517 -0.380382 0.921405
0.899009 0.410673 0.152086
-0.619194 -0.002251 0.785235
0.687977 -0.718984 0.0987469
0.850263 0.117639 0.513043
-0.577449 0.325178 0.748873
0.436363 0.705444 -0.558512
0.49555 -0.671834 0.550517
-0.315252 -0.891634 0.324969
-0.941955 -0.303692 0.143151
0.213831 0.612404 0.761077
-0.619537 0.744903 0.247575
0.935004 -0.324565 -0.142914
0.736197 -0.229189 0.636778
-0.627305 -0.73182 0.266323
-0.071006 -0.993233 0.091903
0.360995 0.505798 0.783486
0.757607 0.60723 -0.239381
-0.706705 -0.463333 0.534688
0.504455 0.384735 0.772984
0.295423 -0.042787 0.954408
0.759846 0.41295 0.502102
-0.526043 0.846446 0.082515
-0.281779 0.387275 0.877849
0.839345 0.444555 0.312842
0.062211 -0.492093 0.868317
-0.184397 0.970916 0.152706
0.958892 0.27994 0.046466
0.575748 0.816161 0.048951
0.887631 -0.460251 0.01672
0.296047 0.943356 0.149782
-0.473223 0.843646 0.253617
-0.890521 -0.158094 0.426589
0.352465 -0.648131 0.675052
-0.363891 -0.657227 -0.660027
0 -0 -1
0.444968 0.040586 0.894626
0.740349 0.098153 0.665019
-0.859599 0.479906 0.175441
-0.93865 0.006684 0.344805
-0.216247 -0.256216 0.94212
0.847139 -0.211227 0.487585
0.668183 0.16157 -0.726242
0.667999 -0.740261 -0.076103
0.04125 -0.64822 0.760335
-0.538679 -0.726653 0.42638
0.722797 -0.637284 0.267272
0.929192 -0.192861 0.315289
-0.160615 -0.899595 0.406118
-0.284229 -0.709672 0.644654
-0.373203 -0.91495 0.153577
0.196092 0.867985 0.456234
-0.681729 -0.6082 0.406617
-0.887671 0.336965 0.313837
0.335718 -0.770768 0.541488
-0.096011 0.862437 0.496975
-0.79875 -0.470004 0.375627
-0.288097 0.211421 0.933971
0.920753 -0.338786 0.193487
0.422112 0.440876 -0.792117
-0.794345 -0.160455 0.585893
0.969658 -0.019533 0.243684
0.626003 0.560151 0.542542
-0.194855 -0.957688 0.211816
-0.862336 -0.462916 0.205145
-0.471187 0.782078 -0.407843
0.187975 0.279099 0.941684
0.349934 0.340384 0.872746
-0.270698 0.684952 0.676434
0.736972 0.628651 0.248334
-0.166562 -0.079497 0.982821
-0.422088 -0.906351 -0.01921
-0.43001 0.266787 0.862506
-0.358501 0.838105 0.411166
0.64746 -0.389422 0.655093
0.955009 0.15596 -0.252257
0.161782 -0.922608 -0.350173
-0.329786 -0.81397 0.47822
-0.470937 -0.827547 0.305589
0.711063 0.698758 0.078266
0.092881 -0.316452 0.944051
-0.437218 0.438838 0.785023
-0.432659 0.589225 0.682364
0.634277 0.254063 0.730167
0.098361 -0.981953 0.161535
0.822142 0.557116 0.117064
0.906015 -0.04404 0.420948
-0.796197 0.489789 0.355213
0.841807 -0.483895 0.23918
-0.452535 0.042786 0.89072
0.761542 0.261065 0.593211
0.59279 -0.237402 0.769572
0.349803 0.789116 0.50491
-0.679786 -0.727113 0.095901
