0.515437 0.353342 0.780688
-0.370561 -0.843833 0.388111
-0.777372 0.518492 0.356172
0.445917 -0.124724 0.886342
0.855715 -0.209939 0.472946
0.39701 0.9166 -0.047187
-0.090134 0.083704 0.992406
-0.356326 -0.353201 0.865032
-0.494288 0.788185 0.366665
0.122673 -0.1846 0.975128
-0.438227 0.879026 0.187804
-0.703032 -0.615909 0.355529
-0.19035 0.929621 -0.315551
-0.555282 -0.829632 0.058069
0.745053 -0.195836 0.637608
-0.476122 -0.587209 0.654594
0.364428 0.808327 0.462385
-0.023588 -0.312358 0.949672
0.010446 -0.643405 0.765454
0.75618 -0.642866 0.122126
0.920682 -0.031588 0.389034
0.934296 -0.194791 0.298574
0.300173 0.929232 -0.215461
-0.928281 -0.321771 0.186434
0.630948 -0.507084 0.587171
-0.775104 -0.131128 0.618077
-0.015933 0.548605 0.83593
0.604473 0.569871 0.55665
-0.11644 -0.974817 0.190195
-0.194591 -0.245948 0.949549
-0.455811 0.209782 0.865002
-0.055132 -0.11723 0.991573
0.659844 0.743775 0.106791
0.543519 -0.780367 0.309215
0.098283 -0.875085 0.473884
0.643671 0.403353 0.65038
-0.980528 -0.161283 -0.112039
-0.946238 -0.323038 -0.016731
-0.870293 -0.313519 0.379863
-0.264919 -0.914819 -0.304834
0.532728 0.72017 0.444473
-0.051353 0.686966 0.724873
0.601892 -0.652377 0.460576
0.136333 0.654125 0.743999
-0.356527 -0.171221 0.918462
0.798793 0.600867 0.029804
-0.127546 0.278166 0.952027
0.271644 0.740818 0.614327
0.229907 0.135077 0.963793
-0.329839 0.882306 0.33577
0.336127 0.932235 0.134003
0.657406 0.21477 0.722282
-0.130697 0.938954 0.318251
0.053724 0.205518 0.977178
0.172339 0.501072 0.848072
0.75625 -0.364659 0.54324
-0.471506 -0.851651 0.228853
0.977496 -0.179223 0.111264
0.34774 -0.577732 0.738446
-0.799711 0.597749 0.056195
0.830561 -0.04463 0.555137
0.87183 0.137402 0.470142
-0.945959 0.168273 0.277211
-0.643084 -0.461073 0.611437
0.08827 0.009855 0.996048
-0.596173 0.775001 0.209645
-0.185397 -0.426602 0.885234
0.851303 -0.368623 0.373363
0.222739 0.974295 -0.033722
0.019837 0.389291 0.920901
0.37374 -0.871462 0.317603
-0.42841 -0.724677 0.53973
-0.660389 0.385162 0.644622
-0.509555 -0.431389 0.744485
0.478344 -0.304248 0.823784
-0.165329 -0.590668 0.789796
0.265886 -0.063126 0.961935
0.155415 -0.36461 0.918099
-0.619338 0.77284 -0.13834
-0.083705 0.803889 0.58886
-0.320266 0.333703 0.886607
0.316035 0.596864 0.737479
0.941567 -0.336784 0.005333
-0.721742 0.055306 0.689949
0.312954 -0.72909 0.608677
-0.652211 -0.112858 0.749589
-0.52693 0.663755 0.530824
-0.982387 -0.165638 0.086485
-0.628437 0.231863 0.7425
-0.11333 -0.740158 0.662815
-0.530338 0.847397 0.025681
0.080964 -0.778882 0.621922
0.487685 0.518561 0.702324
-0.186076 -0.865683 -0.464724
0.740262 -0.5197 0.426526
-0.507102 -0.089082 0.85727
0.82406 0.473792 0.310558
-0.875034 -0.467489 -0.125575
0.446923 -0.761489 0.469461
0.633506 -0.343784 0.693169
-0.820219 0.514461 -0.250141
-0.391467 0.633538 0.66737
0.172176 -0.527598 0.831863
-0.780774 0.376835 0.498385
-0.009345 -0.941377 0.337227
-0.376156 0.772926 0.510971
0.923443 0.316226 0.21738
0.603117 0.747699 0.277843
-0.00206 0.891683 0.452655
0.523922 0.177582 0.833049
0.458276 -0.87616 0.149425
0.505361 0.854022 0.123519
-0.676572 0.73513 0.042836
-0.859199 0.480761 0.175057
0.279278 -0.947967 0.152848
-0.879102 -0.4695 0.082158
0.185307 -0.671991 0.717
0.75376 0.470862 -0.458406
0.499026 -0.469439 0.728423
0.606322 -0.175115 0.775699
0.691473 -0.658927 0.29611
-0.601706 -0.612124 0.513083
0.688794 0.612188 0.388315
-0.173669 0.447624 0.877195
-0.628106 -0.741594 0.23563
0.198665 0.327674 0.923668
0.703533 -0.018052 0.710433
0.366998 0.257036 0.894005
0.0963051 0.785859 0.61086
-0.256144 -0.80382 0.536902
0.771483 0.120918 0.624654
0.081377 -0.982415 0.168041
-0.66884 0.533668 0.517543
-0.079392 -0.853612 0.514823
-0.871421 0.354864 0.33867
0.915642 -0.351126 0.195729
-0.517336 -0.265123 0.813679
-0.359156 0.933123 0.016971
-0.050224 0.986505 0.155836
0.870992 -0.487344 0.062201
-0.576674 0.073614 0.813651
-0.873952 -0.14611 0.463529
-0.838758 0.036812 0.543259
0.441098 0.846382 0.298447
-0.340819 -0.520656 0.78279
-0.193284 -0.90831 0.370963
0.538399 0.74551 -0.392862
-0.168192 0.98575 0.002938
-0.765615 0.218112 0.605195
-0.227605 -0.042132 0.972842
-0.777999 -0.309196 0.546915
0.770644 0.294665 0.565049
0.030123 0.999435 -0.014876
-0.241844 0.730034 0.639189
-0.363868 0.491186 0.791414
-0.871144 0.198474 0.449129
-0.94276 -0.146895 -0.299374
0.481887 -0.628626 0.610421
0.6962 0.714546 -0.068764
-0.250625 0.952546 0.172752
0.349371 0.434934 0.829923
-0.640996 0.666836 0.380071
-0.733838 0.642083 0.221835
0.755996 0.618707 0.213711
0.075975 0.9503 0.301923
0.33339 -0.420856 0.843642
-0.211953 0.597836 0.77309
0.74519 0.459014 0.483733
0.269669 -0.836705 0.476659
0.39828 0.059419 0.915337
-0.83787 -0.465192 0.285603
-0.393284 0.038224 0.918622
0.306442 -0.246833 0.91933
-0.926748 0.012766 0.375467
0.862726 0.312214 0.397776
-0.660485 -0.293354 0.69116
-0.779323 -0.599627 0.181945
0.999873 0.000578 0.015918
0.978238 -0.01697 0.206791
-0.265899 0.160706 0.950511
0.570023 0.008475 0.821585
-0.50336 0.370231 0.780742
-0.534713 0.519707 0.666324
-0.211132 0.856994 0.47009
0.151036 0.978688 0.139132
-0.945819 -0.159879 0.282604
0.44118 0.669566 0.597529
0.932429 -0.319289 -0.169208
-0.296722 -0.674932 0.675591
-0.007858 -0.486252 0.873783
0.982775 0.000973 -0.184805
0.98413 -0.158445 -0.079897
