-0.18637 -0.654884 0.732389
0.03585 -0.621385 0.782685
-0.308443 0.351821 0.88379
0.662907 0.093127 0.742888
0.493791 -0.830124 0.258969
-0.503014 -0.280078 0.817639
-0.859233 -0.294409 -0.418381
-0.955228 0.131718 0.264933
-0.429761 0.82278 0.371938
-0.263423 -0.80601 0.530053
-0.748601 -0.653551 0.111658
0.217305 0.820375 0.528927
-0.290361 -0.265741 0.919278
0.629643 -0.516542 0.580288
0.085474 0.232989 0.968716
-0.68503 0.696849 -0.212451
-0.40723 -0.909635 0.082018
-0.029999 -0.999345 0.020236
-0.158306 0.179331 0.970968
0.373084 0.498751 0.78234
0.574918 -0.817896 0.02269
-0.683886 -0.340988 0.645002
-0.358312 -0.876123 0.322523
-0.870238 0.488093 0.066721
-0.629583 -0.561087 0.537408
0.606612 0.751801 0.25849
0.463395 0.103426 0.880095
0.0016 0.785043 0.61944
-0.610736 0.105631 0.784757
-0.396955 0.143783 0.906506
-0.506234 -0.740171 0.442577
-0.037992 -0.792019 0.609314
-0.42067 0.666972 -0.614967
-0.410507 0.898643 0.154678
0.986561 0.128761 0.100584
-0.87516 -0.482942 -0.029359
-0.9547 -0.289549 0.068624
0.160219 0.46186 0.872362
0.575498 -0.69426 0.432209
-0.399861 -0.659725 0.636297
0.315898 0.288291 0.903934
-0.109584 -0.91231 0.394565
0.373899 -0.116634 0.920107
0.567014 0.501032 0.653806
-0.593848 -0.804452 -0.014196
0.606553 -0.765916 -0.213229
0 -0 1
0.186897 -0.982037 -0.025946
0.002416 0.905926 0.423429
0.256845 -0.561779 0.786407
0.610021 -0.310146 0.729167
0.419941 0.813178 0.402979
0.053422 -0.972647 0.226061
-0.508308 -0.479854 0.715097
0.94039 -0.315465 0.12708
-0.22324 -0.923173 -0.312915
0.375086 -0.924218 0.07164
-0.066506 -0.233162 0.970161
0.429535 0.88645 0.172356
-0.23642 -0.968549 -0.077575
-0.759168 0.451944 0.468412
0.118795 -0.883028 0.454036
-0.914702 -0.250165 0.317392
0.883431 -0.11726 0.453652
-0.997162 0.075242 -0.002571
0.218546 0.666766 0.712503
-0.413002 0.535346 0.736773
0.132614 -0.403663 0.905246
-0.796792 -0.413714 0.440412
0.732806 0.46969 0.492328
0.836234 -0.522809 0.165481
0.009197 0.619531 0.784919
-0.20168 0.547914 0.811859
0.956457 -0.276572 -0.093267
-0.236882 -0.043403 0.970568
-0.063581 0.396315 0.91591
-0.923372 -0.329756 -0.196585
-0.526207 0.326639 0.78512
0.531755 0.308639 0.788656
0.363317 -0.330557 0.871053
0.828326 0.09365 0.552364
0.741314 -0.670684 -0.025242
-0.982254 -0.082168 0.168601
-0.211287 0.940648 0.265591
-0.43133 0.700296 0.568806
0.465897 -0.480661 0.742903
-0.197334 -0.963812 0.179235
0.769904 -0.326769 0.548152
-0.221321 0.849831 0.478334
-0.710992 0.282233 0.644076
-0.570351 -0.790848 0.221943
0.568666 -0.113939 0.814639
0.263575 -0.928097 0.262992
-0.709141 -0.621386 0.333164
0.419946 0.680578 0.600383
-0.601376 0.504694 0.61938
-0.817734 -0.187521 0.544193
0.755243 -0.530506 0.38493
-0.616296 0.659177 0.430887
-0.764307 0.589967 0.260335
-0.802981 -0.521903 -0.287816
0.234013 0.060972 0.97032
0.878764 -0.330259 0.344533
0.158833 -0.182665 0.970261
-0.860597 -0.462499 0.213229
-0.093089 -0.452021 0.887137
-0.908877 -0.026957 0.416191
0.966616 -0.107956 0.232376
-0.784195 0.047655 0.618681
0.716403 0.28931 0.634875
-0.609084 -0.651647 -0.452076
-0.879559 0.376286 0.291178
0.194766 -0.744666 0.638388
0.938568 0.098353 0.330782
-0.6655 -0.119554 0.73676
-0.308893 -0.477046 0.822808
0.011507 0.978386 0.206467
-0.748135 -0.652619 -0.119928
-0.218375 0.717066 0.661912
0.352034 -0.817863 0.455162
-0.463449 -0.069563 0.883389
-0.856165 0.216428 0.469192
0.750044 -0.113551 0.651567
