-0.519949 -0.227334 0.823391
-0.688871 0.323458 0.648716
0.323676 0.924269 0.202389
-0.311064 -0.871382 0.379384
-0.775994 -0.504572 0.378472
-0.410795 -0.908352 0.078385
0.963456 -0.037152 0.265278
-0.028864 -0.95202 0.304673
-0.609663 -0.44913 0.653141
-0.03228 -0.570803 0.820452
0 -0 1
-0.023144 0.172001 0.984825
0.662286 -0.654712 0.36432
0.670427 -0.711709 -0.209757
-0.489575 -0.390421 0.779671
-0.225994 0.662537 0.714123
-0.376864 -0.304019 0.874955
-0.597891 0.799026 -0.063906
0.292205 -0.653227 0.698506
-0.979918 0.0569 0.191108
-0.590567 0.252211 0.766564
-0.440593 0.020435 0.897474
-0.706426 -0.469951 0.529252
0.203186 0.945395 -0.254839
-0.772013 -0.624925 0.116033
0.044763 -0.998291 0.037578
0.410824 -0.009279 0.911667
0.428312 -0.676741 0.598808
0.073956 -0.914271 -0.398296
0.539861 0.208524 0.815517
0.000769 -0.992284 -0.123981
0.282343 -0.939137 -0.195715
-0.000522 -0.693954 0.72002
-0.521892 0.566141 0.638054
0.85211 0.203279 0.482271
-0.833087 -0.506558 0.22218
0.674257 -0.551768 0.490846
-0.830729 -0.216132 0.513007
0.321225 -0.946486 -0.031283
-0.462428 -0.813711 0.352187
0.589076 -0.172798 0.789386
0.28379 0.731212 0.620317
-0.968665 -0.098328 0.22808
0.784215 0.499339 0.36833
0.091279 -0.975674 0.199321
0.228794 -0.385502 0.893891
-0.662941 -0.611825 0.431486
0.483841 0.791264 0.373897
-0.122678 0.962625 0.241461
-0.15466 0.845245 -0.511508
0.828383 0.356578 0.432011
-0.322595 -0.598791 0.733063
-0.913207 -0.377835 0.152623
-0.820948 0.433207 0.37199
0.208422 -0.9742 0.086567
0.653153 0.277706 0.704465
-0.016158 -0.881679 0.471573
-0.699263 0.713215 0.048538
0.496686 -0.307896 0.811482
-0.183629 0.845414 0.501553
0.666384 -0.435694 0.605064
-0.15424 0.0599 0.986216
-0.436127 -0.662467 0.609041
0.93533 -0.159987 -0.315533
-0.163918 -0.972516 -0.165358
0.250098 0.962504 -0.105059
0.039299 0.958197 0.283397
-0.863325 0.274567 0.423419
0.334393 0.602509 0.724682
-0.098229 -0.274883 0.956447
0.1602 -0.736043 0.657705
-0.757125 0.609923 -0.234
-0.757198 0.584497 0.291574
-0.869157 -0.371288 0.326667
0.57339 -0.813036 -0.100975
0.385211 -0.424202 0.819552
-0.347342 -0.46069 0.816773
0.584136 0.566594 0.581168
-0.44509 0.702701 0.555073
0.065888 0.583436 0.809482
-0.078246 -0.985659 0.149514
-0.55874 -0.828406 0.039413
0.371546 0.458356 0.80738
0.350317 -0.275203 0.895288
0.76758 0.165056 0.619337
-0.80783 -0.360148 0.466588
-0.796171 0.049581 0.603037
-0.378737 -0.778339 0.500747
0.866868 -0.369452 0.334732
0.778323 -0.407882 0.477332
0.91128 0.246925 0.329539
0.293622 -0.770455 0.565849
0.65063 -0.036217 0.758531
0.554265 -0.565459 0.610775
-0.122309 -0.772214 0.623478
-0.290448 -0.955686 -0.047993
0.132712 0.793576 0.593822
-0.066648 -0.431142 0.899819
0.343851 0.868491 0.357058
-0.794783 0.218428 0.566224
0.857105 -0.252236 0.449164
0.24295 -0.935293 0.257298
0.088124 0.439504 0.893907
-0.90778 0.413879 -0.068119
-0.499469 0.761116 0.413803
0.397118 0.307765 0.864626
0.151969 -0.062456 0.98641
0.025629 -0.802148 0.596575
0.244349 0.377934 0.893006
0.301007 -0.124414 0.945471
0.964522 -0.262882 0.024279
-0.602153 -0.730973 0.321077
0.196997 0.92585 0.322482
-0.662809 -0.16291 0.730852
-0.935006 -0.005115 0.354595
-0.194271 -0.522629 0.830131
-0.798308 -0.600387 -0.047337
-0.620172 -0.310096 0.720574
0.853844 -0.476991 0.2084
0.654096 -0.481806 -0.583113
-0.703404 0.158778 0.69283
-0.588381 0.630716 0.505969
0.530037 -0.773602 0.347276
-0.771123 -0.121324 0.62502
0.463145 -0.149508 0.873581
0.75918 -0.289804 0.582803
-0.927654 0.358058 0.106078
0.824252 -0.127132 0.551766
-0.906107 -0.179568 0.383048
-0.232003 0.538417 0.810112
0.662365 0.607727 0.438111
0.119026 -0.922203 0.367932
-0.365765 -0.901761 0.23031
-0.73098 -0.306096 0.609896
0.237316 0.84376 0.481404
0.472793 0.851317 0.227435
0.60465 0.741974 0.289606
0.637567 -0.309304 0.705577
-0.517353 -0.832488 0.198265
-0.174789 0.224886 0.95858
0.929721 -0.202432 0.307636
-0.183214 0.384106 0.904928
0.942014 0.290524 0.167947
-0.325401 0.420241 0.847061
-0.726573 -0.62974 0.274808
-0.41713 0.783083 -0.461284
0.867454 0.494666 -0.053181
0.551931 -0.677601 0.486034
-0.348846 0.819498 0.454674
-0.035164 0.335515 0.941378
0.762965 0.002438 0.646435
0.412805 0.150382 0.898319
0.719672 -0.163366 0.674822
0.540265 0.692736 0.477735
0.706502 0.691796 0.149242
0.976723 -0.15478 0.148513
-0.283212 -0.047013 0.957904
0.922792 0.084869 0.375835
-0.08279 0.629894 0.772256
0.48468 0.518427 0.704499
0.930129 -0.313704 0.19092
0.651835 0.74025 -0.164743
-0.372093 0.626199 0.685143
0.358158 -0.923074 0.140203
-0.225073 -0.372561 0.9003
-0.715443 0.540016 0.44331
0.540883 0.034643 0.840384
-0.690348 -0.002661 0.723472
-0.565921 0.417186 0.711118
-0.996782 -0.051407 0.06151
0.395195 -0.866035 -0.306276
-0.718338 0.688326 -0.100982
-0.966094 0.210133 0.150019
-0.471686 -0.532638 0.702716
-0.816548 0.573316 -0.067516
0.777118 -0.515731 0.360705
-0.163697 -0.654938 0.737739
0.994019 -0.107416 -0.019703
0.185277 -0.234637 0.954263
-0.283578 -0.721759 0.631386
-0.57819 -0.584228 0.569538
-0.070976 0.493963 0.866581
-0.310141 0.113206 0.943926
-0.539968 0.799864 0.262017
0.41853 -0.554677 0.719143
0.177649 0.667379 0.723219
0.50085 -0.845111 0.186916
0.029198 -0.172471 0.984582
0.278237 -0.867146 0.413088
0.905578 -0.082313 0.416116
0.126404 0.113591 0.985454
-0.854189 0.471 0.220271
-0.46015 0.180162 0.86937
-0.888501 -0.446799 -0.104575
-0.877724 0.112055 0.46588
0.52006 0.368484 0.770556
0.026599 0.721716 0.691678
0.441714 0.65605 0.611954
-0.875381 -0.400813 -0.27029
0.087393 0.893614 0.440246
0.393876 -0.867492 0.303842
-0.122711 0.759766 0.638512
0.061813 -0.336903 0.939508
0.716031 0.469005 0.517043
-0.559393 -0.069178 0.826011
-0.582943 0.091562 0.807338
0.81267 0.546552 0.202112
-0.21522 -0.828362 0.5172
0.465543 -0.884832 0.01851
0.446276 0.891728 0.075222
-0.290526 0.753017 0.59039
0.53568 -0.440966 0.720136
0.687362 0.726274 -0.007744
0.266272 0.217976 0.938928
0.26328 -0.527305 0.807857
0.100621 -0.483753 0.869401
-0.864921 0.498349 0.059663
0.385226 0.773041 0.503993
0.96672 0.128042 0.221492
0.853684 0.041651 0.519123
-0.908202 0.319154 0.270759
-0.972342 -0.212239 0.097495
0.115963 0.279415 0.953142
0.219507 0.527203 0.820898
-0.866882 -0.053545 0.49563
-0.254797 -0.211513 0.943579
-0.942394 -0.334466 -0.005066
-0.422597 0.498983 0.75659
-0.123819 -0.992276 -0.007518
-0.934225 -0.253155 0.251268
-0.630963 0.741901 -0.226866
0.134134 -0.617547 0.775012
0.164318 -0.983213 -0.079324
-0.149906 -0.904157 0.400036
-0.636727 0.680398 0.362819
0.588055 0.799491 0.122498
0.271514 0.052754 0.960988
-0.018185 0.837064 0.546802
-0.40764 -0.139387 0.902442
0.994511 0.007044 0.104394
-0.127211 -0.108971 0.985872
-0.782472 0.609664 0.126679
0.715344 0.632751 0.296496
-0.464632 0.33827 0.818346
0.237501 -0.90468 -0.353761
-0.767445 0.381136 0.515523
-0.325113 0.269711 0.906398
-0.983488 -0.170172 -0.061586
-0.527164 -0.708422 0.469294
0.661202 0.122123 0.740201
0.626333 0.426725 0.652391
0.751756 0.321117 0.575975
0.434466 -0.888516 -0.147577
