-0.039189 0.670198 0.741147
-0.370205 -0.890462 0.264624
-0.253568 0.640577 0.72482
-0.620832 0.263362 -0.738382
-0.248204 0.354062 0.901684
-0.793455 0.401825 0.457127
-0.327506 -0.942027 -0.072976
0.517183 -0.591026 0.61904
-0.14282 0.519568 0.842408
-0.15783 -0.164524 0.973664
0.245017 -0.232862 0.941139
0.916278 0.186514 0.354468
0.465875 0.716599 0.519082
0.459857 0.117547 0.880178
-0.951865 0.298436 -0.069927
-0.247932 -0.962605 0.109187
-0.32372 -0.273143 0.905869
-0.617038 0.19132 0.763322
0.670081 -0.582443 0.460165
0.899736 -0.320397 -0.296346
-0.642834 -0.649136 -0.406678
0.256659 0.933315 0.251095
-0.941356 -0.072066 0.32963
-0.507231 -0.164614 0.845943
-0.069693 -0.521808 0.850211
0.046447 -0.202334 0.978214
-0.355952 0.902078 0.244035
0.342696 -0.575364 0.742641
-0.549286 0.795201 0.256787
-0.192171 0.0303 0.980894
0.759201 -0.272057 0.591269
0.865266 0.389993 0.314991
0.791063 -0.419816 0.444943
-0.158947 -0.945341 0.28472
-0.776142 -0.572266 -0.264793
0.960426 0.202358 -0.191399
-0.118159 0.211671 0.970172
-0.537848 -0.635842 0.553556
-0.071106 0.9943 0.079449
0.286594 0.502856 0.815475
-0.274783 0.958944 0.070145
-0.64064 0.500512 0.582296
0.979591 0.057196 0.192694
0.165474 0.777821 -0.606311
-0.55375 0.402883 0.728729
0.093387 -0.391349 0.915492
-0.062914 -0.891405 0.448819
-0.471004 -0.371042 0.800302
-0.897015 -0.376461 0.231604
0.948991 0.267595 0.166759
0.436005 -0.263519 0.860498
0.882398 -0.239764 0.40483
-0.823858 0.50319 0.26088
-0.037453 -0.992805 0.113731
0.277931 0.153064 0.948328
0.520212 0.788003 0.329289
0.382799 0.319579 0.866795
-0.995238 0.087152 -0.043654
0.380684 0.626521 0.680111
0.928475 -0.02224 0.370727
-0.268425 -0.773569 -0.574055
-0.38109 0.91872 -0.103555
0.565308 0.277471 0.776812
0.642125 -0.711216 0.286088
-0.116131 -0.349947 0.929543
0.613814 0.78944 0.004088
0.357506 -0.721633 0.592819
0.905843 -0.412747 -0.095335
0.295018 -0.417138 0.859628
0.142485 -0.562738 0.814263
-0.775581 -0.129082 0.617909
-0.14723 0.783672 0.603474
0.351847 0.848987 0.394239
-0.637993 -0.679826 0.361665
-0.421653 -0.557767 0.714916
0.083639 0.184087 0.979345
-0.333749 0.158745 0.929199
0.721075 -0.068305 0.689482
0.652458 -0.44094 0.616336
-0.428859 0.806163 0.407653
0.959448 -0.166141 0.227719
0.060369 0.79503 0.603558
-0.359362 -0.721146 0.59229
-0.364261 0.482747 0.79641
-0.717141 0.30547 0.626416
0.079205 0.531216 0.843526
-0.167991 0.980014 -0.106547
-0.694496 -0.5269 0.489951
0.782891 -0.554532 0.282092
0.940946 0.337431 -0.027592
-0.989432 0.01058 0.144614
-0.161882 0.869652 -0.466369
-0.866543 0.003987 0.499086
0.060434 -0.953593 0.29497
-0.350893 0.736449 0.578374
-0.503606 0.060076 0.861842
0.480372 0.862874 0.157134
-0.596651 -0.455986 0.660367
-0.862825 0.496837 -0.093197
-0.890932 0.375641 -0.255214
0.876373 0.466861 0.11837
-0.553785 0.680341 0.480061
-0.746017 -0.3301 0.578353
-0.696109 0.674441 0.246093
0.836952 -0.097274 0.538562
-0.357851 -0.068813 0.93124
-0.735642 0.668458 -0.109524
0.813238 0.299932 0.498683
-0.477381 0.875511 0.074751
-0.156467 0.952208 0.262331
0.191158 -0.03034 0.98109
-0.822961 -0.398024 0.405353
-0.637723 -0.253327 0.727417
-0.757177 0.095152 0.646243
0.66879 0.386518 0.635077
-0.872878 -0.214351 0.438335
-0.559077 -0.799627 0.219156
0.656991 0.728087 0.19558
0.176189 0.665846 0.724987
-0.651474 0.755865 0.065197
-0.278704 -0.461927 0.84199
-0.020639 0.377126 0.925932
0.376913 -0.063855 0.924045
0.345368 -0.830545 0.436939
-0.76793 -0.638215 -0.054451
0.572014 -0.813012 0.108683
0.038557 -0.80243 0.5955
-0.264257 0.924246 -0.275568
0.551943 -0.097179 0.8282
-0.968336 0.216389 0.124504
0.578917 0.562869 0.589944
0.469107 -0.838491 0.277255
0.849184 0.52061 -0.088609
0.153875 0.886853 0.435676
0.840989 0.094758 0.53269
0.18577 0.353003 0.916994
0.780424 0.557674 -0.282733
-0.449514 0.288023 0.845565
0.991044 0.133441 0.004962
0.48489 0.46117 0.743104
-0.651313 -0.037233 0.757895
0.048737 0.96299 0.265095
-0.021349 -0.674543 0.737927
-0.46787 0.591669 0.656525
0.729568 0.187124 0.657811
0.625621 0.07897 0.77612
0.466214 0.780916 -0.41571
0.492432 -0.430286 0.756548
0.128816 0.988846 0.074768
-0.454865 -0.887663 0.071783
-0.797758 0.598223 0.075578
0 -0 1
-0.045376 0.894512 0.444734
-0.227895 -0.631667 0.740986
-0.241109 0.86764 0.434818
-0.938649 0.127788 0.320325
-0.847374 0.208931 0.488164
-0.272655 -0.853548 0.443977
-0.703168 0.579934 0.411378
0.188228 -0.712903 0.67553
0.523063 -0.721763 0.453281
-0.712779 -0.686636 0.1431
0.742127 0.485474 0.462128
