187
0.459208 0.543034 0.703023
0.65795 -0.752767 -0.021079
-0.393154 0.655245 0.645046
-0.96777 -0.250976 -0.020803
-0.376847 -0.921332 0.095566
-0.374979 -0.829362 0.414185
-0.536212 -0.141052 0.832214
0.694469 0.67761 0.241987
-0.095379 -0.994605 -0.040794
-0.261397 -0.014285 0.965126
0.601419 0.429467 0.673686
-0.632348 -0.769299 -0.091191
0.849925 0.384336 0.360435
-0.83203 -0.545749 0.099422
0.280826 0.769962 0.572971
-0.455116 -0.715871 0.529527
0.783389 0.616247 0.080884
-0.823924 -0.08292 0.560601
0.465348 -0.67426 0.573432
-0.364238 -0.171815 0.91532
0.829866 0.510042 0.226228
-0.386202 0.893559 0.228913
0.834398 0.247972 0.492229
-0.998481 -0.05509 0.000373
0.422351 0.802145 0.422116
-0.932864 0.202067 -0.298218
-0.187649 -0.873072 0.450038
0.774647 -0.065348 0.629009
-0.858788 0.081702 0.505775
-0.213614 0.957983 0.191411
0.841038 -0.313934 0.440569
-0.331496 -0.495602 0.802801
0.477039 0.146917 0.866516
-0.737067 0.65507 0.166178
0.584373 -0.789138 -0.189129
0.298565 0.63537 0.712155
0.780506 -0.485036 0.394399
0.126079 -0.373341 0.919087
0.803369 -0.558361 0.206955
0.762303 0.117326 0.636497
0.297281 -0.903876 0.307623
-0.281103 0.876072 0.391763
-0.258605 -0.354205 0.8987
0.441418 0.326381 -0.835838
0.611079 -0.340252 0.71471
-0.852095 0.510339 0.116141
-0.690401 -0.108931 0.715179
0.478546 0.359363 0.801156
-0.882468 0.250673 0.398011
0.283773 -0.741009 0.608588
-0.054999 0.748279 0.661101
0.005679 0.285429 0.958383
-0.018617 0.456039 0.889765
-0.739509 -0.621337 0.258972
-0.711636 -0.699085 0.069676
-0.651482 0.677617 0.341183
0.173674 -0.647319 0.742169
0.550171 -0.729112 0.407072
0.926631 0.321022 0.195704
0.71656 0.294119 0.632484
-0.98425 0.010352 0.176479
-0.884624 0.386724 0.260548
-0.49735 0.203761 0.843282
0.32016 0.469085 0.823078
0.194464 -0.970249 0.144221
-0.182108 0.327224 0.927233
-0.038797 0.611947 0.789947
0.358852 -0.12152 0.92545
-0.528597 0.378312 0.759912
-0.794913 0.402617 0.453887
-0.585354 -0.699268 -0.410347
-0.182821 -0.956053 -0.229216
0.606742 0.224251 0.762611
-0.544805 0.669357 0.505122
0.19823 -0.203047 0.958894
-0.791963 -0.407375 0.454796
0.145295 0.554007 0.819735
-0.066432 -0.369523 0.926844
-0.221008 0.645709 0.7309
0.003472 -0.883 0.46936
-0.675575 0.396327 0.62171
-0.105224 0.994054 0.028011
0.12546 0.704844 0.69818
-0.212011 -0.653002 0.727076
-0.278771 -0.762181 0.584265
-0.909209 -0.293813 0.29498
0.325743 -0.323027 0.888564
-0.650193 0.229108 0.724402
-0.617734 -0.754057 0.223165
-0.602059 0.046191 0.797114
0.379163 -0.807908 0.451133
0.668392 -0.722331 0.177455
-0.473315 0.878521 0.064612
0.48806 -0.828076 0.275838
-0.690641 0.642055 -0.332836
0.002457 -0.990414 0.138109
-0.088447 -0.949584 0.300777
-0.190722 -0.974458 0.118565
-0.328263 0.174277 0.92837
0.54324 -0.833558 0.100358
-0.574378 -0.583998 0.573617
-0.463034 -0.848643 0.255741
0.547215 0.834258 -0.067599
-0.284191 -0.956342 -0.068154
-0.920566 -0.371503 0.120601
-0.97728 -0.122861 -0.172713
0.16872 0.381889 0.908677
0.160684 -0.028012 0.986608
-0.44016 0.015987 0.897777
0.50986 -0.040943 0.859283
-0.513432 -0.465557 0.720864
-0.460645 -0.882747 -0.092545
-0.9556 0.271006 -0.115692
-0.378231 0.915823 -0.13494
-0.746714 -0.260041 0.612206
-0.894047 -0.444533 -0.055403
-0.885432 0.386137 -0.258666
0.781076 -0.244607 -0.574533
0.922023 0.188013 0.338414
-0.783114 0.537601 0.312599
0.634448 -0.582997 0.507534
-0.397045 -0.617543 0.678967
-0.141738 -0.520805 0.841827
0.605652 0.574793 0.550272
0.094554 -0.779166 0.619645
-0.069239 -0.043245 0.996662
0.645593 0.038861 0.762692
-0.988999 0.144749 0.03048
0.838052 0.467058 -0.282002
-0.681166 0.544125 0.489837
0.017616 -0.202824 0.979057
-0.193241 -0.192404 -0.962101
0.036201 0.103721 0.993947
-0.954671 0.211409 0.209547
0.100309 0.828632 0.550733
-0.671866 -0.430905 0.602426
0.938668 -0.337644 -0.069988
-0.576502 -0.715577 0.394454
-0.087172 0.858277 0.505729
-0.54523 0.533921 0.646261
-0.730664 -0.5647 -0.383725
0.871939 -0.131954 0.471499
0.756305 -0.246789 0.605886
0.194004 -0.860269 0.471487
-0.178715 -0.198999 0.963566
-0.743565 0.070291 0.664959
0.104769 -0.944052 0.312712
0.251542 -0.494157 0.832187
0.24813 0.876308 0.412936
0.946181 -0.009229 0.323506
-0.361907 -0.89653 -0.255455
-0.382274 0.513967 0.767922
0.782764 -0.621529 0.031349
-0.450796 -0.685102 -0.572205
-0.231641 0.776157 0.586449
-0.006316 0.980503 0.196401
0.361482 -0.352442 -0.863201
-0.606126 -0.29399 0.739041
0.06993 0.921395 0.382283
-0.278404 -0.920342 0.274704
-0.492913 0.797341 0.34826
-0.936285 0.075727 0.342982
0.301177 -0.953082 -0.030454
0.970973 0.17611 -0.161855
0.328515 0.062654 0.942418
-0.365683 0.594598 -0.716051
-0.985731 0.077352 -0.149501
-0.205109 0.494859 0.84442
0.494218 -0.238669 0.835934
-0.739886 -0.435721 -0.512558
-0.095313 -0.786675 0.609966
0.34166 0.279274 0.897371
0.114871 -0.932409 -0.342662
0.88827 -0.453786 0.071091
-0.535683 -0.804296 -0.257201
0.871398 0.056703 0.487289
0.546669 -0.515757 0.659657
-0.389592 0.775287 0.49714
0.44318 -0.427516 0.787923
0.645074 -0.153164 0.748612
0.051048 -0.52872 0.84726
-0.022239 -0.668268 0.743588
-0.699574 -0.568608 0.43276
0.709241 -0.420977 0.565469
-0.929367 -0.101336 0.354976
-0.856112 -0.233522 0.46102
-0.149269 0.145678 0.978007
