0.297297 0.691093 0.65879
-0.840819 -0.513988 -0.169823
0.366379 0.401707 0.839284
0.032782 -0.900676 0.433252
-0.21205 -0.169838 0.962388
-0.499719 -0.41901 0.758097
-0.211675 -0.519238 0.828001
-0.603838 0.782934 0.149649
-0.527646 0.841239 -0.117929
-0.345322 0.932606 0.104873
-0.915221 -0.175161 0.36289
0.450236 0.6228 0.63985
-0.636663 -0.401925 0.658116
0.413329 0.740644 0.529723
-0.299582 0.914226 0.272839
-0.725924 -0.679346 0.107349
0.681131 0.729353 0.064069
0.458879 0.067245 0.88595
-0.269439 -0.91008 0.314892
-0.825652 0.073381 0.559387
-0.375016 -0.550488 0.745873
-0.580886 0.026614 0.81355
-0.026705 0.976894 0.21205
-0.617328 0.176226 0.766714
-0.383878 0.920788 -0.069196
-0.073805 -0.630349 0.772795
-0.076905 0.870621 0.485905
0.300012 0.124632 0.945759
0.724421 -0.050418 0.687511
0.829958 -0.0518 0.555416
-0.412301 -0.841524 0.349064
-0.149591 0.935859 -0.319046
-0.564072 0.765557 0.309426
-0.994558 -0.101011 0.025516
0.476301 0.486129 0.732678
0.24429 0.962137 0.120893
-0.408012 0.569806 0.713335
0.138239 0.74239 0.655551
-0.735747 0.673533 -0.070922
0.736422 0.645799 0.201561
-0.120994 0.981873 -0.145895
-0.134891 0.935049 0.327852
-0.792425 -0.608909 -0.035943
0.232239 -0.154291 0.960343
0.071126 -0.702924 0.7077
-0.098161 0.547641 0.830935
0.752596 -0.199849 0.627424
-0.02302 -0.35674 0.93392
-0.815133 0.554942 0.166124
-0.527316 0.467849 0.709264
0.064805 -0.096873 0.993185
-0.445685 0.667254 0.596772
-0.289543 0.68918 0.664226
-0.35195 0.297489 0.887486
-0.95456 -0.024866 0.29698
-0.314465 0.146995 0.937819
-0.88306 -0.051961 0.466374
0.83574 -0.464085 0.293535
-0.17228 -0.964337 0.200934
-0.578052 0.589053 0.564688
-0.022996 0.240406 0.9704
0.520781 0.761208 0.386457
-0.494119 0.867926 0.050505
0.823322 0.552295 -0.13081
-0.406257 -0.906312 -0.116419
-0.099655 -0.040708 0.994189
-0.845613 0.223891 0.484574
-0.478422 -0.876501 0.05347
0.721477 -0.505185 -0.47356
0.98412 0.07775 0.159572
-0.640692 0.319434 0.698195
-0.843389 -0.456826 0.282853
-0.971007 0.194311 -0.139242
0.886261 -0.449247 0.112777
-0.85041 -0.33803 0.403161
0.799762 0.25724 0.542409
-0.962055 0.139828 0.234303
-0.551785 -0.828926 -0.091732
-0.189427 0.276746 0.942088
0.257774 -0.495414 0.829529
0.268639 -0.943038 0.196244
-0.47515 0.17405 0.862519
-0.832084 -0.213158 0.512055
-0.461704 -0.279451 0.841865
0.671876 -0.709818 0.21152
0.882463 0.251091 0.397758
-0.628981 0.777153 -0.020407
0.762645 -0.343873 0.547836
0.095421 -0.576802 0.811292
0.215466 0.464488 0.858968
-0.433602 0.022246 0.90083
0.779667 0.534593 0.326081
-0.310585 -0.280497 0.908217
-0.658865 -0.631786 0.408342
-0.970987 -0.150013 0.186228
-0.796241 0.575813 -0.185579
0.510722 0.326218 0.795453
0.021924 0.655224 0.755116
-0.346804 0.779079 0.522266
-0.079129 -0.993045 -0.08718
-0.06181 -0.209672 0.975816
0.529613 -0.432939 0.729434
0.25384 0.803798 0.538028
-0.65356 -0.524626 0.545551
-0.345898 -0.421598 0.838218
0.050135 -0.81194 0.581584
0.40748 0.231098 0.88349
-0.023487 0.776144 0.630118
-0.958452 -0.277563 0.065799
0.39478 -0.39194 0.830982
0.610171 0.38731 0.691146
-0.69679 0.669805 0.256603
-0.254772 0.566395 0.783765
0.141834 0.188918 0.971696
0.696731 0.539963 0.472235
0.332529 0.942607 -0.030263
-0.650305 0.454181 0.608953
-0.05062 -0.499887 0.86461
0.876373 0.390479 0.281952
0.493857 -0.694441 0.523313
0.725351 -0.59977 0.337848
-0.754546 -0.374087 0.539184
0.611332 0.757016 0.230653
0.717706 0.401334 0.56906
-0.826998 0.387515 0.407316
-0.875434 0.415571 0.24681
-0.094105 -0.745683 0.659622
0.875449 0.100064 0.472839
0.059607 0.513413 0.856069
0.968264 -0.065158 0.241285
-0.234176 0.972032 -0.017742
0.69018 0.252801 0.678044
0.592992 0.529907 0.606266
0.911767 -0.058277 0.406552
0.237458 -0.633684 0.736246
-0.726342 -0.244535 0.642363
0.44938 -0.799583 0.398402
-0.184318 -0.981903 0.04351
0.942137 0.08903 0.323191
-0.179202 -0.368355 0.912251
-0.601496 -0.267592 0.752726
0.944217 -0.290292 -0.155516
0.754492 -0.477994 0.449737
0.330806 0.55722 0.761625
0.030948 0.995141 -0.093466
-0.408315 0.832948 0.373465
0.921829 0.293954 -0.25263
0.374754 -0.226759 0.898966
0.410485 -0.879419 0.241089
0.032221 0.92643 0.375086
-0.647054 0.64084 0.413091
-0.506056 0.323082 0.799703
0.348758 -0.044396 0.936161
-0.71404 0.046114 0.698585
0.660438 0.659692 0.358647
0.850792 -0.202296 0.485005
-0.5238 -0.545189 0.654525
0.178293 0.613766 0.769093
-0.395619 -0.665742 0.632672
-0.265498 -0.844696 0.464758
0.940265 0.236774 0.24462
-0.236558 -0.648227 0.72377
0.200929 0.893344 0.401951
-0.750503 -0.601466 0.273832
-0.911835 0.100089 0.398169
0.210222 -0.753645 0.622757
-0.267688 -0.008718 0.963466
0.371631 -0.672675 0.639843
0.184806 -0.855472 0.48375
0.550738 -0.790984 0.266518
0.924089 -0.20506 0.322507
-0.983814 0.171931 0.050498
0.601537 -0.69785 0.38879
-0.381421 -0.130273 0.915176
-0.079231 0.99623 0.035332
0.903936 0.4053 -0.136497
0.923215 0.365613 0.11833
0.786642 0.105332 0.608358
-0.381134 0.440186 0.813003
0.997196 -0.050122 0.055568
0.521548 -0.572052 0.633044
0.098395 0.356348 0.929158
0.610469 0.787937 -0.080517
-0.119272 -0.919216 0.375255
0.022477 0.075053 0.996926
-0.667965 -0.11017 0.735993
-0.108549 -0.843146 0.526614
-0.51047 0.726965 0.459284
-0.991275 0.020319 0.130234
-0.457619 0.86264 0.215491
-0.062906 0.399115 0.914741
-0.224033 0.426826 0.876144
0.11767 -0.433063 0.89365
0.517223 -0.280336 0.808636
0.649114 -0.31763 0.691203
0.253012 -0.334432 0.907822
-0.135013 0.680725 0.719989
0.829442 -0.558587 0.002526
-0.360279 -0.914492 0.18413
0.185616 0.014407 0.982517
-0.64099 -0.726249 0.248383
-0.884277 -0.46689 -0.008271
0.678277 0.101929 0.727703
-0.531239 -0.1265 0.837725
-0.899713 0.430107 0.074323
0.110252 -0.260632 0.959122
-0.147579 0.12014 0.981726
0.140017 0.957376 0.252638
0.089106 0.847474 0.523304
-0.786546 -0.08398 0.611794
-0.744472 0.197589 0.637746
0.394127 -0.541609 0.742511
-0.242612 0.868648 0.431962
0.256153 0.299512 0.919064
-0.409151 -0.763446 0.499746
-0.007287 -0.964901 0.262511
0.337832 -0.785593 0.518375
-0.971895 -0.220778 -0.081709
0.309239 0.91251 0.267764
-0.184663 0.791133 0.583102
-0.53856 -0.655857 0.528966
-0.758006 0.342624 0.55501
-0.542774 -0.748077 0.381808
0.365865 0.837969 0.404908
0.563238 0.178706 0.806739
0.589 -0.0066 0.808106
-0.948654 0.314657 -0.032339
0.807348 0.401947 0.432005
-0.907143 0.263792 0.327879
0.562946 0.655067 0.503963
-0.46808 -0.845709 -0.256274
-0.511801 -0.831137 0.217417
0.651967 -0.458949 0.603577
-0.761047 -0.494243 0.420156
0.487244 -0.116633 0.865442
0.91714 -0.332077 0.220407
0.852282 -0.341215 0.39647
0.636028 -0.58645 0.501542
0.727852 -0.679049 -0.095522
0.627813 -0.166251 0.760402
-0.254516 -0.757126 0.601649
-0.188525 0.969085 0.159161
-0.777512 0.53832 0.325096
0.300348 -0.880083 0.367758
