43
0.327172 -0.332909 0.884381
-0.707217 0.605258 0.365386
0.621561 0.3687 0.691175
-0.868663 -0.397352 0.295864
0.669593 -0.295823 0.681274
-0.09465 0.957781 0.271471
0.123828 -0.86934 0.47845
0.861175 0.349879 0.36873
0.460114 -0.633911 0.621653
-0.957033 0.170378 -0.234645
-0.525769 -0.848901 -0.054167
-0.601393 -0.740231 0.300641
0.787918 -0.487166 0.376636
-0.47998 0.867981 0.127389
-0.37214 0.780485 0.50235
-0.485079 0.493392 0.721985
-0.132336 0.463386 0.876219
-0.8053 0.274682 0.525397
-0.51042 0.810062 -0.288568
-0.22023 0.099346 0.970376
-0.777915 -0.136173 0.613437
0.086576 -0.63134 0.770658
0.146883 0.008276 0.989119
-0.184836 0.975408 -0.120059
-0.089089 -0.3144 0.945101
-0.288923 -0.629213 0.721536
0.240141 0.364283 0.899795
-0.024708 0.758329 0.651404
0.625107 0.671246 0.398334
-0.935819 0.333248 0.11484
-0.624029 -0.504833 0.596432
-0.767853 0.639891 -0.030674
-0.98344 -0.171816 -0.057664
0.835538 0.017897 0.549141
0.338465 0.653977 0.676576
-0.25802 -0.869623 0.420929
-0.452894 -0.249633 0.855903
0.523477 0.038123 0.851186
-0.959435 -0.005811 0.281869
0.818358 0.573503 0.037221
-0.269155 -0.893014 -0.360669
-0.188642 -0.980358 0.057555
-0.563722 0.134783 0.814894
