-0.071529 -0.507083 0.858924
0 0 1
0.932713 0.336199 0.130449
0.294455 0.94572 0.137512
-0.410857 -0.889953 0.197939
-0.603343 -0.432794 0.669826
0.846328 0.469403 0.251774
0.527708 -0.123378 0.840418
-0.719676 -0.287995 0.631763
0.761959 0.628982 0.154273
0.131348 0.947647 0.291053
-0.440446 -0.475511 0.76151
-0.242383 -0.728184 -0.641092
0.330748 -0.734169 0.592961
-0.080104 -0.782375 0.617635
-0.387552 0.033803 0.921228
-0.130096 0.980842 -0.144997
0.029789 0.363034 0.9313
0.974441 -0.155814 0.161826
0.691966 0.356875 0.627554
-0.837667 -0.523475 0.155844
-0.101516 0.687435 0.719116
-0.869764 0.029738 0.492571
-0.2913 0.211083 0.933053
0.683828 -0.052507 0.727751
0.888364 -0.371445 -0.269885
-0.704492 -0.668715 0.23772
0.498543 -0.716074 0.488562
0.17132 -0.929934 0.325379
0.572019 0.67761 0.46221
0.32987 -0.168786 0.928815
-0.855742 0.433585 -0.282331
-0.893946 0.204588 0.398754
0.481896 -0.871014 0.095453
0.114636 -0.190043 0.97506
0.116802 -0.758688 0.640897
-0.793762 0.200445 0.574251
-0.787143 -0.512625 0.342959
0.981634 0.190768 -0.001725
0.695604 -0.392382 0.601806
-0.56765 0.516081 0.641431
0.900125 0.10526 0.422723
-0.569899 -0.086203 -0.817181
0.954165 -0.025104 0.298227
-0.636235 -0.644967 0.423347
-0.026 -0.956352 0.291057
-0.262899 -0.499733 0.825319
-0.95809 0.188337 0.215853
-0.609593 0.79195 0.034804
-0.174563 -0.655701 0.734564
0.17168 0.501104 0.848187
0.892955 0.2938 0.341046
-0.48834 0.770805 0.409126
-0.295274 0.692361 0.658368
-0.577281 0.033661 0.815852
-0.929571 -0.359061 0.083504
0.289884 -0.95671 0.02596
0.105576 0.989741 0.096267
0.963042 0.159723 0.216885
-0.287062 -0.153311 0.945564
0.139076 -0.501708 0.853784
0.878522 -0.111733 0.46445
0.984422 -0.173544 -0.02821
0.745932 -0.510598 0.427639
0.431835 0.227372 0.872823
-0.196249 0.020349 0.980343
-0.483952 0.667148 0.566307
-0.538483 -0.781093 0.316118
-0.53346 0.36573 0.762667
-0.455239 -0.737438 0.498942
-0.725399 -0.585632 -0.361706
0.933186 -0.338102 0.121865
-0.102122 0.197798 0.974909
0.384479 0.414795 0.824695
-0.179996 -0.33859 0.923557
-0.859025 0.506511 -0.074318
0.018409 -0.879969 0.474675
-0.476398 -0.131398 0.869356
-0.362421 -0.638909 0.678562
0.276459 0.149091 0.94939
0.820851 -0.325628 0.469223
-0.660421 -0.129014 0.739729
0.047415 0.79047 0.610662
0.644014 0.528692 0.552929
-0.950268 0.010944 0.311242
0.746524 0.663943 -0.043377
-0.961723 -0.182471 0.204433
0.787531 0.419592 0.451373
-0.055426 0.968653 0.242157
0.624699 0.778136 0.065231
-0.264126 -0.962938 0.054665
0.996523 0.018423 0.081257
0.705797 0.157083 0.690779
-0.356632 0.385146 0.851162
-0.371095 -0.319024 0.872073
-0.538734 -0.596457 0.594983
-0.892749 -0.353027 0.279947
-0.194504 0.905862 0.376273
0.516428 -0.807115 0.286125
-0.167898 -0.883885 0.436528
0.571386 0.295429 0.765663
0.81306 0.233296 0.533391
0.644869 -0.670769 0.366351
-0.334558 0.917579 -0.214754
-0.088246 0.995103 0.044531
0.368317 -0.840485 0.3974
0.766626 -0.600757 0.226662
0.409547 0.012043 0.91221
0.768812 -0.190212 0.610531
-0.476207 0.203372 0.855492
0.02393 -0.352763 0.935407
-0.64689 0.745556 -0.160248
-0.823485 -0.327561 0.463224
-0.839519 0.528325 0.126812
0.31122 0.892139 0.327461
-0.032759 0.532971 0.845499
0.069722 0.992593 -0.099489
-0.69349 0.362266 0.622764
-0.862878 -0.503581 -0.042988
-0.433088 0.89601 0.097988
0.538554 -0.437204 0.720286
0.742784 -0.033104 -0.668712
0.441515 -0.597448 0.669417
-0.270989 -0.775304 0.570499
-0.550156 -0.286796 0.784268
-0.682677 0.53614 0.496494
0.606589 -0.566051 0.558243
0.199279 -0.021969 0.979697
-0.088311 -0.176208 -0.980384
0.098331 0.653692 0.750345
-0.142185 0.813106 0.564484
-0.80596 0.377782 0.45575
0.914323 -0.245583 0.322028
-0.592486 -0.795539 0.126797
-0.709141 -0.481139 0.515388
0.451583 0.89215 -0.011889
0.633093 0.730019 0.257423
0.474816 0.86299 0.172622
-0.089427 -0.17259 0.980926
-0.557364 0.79947 0.224038
-0.640957 0.670132 0.374295
0.368986 0.7787 0.507421
-0.238732 0.340633 -0.909382
-0.006167 0.899529 0.436817
0.024461 -0.646116 0.762847
0.229885 0.331943 0.914859
-0.809358 -0.133705 0.571894
-0.904488 -0.163064 0.394096
0.454738 0.640452 0.618898
-0.322847 0.805047 0.497663
-0.219366 -0.944065 0.246212
-0.352298 -0.854151 0.382508
-0.712716 0.677262 0.182628
-0.242094 0.955288 0.169752
0.523002 0.479689 0.704534
-0.75272 0.658172 -0.01491
0.31918 0.582425 0.7476
-0.167356 0.381829 0.908955
0.183807 0.857704 0.480165
0.239378 -0.629644 0.739085
0.444337 -0.306609 0.841757
-0.783317 0.534038 0.318148
-0.649993 0.199362 0.733324
-0.403779 0.545114 0.73472
0.626201 -0.256568 0.736237
-0.992842 -0.006747 0.119248
-0.480084 -0.803083 -0.352956
-0.929967 0.359543 0.076747
-0.373345 0.879982 0.293674
0.347764 -0.477009 0.807169
0.808752 0.023359 0.587686
0.20572 -0.844277 0.49485
-0.224204 0.549679 0.804727
