0.604144 -0.533336 0.592083
0.68354 -0.7244 0.089545
-0.874875 0.124329 0.46812
0.445875 -0.575759 0.685345
-0.432357 -0.1833 0.882875
-0.275696 0.759108 0.5897
0.405527 0.706352 0.580185
-0.156562 -0.755966 0.635613
0.026661 -0.82775 0.560463
0.953937 -0.299992 0.002873
-0.104157 0.734846 0.670188
-0.588656 0.616589 0.522783
-0.101852 0.601607 0.792272
-0.722751 -0.587963 0.363222
0.39653 0.574915 0.715707
0.536088 0.796424 0.279856
0.017768 0.318202 0.947856
-0.83695 -0.505317 0.210165
0.224143 -0.914155 0.337757
0.800165 0.394683 0.451621
0.064725 0.96158 0.266786
-0.819855 -0.429691 0.378421
-0.752502 0.161315 0.638529
0.125284 0.177835 0.976053
0.528888 -0.415801 0.739856
0.618935 0.284323 0.732175
0.142732 -0.145959 0.97894
0.643532 -0.059472 0.763105
0.517686 0.435903 0.7362
-0.250973 -0.967757 0.0214
0.1941 0.369995 0.908531
0.396143 0.914112 0.086431
-0.397247 -0.505792 0.765747
-0.360501 -0.01753 0.932594
-0.412187 0.850718 0.326162
0.705139 0.130995 0.696864
-0.726805 -0.659972 0.19024
0.073463 0.506041 0.859375
-0.100436 0.930939 0.351091
0.059581 -0.9716 0.229005
-0.911103 -0.050164 0.409114
-0.910735 0.245494 0.332105
0.596767 -0.243429 0.764599
-0.279859 -0.937564 0.206524
-0.68002 -0.006958 0.733161
-0.366444 0.321194 0.873243
0.993951 0.085064 0.069469
0.237227 0.549306 0.80124
-0.715094 0.453476 0.531977
0.389883 -0.917797 0.075094
0.229638 0.030362 0.972802
0.360708 -0.44144 0.821596
-0.957298 0.067709 0.281061
0.88091 0.456407 0.125265
-0.588699 -0.18464 0.786983
0.226569 0.482455 -0.846111
0.682051 -0.373199 0.628911
0.392086 -0.881886 0.261812
-0.689046 -0.495186 0.529156
0.331268 -0.120734 0.93578
-0.702156 0.668411 0.245364
0.690041 0.549401 0.471172
0.9942 0.011241 -0.106955
0.509772 -0.683641 0.522271
0.770321 -0.026413 0.637109
0.231693 -0.960424 0.154608
-0.094466 0.447674 0.889193
-0.586105 -0.641678 0.494702
0.795036 -0.525329 0.303228
0.96016 0.13399 -0.245232
0.059712 -0.313196 0.94781
0.22674 0.958496 0.17284
-0.576947 0.725726 0.374772
-0.646453 -0.352715 0.676528
0.239014 0.814719 0.528303
-0.586999 -0.797725 0.138084
0.428874 0.898278 -0.09573
0.36062 0.410008 0.837763
-0.972273 0.184998 0.143044
0.275882 -0.593566 0.756022
0.405069 0.069272 0.911658
0.822954 0.567003 -0.035422
-0.092649 0.982895 0.159165
-0.823666 0.522843 0.219567
-0.721505 0.569992 0.393117
-0.167196 -0.010067 0.985872
-0.401464 0.906707 0.129263
-0.527477 0.330336 0.782717
0.803982 0.509944 0.305894
0.804479 -0.580548 0.125608
0.652819 0.74041 0.160065
0.785495 -0.616018 -0.059321
0.257469 -0.292344 0.921002
0.873894 -0.356298 0.330698
0.39979 0.810806 0.427507
0.821398 -0.285163 0.49395
-0.19008 0.300544 0.934635
-0.545071 0.811354 0.211193
-0.264287 0.862397 0.431769
-0.548694 -0.834337 -0.053064
-0.140749 -0.328954 0.933798
0.682562 0.656326 0.321475
-0.101429 0.845739 0.523869
0.685068 -0.679578 0.262404
-0.276283 0.630502 0.725351
0.229717 0.90383 0.361002
-0.140679 -0.865876 0.48007
-0.808805 0.291511 0.51074
-0.612987 0.162869 0.773124
0.033291 0.005768 0.999429
-0.723027 -0.179615 0.667061
-0.279102 0.144508 0.949326
0.754143 -0.455911 0.472666
0.779782 0.608992 0.145152
0.551482 0.578158 0.601332
0.546161 -0.818315 0.179075
0.436449 -0.274002 0.856992
-0.026322 -0.467983 0.883346
0.054742 0.164639 -0.984834
0.925549 0.029894 0.377446
-0.46096 -0.768693 0.443426
-0.974846 -0.209928 0.074869
-0.312296 -0.775081 0.549291
-0.452922 -0.848894 0.272471
0.044516 -0.914218 0.40277
0.37899 -0.815807 0.436836
0.241461 0.69673 0.675473
-0.575353 0.486404 0.657557
0.072466 0.66072 0.747126
-0.602593 -0.731877 0.318178
0.563276 0.102554 0.81988
0.922477 -0.172437 0.345401
-0.332605 -0.340041 0.879628
-0.284228 -0.641061 0.712921
-0.832435 0.412848 0.369605
-0.250059 -0.176836 0.951945
-0.433862 0.756243 0.489755
0.093583 -0.590765 0.801398
0.954357 -0.238882 0.179273
-0.673977 0.323309 0.664249
0.07577 0.994798 0.06808
-0.807013 -0.002289 0.590529
0.245549 -0.968324 -0.045325
0.386611 0.885443 0.257918
0.071034 0.789137 0.610096
0.533657 -0.845681 -0.00586
-0.890694 -0.255402 0.376077
-0.438525 0.636752 0.634226
-0.957147 -0.156697 -0.243548
0.840202 0.103545 0.532295
0.303184 0.222892 0.926498
-0.42546 0.49087 0.760283
-0.834875 -0.167739 0.524259
-0.993112 0.111307 -0.036594
0.897384 0.345876 0.273993
0.006093 -0.713459 0.70067
-0.49969 -0.353852 0.790632
-0.114127 -0.608007 0.785686
0.539874 -0.763303 0.354829
-0.077516 0.155683 0.984761
0.955438 0.277893 0.099565
0.88367 -0.467212 -0.028987
0.554213 0.699119 0.451753
0.894567 -0.418754 0.156188
0.349782 -0.718476 0.601202
-0.441399 -0.652954 0.615482
0.660624 -0.745551 -0.087917
0.860627 -0.101647 0.498988
0.177674 -0.449557 0.875403
0.181672 -0.727467 0.661654
0.766394 0.268902 0.58338
0.668657 0.425273 0.609951
0.913595 -0.361528 -0.186125
-0.455091 0.15758 0.876391
0.066603 0.890916 0.449258
-0.078759 0.996135 -0.038894
-0.531176 -0.010894 0.847192
-0.256645 0.934953 0.244941
0.976507 -0.041973 0.211359
-0.098585 -0.987104 0.126119
-0.265038 0.47674 0.838137
0.467841 0.260204 0.844641
0.883142 0.227584 0.410203
-0.77369 -0.337165 0.536399
-0.551419 -0.511569 0.658965
-0.300287 -0.873652 0.382832
0.661623 -0.614294 0.429998
-0.915314 -0.399801 0.048576
-0.122167 -0.94292 0.309801
0.207783 -0.836522 0.507009
-0.917976 -0.33235 0.216482
0.496988 -0.091188 0.862953
0.738463 -0.203881 0.642733
-0.701303 -0.712691 0.015689
