0.457066 -0.073022 0.88643
-0.575604 -0.149308 0.803982
-0.457105 -0.40266 0.793045
-0.871359 -0.147193 0.468047
-0.823173 -0.46023 0.332528
-0.643463 -0.532378 0.550026
0.881137 0.067641 0.467999
-0.672071 0.734464 0.094251
0.432279 0.220812 0.874286
0.167322 0.317032 0.933538
0.32949 0.348529 0.877476
0.384413 -0.242898 0.890633
0.82986 0.347543 0.436517
-0.858029 0.291486 0.422874
0.836177 -0.385297 0.390325
0.734671 -0.514595 0.442098
0.251896 0.61497 0.747235
0.113813 -0.934227 0.338033
-0.006701 0.289949 0.957019
-0.116381 0.417105 0.901376
-0.992736 0.095273 -0.073472
-0.234036 -0.924481 0.300936
-0.179318 0.272037 0.945432
0.223021 0.920083 0.322039
0.677968 -0.643788 0.354819
0.503262 0.754413 0.421413
-0.770062 0.617888 0.158803
0.593126 -0.634788 0.495224
-0.451254 -0.2594 0.853863
-0.410103 -0.554165 0.724373
-0.78727 -0.092807 0.609584
0.928678 0.355762 0.104835
0.654363 -0.200155 0.72921
0.039964 -0.977618 0.206558
0.113763 0.815752 0.567103
0.763169 -0.218406 0.60817
0.730511 0.374234 0.571229
-0.279376 0.960139 -0.009109
-0.392584 -0.882756 0.258108
0.957848 0.201028 0.205221
0.246957 0.737236 0.628884
-0.43379 -0.896441 0.090659
0.246824 -0.554174 0.794965
-0.633322 -0.70613 0.316677
-0.243694 -0.591889 0.768297
-0.929843 -0.025625 0.367063
-0.242142 0.915665 0.320818
-0.315959 -0.456492 0.831736
0.969409 -0.24545 -0.001085
0.634181 0.636197 0.439395
0.340001 -0.651502 0.678192
0.988654 0.055223 0.13969
0.430941 -0.723673 0.539062
-0.251897 -0.790082 0.558855
-0.078647 -0.595575 0.799441
0.734141 -0.651067 0.192741
-0.759187 -0.600046 0.252152
0.003956 -0.998464 0.05526
0.523052 -0.751407 0.402249
0.085796 -0.58182 0.808779
0.530229 -0.208154 0.821906
0.381703 0.755889 0.531917
0.901402 0.339599 0.268601
-0.0977 -0.322497 0.941515
0.976465 0.212437 0.03725
-0.284874 -0.949019 0.134943
0.229478 -0.276769 0.933134
0.400954 -0.514779 0.757785
0.524402 0.087443 0.846969
0.478172 0.372811 0.795213
-0.555302 0.034356 0.830939
0.889437 -0.394607 0.230621
0.954835 -0.24959 0.161231
-0.71005 0.260569 0.654165
-0.697119 -0.204761 0.687094
0.738965 0.60175 0.303031
0.602744 -0.049713 0.796384
0.247444 0.84319 0.477287
-0.37302 0.822102 0.430122
0.168751 -0.434019 0.884958
-0.331237 -0.846885 0.416015
0.94963 0.057817 0.307994
0.785108 0.08219 0.613881
0.665937 0.09553 0.739866
-0.838053 0.530802 -0.12616
0.693858 0.720087 0.006016
0.127169 0.976182 -0.175775
-0.161257 -0.876736 0.453133
-0.33306 -0.184029 0.924773
0.267968 -0.911103 0.313184
-0.503762 0.202897 0.839676
-0.288488 -0.030983 0.956982
0.396757 -0.874763 -0.278161
0.007071 -0.707025 0.707154
-0.163396 -0.709178 0.685834
0.625452 0.518677 0.58291
0.372918 0.850047 0.371957
0.488585 -0.356565 0.796333
0.818134 0.218164 0.532035
-0.316963 -0.947782 -0.035258
0.611856 0.731557 0.30076
-0.271004 0.653945 0.706338
0.969898 0.199596 -0.139498
0.544757 -0.465857 0.697292
-0.427194 0.903308 -0.039239
-0.344291 0.92218 -0.176201
0.648767 -0.346967 0.677285
-0.10535 0.972922 0.20573
-0.025848 0.769282 0.638386
0.850736 -0.234148 0.470556
0.903914 0.205984 0.374846
-0.62408 0.65592 0.42461
0.788393 0.608557 -0.0899779
-0.58399 0.319078 0.746421
-0.283179 0.397155 0.872971
0.26957 -0.767721 0.581323
0.439872 -0.847857 0.296061
-0.236979 0.121659 0.963867
0.707053 0.685179 0.174946
0.329588 -0.40011 0.855151
-0.543052 0.816817 0.194689
-0.015682 -0.162123 0.986646
-0.156558 -0.465329 0.871182
0.997488 0.064883 -0.028434
-0.489427 -0.789859 0.369573
0.647081 -0.498981 0.576459
-0.080682 0.928481 0.362509
-0.848535 0.481067 0.220371
-0.500488 -0.621289 0.60292
0.273547 0.19191 0.942519
0.461425 0.883446 0.081298
-0.587372 -0.310408 0.747423
0.488029 0.834956 0.254316
-0.176386 -0.178546 0.967992
-0.958373 0.111573 0.262817
-0.904691 0.322747 0.278153
0.087919 0.901722 0.423281
0.304196 -0.106646 0.946621
0.819968 0.468741 0.328534
-0.065536 -0.940143 0.334419
0.612519 0.382165 0.691932
-0.811723 0.444613 0.378716
-0.763843 -0.425538 0.485243
0.103376 0.578645 0.809001
-0.571108 -0.81972 0.043529
-0.685158 -0.374715 0.624617
-0.977919 -0.047711 0.203465
0.861753 0.477976 -0.17006
0.730797 -0.057834 0.68014
-0.74385 0.584611 0.323909
0.176091 -0.686708 0.705283
-0.404579 0.085995 0.910451
-0.992141 0.085098 0.091734
0.032502 0.993582 0.108343
-0.673227 -0.722295 0.158287
0.79567 0.600631 0.078428
-0.676102 -0.036804 0.735889
0.916445 -0.394909 0.064615
0.006089 -0.456577 0.889663
-0.217434 0.854468 0.471812
-0.936026 -0.344458 0.072145
-0.910618 -0.334983 0.241994
-0.575079 0.578424 0.578541
0.578944 0.237526 0.780003
-0.123118 -0.01907 0.992209
0.371341 0.061271 0.926473
0.708823 0.237478 0.664209
0.34784 0.914554 0.206393
-0.702614 0.519944 0.485791
-0.367511 0.516706 0.773272
0.185563 -0.971336 0.148566
-0.789225 -0.264 0.554462
0.219699 0.468751 0.855573
0.834443 -0.07481 0.545992
0.518093 0.647211 0.559194
0.194729 0.96796 0.158538
0.520344 -0.840078 0.153332
0.966517 -0.095401 0.238208
0.913448 -0.0878451 0.397362
-0.755946 0.076355 0.650166
0.390429 0.63925 0.662514
-0.852226 0.52124 0.044949
-0.933444 -0.183496 0.308238
-0.048318 0.554531 0.830759
-0.539965 -0.814962 0.210415
-0.762795 0.366265 0.532911
0.161467 0.986831 -0.009647
0.915316 -0.244649 0.319912
-0.132077 0.990563 0.036602
0.60529 -0.752827 0.258605
0.763055 -0.646039 0.019521
0.145631 -0.137558 0.979729
-0.642118 0.147409 0.7523
-0.451733 -0.076662 0.888853
-0.210698 0.541456 0.813899
-0.26261 0.951508 0.160214
0.105232 0.162536 0.981075
0.1915 -0.8626 0.46824
-0.514757 0.47887 0.711132
-0.430633 0.622433 0.653553
0.814856 -0.188763 -0.548068
-0.054653 0.860239 0.506954
0.061022 0.96103 0.269626
-0.903992 0.143371 0.402794
0.851612 0.493504 0.176665
0.055829 0.434805 0.898792
0.096259 0.698544 0.709063
0.494759 -0.602893 0.625886
0.35464 -0.827153 0.435945
0.098666 -0.796401 0.596666
-0.856903 0.023051 0.514962
-0.420758 -0.745257 0.517257
-0.075501 -0.806591 0.586268
-0.653725 0.709968 0.261895
-0.269346 -0.327147 0.905774
-0.520885 0.775765 0.356184
0.731353 0.503055 0.460499
0.503768 0.517284 0.691834
0.210393 0.029817 0.977162
-0.710425 -0.574499 0.406507
0.799012 -0.526769 0.28999
0.488391 -0.7084 -0.509552
-0.557277 0.829855 0.027984
0.06827 -0.304343 0.950113
-0.861047 -0.30816 0.404519
-0.340133 0.745295 0.573449
0.368151 0.499791 0.784011
0.877301 0.47994 -0.001142
-0.185423 0.768929 0.611855
0.04441 0.001964 0.999011
-0.559303 -0.4746 0.679658
-0.958662 0.232642 0.163842
0.75535 -0.370731 0.540376
-0.335554 -0.681983 0.649848
-0.347636 0.244315 0.90524
-0.413962 0.902284 0.120497
-0.917924 0.382514 0.105352
-0.64761 0.429235 0.62957
0.017679 -0.882078 0.470772
-0.575313 -0.67221 0.465992
-0.440299 0.364512 0.820529
-0.06687 0.137895 0.988187
0.652422 -0.752865 0.086832
0.592065 0.795594 0.128414
-0.0992261 0.668303 0.737241
