0.560919 0.12832 0.817866
0.483776 -0.858508 0.170074
-0.338198 0.939116 -0.060697
0.453192 0.882473 0.125927
0.396714 -0.740554 0.542399
0.73334 -0.652041 -0.192498
-0.615253 0.631052 0.472479
0.782409 0.531925 0.323869
0.828801 -0.554733 -0.073214
-0.465342 0.675336 0.57217
0.122346 0.99204 0.02979
-0.921663 0.362199 -0.139103
0.46804 -0.016459 0.883554
0.009043 -0.946795 0.32171
0.618536 0.301792 0.725489
0.539231 0.596729 0.594259
0.861249 -0.078726 0.502049
-0.91551 0.400062 0.042336
-0.210001 0.975689 0.06269
-0.006005 0.94069 0.339213
-0.853791 -0.490253 0.175195
-0.598226 -0.721741 0.348162
0.842855 -0.528356 0.102156
0.78516 0.412811 0.46164
-0.764057 0.159386 0.62515
0.637787 -0.044665 0.768916
0.520946 0.719553 0.459194
-0.153766 -0.541035 0.826824
-0.360722 -0.742471 0.564461
-0.09249 0.270935 0.958144
0.757209 0.282388 0.588975
0.376742 0.725321 0.576173
0.744212 -0.565845 -0.35492
-0.259686 -0.659438 0.705482
0.716181 -0.373145 0.589786
-0.478801 0.772978 0.416238
0.838983 -0.263237 0.476249
-0.978001 0.128595 0.164248
-0.459508 0.256295 0.850391
-0.544601 -0.254114 0.799272
0.686066 0.570496 -0.451494
0.454282 -0.81342 0.363284
-0.818408 -0.451881 0.354981
-0.872898 0.087732 0.47995
-0.268694 -0.854652 0.444267
-0.594751 0.518505 0.614348
0.392712 0.593616 0.702423
0.634109 -0.269497 0.72476
0.236249 0.566724 0.78931
-0.084905 -0.877683 0.471661
-0.435528 -0.078458 0.896749
-0.685561 0.03855 0.726994
-0.053786 -0.393618 0.917699
-0.298757 0.696089 0.652843
0.603309 -0.746635 0.280275
0.51707 0.454158 0.72552
0.646884 0.689024 0.326782
0.126636 -0.390712 0.911761
-0.318347 0.801867 0.505632
0.571365 -0.449966 0.686347
-0.176138 0.108664 0.978349
0.894907 -0.31841 0.312661
0.150557 0.965251 0.213597
0.846564 -0.381874 -0.370812
0.045161 0.986156 -0.159551
0.558915 -0.689759 0.460267
0.197024 0.816869 0.542132
-0.799344 -0.227169 0.556276
-0.532645 -0.672602 0.513708
0.335511 -0.909141 0.246769
0.754608 -0.191382 0.627646
0.203903 -0.219741 0.954011
0.025684 -0.227937 0.973337
-0.270098 0.566234 0.778734
-0.28532 0.259526 0.922626
0.017722 0.863526 0.503993
0.82972 0.111618 0.546907
0.487507 0.817433 0.306822
0.053444 -0.99847 0.014208
-0.254011 -0.057268 0.965504
0.733076 -0.680104 0.007539
-0.229494 -0.965933 0.119604
0.102256 -0.870969 0.48058
-0.530943 0.08877 0.842745
0.219324 -0.534888 0.81596
-0.070227 -0.059133 0.995777
-0.497628 -0.839579 0.217882
-0.340371 -0.902258 0.264723
-0.977122 0.002283 -0.212667
0.296429 -0.039681 0.95423
-0.340102 0.878539 0.33541
0.210632 -0.773739 0.597463
-0.51864 -0.442578 0.731531
-0.440892 -0.803199 0.400607
0.012811 0.109351 0.993921
0.972442 -0.232863 -0.01147
0.494603 -0.837556 -0.232096
0.01522 -0.786176 0.617816
-0.363658 0.094745 0.926702
-0.9912 -0.051036 0.122137
-0.002253 0.428069 0.903743
0.950501 0.157597 -0.26779
0.947134 0.298542 0.117519
0.28228 0.290426 0.914314
0.647205 -0.541641 0.536424
-0.693358 -0.720058 -0.027785
0.950299 -0.021807 -0.310574
-0.542141 0.392956 0.742744
-0.639615 -0.750308 0.167124
0.488179 -0.87235 -0.02621
0.178603 -0.930708 0.319193
0.784199 -0.44045 0.437076
-0.753743 -0.402376 0.519582
0.94912 0.181948 0.257033
-0.87287 -0.282213 0.398063
-0.041671 -0.754787 -0.654645
-0.374709 0.417176 0.827984
-0.916117 0.203041 0.345695
-0.583987 -0.085777 0.807219
-0.737265 -0.610683 0.288975
-0.382408 -0.138647 -0.913532
0.473936 -0.347617 0.809041
-0.444783 -0.604219 0.661125
0.849276 -0.476555 -0.227212
-0.701382 -0.162184 0.694089
0.174215 0.905922 0.385946
-0.155748 -0.226722 0.961426
0.619561 -0.776906 -0.112074
0.699892 0.14146 0.7001
-0.17473 -0.780765 0.599896
0.553266 0.83275 -0.020572
0.323659 0.90916 0.262054
-0.292307 -0.953258 -0.076529
0.916089 0.400005 -0.02788
0.671028 0.575475 0.467494
-0.337408 -0.218188 0.915724
-0.170702 -0.937474 0.303321
-0.198379 0.414487 0.88817
-0.998008 0.05667 -0.027729
0.827282 -0.490879 0.273208
0.168323 -0.974714 0.146966
-0.337764 -0.516861 0.786619
0.033205 -0.544679 0.837987
0.374529 -0.201803 0.904988
0.760606 -0.02029 0.648896
0.870343 0.238901 0.430614
0.311051 -0.652254 0.691239
-0.764093 -0.634793 0.114891
-0.603323 -0.77896 -0.170944
0.16848 0.437682 0.883204
-0.071006 -0.675298 0.734119
-0.624118 0.220686 0.749516
-0.029156 0.985797 0.165388
0.869186 0.465807 0.16595
0.732279 -0.461612 -0.500682
-0.801668 -0.035802 0.596697
0.930925 -0.306244 -0.198978
-0.617235 0.781733 -0.088963
0.202436 0.119233 0.97201
-0.093792 0.554781 0.826693
0.291508 -0.849112 0.44049
0.829314 0.558154 0.026515
0.490863 -0.606913 0.625068
-0.662888 -0.337734 0.668218
0.967545 -0.186248 0.170789
0.661101 0.445818 0.603482
0.989898 0.122185 0.071921
-0.14244 0.802552 0.579328
0.883421 0.358224 0.302065
0.121555 -0.672476 0.730068
0.734054 -0.651061 0.193094
0.303817 -0.376325 0.875257
0.534114 -0.172374 0.827653
0.920989 0.054308 0.385784
-0.357877 0.922036 0.147557
0.217968 0.702852 0.677118
-0.166305 0.891028 0.422389
0.398607 0.914317 -0.071677
-0.618756 0.721608 0.31052
-0.118738 0.689317 0.714664
0.361414 0.435171 0.824625
-0.750325 -0.635882 -0.180741
-0.43882 0.554243 0.707285
0.065916 0.613972 0.78657
0.468165 0.287904 0.835424
0.097813 0.273044 0.957016
0.399739 -0.508975 0.762334
0.704346 -0.605489 0.370513
-0.69225 0.345235 0.633722
-0.818135 0.275098 0.504952
-0.612 -0.514938 0.600245
-0.917413 -0.330356 0.22185
-0.40819 -0.355592 0.840794
0.350247 0.831697 0.430821
0.929295 -0.136775 0.343078
-0.970539 -0.228688 0.075867
-0.189989 0.94969 0.248982
0.115193 -0.054019 0.991873
-0.891274 -0.099687 0.442372
-0.232732 -0.385915 0.892696
