0.75476 -0.22741 0.615323
-0.413559 -0.643999 0.64361
0.474699 -0.247683 0.844579
-0.387533 -0.874184 0.292609
0.804108 -0.591168 0.062697
0.024128 0.980803 0.193502
0.408596 -0.863946 0.294357
0.068174 -0.127803 0.989454
-0.895215 -0.424102 0.136847
-0.658624 0.685324 -0.310718
-0.611045 -0.684295 0.397951
-0.002647 -0.275722 0.961234
0.458294 0.784944 -0.416929
-0.972337 -0.00884 0.233417
0.140117 -0.551909 0.822049
-0.122881 0.864074 0.488135
-0.54762 -0.788201 0.280805
0.671566 0.179189 0.71895
-0.613157 0.590307 0.524953
0.50937 0.585312 0.630834
-0.97595 0.153697 0.154594
-0.118754 -0.906279 0.405655
-0.571899 -0.392744 0.720197
0.043629 -0.670747 0.740402
0.129674 0.934242 0.332231
0.042175 0.877262 0.478156
0.550162 0.440667 0.709319
-0.946188 0.310775 0.090259
0.518167 -0.615519 0.593835
0.79561 0.529418 0.294484
0.339667 -0.831849 0.438924
-0.450311 -0.347428 0.822505
-0.067712 0.309325 0.948543
0.963553 -0.031843 0.265615
-0.80237 -0.561674 0.201802
-0.18007 -0.824155 0.536976
-0.405808 -0.913947 -0.004523
0.293822 -0.934664 0.200177
0.669885 0.649308 0.360073
-0.957576 -0.282417 0.057354
0.446827 0.712092 0.541544
-0.356301 0.925527 0.128254
-0.862159 -0.162605 0.479836
0.159532 -0.27453 0.948253
-0.687159 -0.680367 0.254781
-0.838337 -0.527763 -0.136595
-0.713328 0.700332 0.026421
-0.775514 0.588369 -0.22891
0.114117 0.793313 0.598023
0.969838 -0.175611 0.169041
-0.289737 -0.85953 0.421023
0.683826 0.338716 0.646262
0.829602 -0.458499 0.318652
-0.740503 0.514094 0.432854
0.81372 -0.071379 0.576858
-0.307683 0.139793 0.941164
0.395235 -0.117563 0.911026
-0.314921 -0.449013 0.836189
-0.064761 -0.763865 0.642118
0.5666 -0.792218 0.226615
0.944042 -0.321864 0.072028
0.319394 0.936966 -0.14171
-0.655215 -0.102542 0.748451
0.695561 -0.703882 0.14403
-0.242936 0.563027 0.789926
0.342771 -0.938371 0.044353
0.598911 0.762388 0.245093
0.994921 -0.021615 0.098311
0.773777 -0.390223 0.498994
-0.227393 0.775362 0.589157
0.973966 0.118621 0.193181
-0.301176 -0.310713 0.901527
-0.298121 -0.598279 0.743765
0.255259 0.966669 0.019858
0.52638 0.162757 0.834526
-0.675659 0.452441 0.582049
0.621896 0.034546 0.782337
0.436114 -0.73305 0.521961
0.924295 0.251472 0.287124
0.683092 -0.362211 0.634184
0.446589 0.844598 0.295319
-0.872303 0.259654 0.414328
-0.620545 -0.773374 0.129677
-0.894205 -0.394828 -0.210969
0.3516 0.92174 0.163622
-0.296509 0.842574 0.449612
-0.940835 0.133451 0.311481
-0.926785 -0.297521 0.229241
0.95672 0.266673 0.116502
-0.053514 0.789492 0.611424
0.03527 0.170252 0.984769
0.879101 -0.442963 -0.175971
-0.52002 -0.066658 0.851549
0.437172 0.323409 0.839218
-0.41988 -0.190394 0.887384
-0.242572 -0.721492 0.648544
-0.922817 0.290964 0.252483
0.846996 -0.207907 0.489257
0.599231 -0.655086 0.460201
-0.153792 0.686703 0.710483
0.017752 0.694184 0.719578
0.650397 0.488459 0.581714
-0.375236 -0.018764 0.926739
0.102589 0.311177 0.944799
-0.207489 0.011712 0.978167
0.724015 0.656638 0.211255
-0.325939 0.903536 0.278186
-0.605275 0.057848 0.793912
0.225914 -0.415359 0.881158
-0.78266 -0.293667 0.548819
-0.785198 0.556603 0.2714
-0.760101 -0.647242 -0.057667
0.853225 0.083595 0.5148
0.00592 -0.994276 0.10668
-0.235559 0.293997 0.926325
0.208216 0.860979 0.464071
0.468465 0.022433 0.883197
0.926178 -0.181124 0.330739
-0.440102 0.817295 0.371939
-0.918717 -0.027112 0.393985
-0.732652 0.296461 0.612644
0.871978 -0.464975 0.153142
0.732646 -0.555271 0.393578
0.840388 0.540542 -0.039521
-0.355973 -0.76269 0.539988
0.926972 0.101449 0.361152
-0.056701 -0.963838 0.260388
0.597255 -0.800026 0.056959
0.901412 -0.052289 0.429793
-0.031676 0.939044 0.342334
-0.934514 -0.164355 0.315706
0.418207 0.510311 0.751455
0.732597 0.516543 0.443267
0.222357 -0.972508 -0.06918
-0.395961 0.266844 0.878641
0.09771 0.994579 0.035583
-0.557324 -0.540508 0.630271
0.378113 0.174151 0.909232
-0.020039 -0.544777 0.838342
0.230322 -0.90944 0.346222
0.002417 0.450595 0.892725
-0.733137 -0.673817 0.09209
-0.867218 -0.303244 0.394938
-0.392476 0.747064 0.536524
0.235119 -0.122487 0.964218
0.089942 0.579615 0.809912
-0.546478 0.498471 0.67297
0.511116 -0.770426 0.381057
-0.611479 0.347415 0.710912
-0.004687 -0.854379 0.519629
0.59735 0.626475 0.500701
0.649236 0.756668 0.077114
-0.476179 0.631811 0.611612
-0.977733 -0.148228 0.148551
-0.832866 -0.015463 0.553259
-0.225115 -0.933306 0.279757
0.106861 -0.774971 0.622897
-0.792223 0.365623 0.488572
-0.168452 0.855558 -0.489534
-0.534645 0.712391 0.454592
0.773638 0.370874 0.513747
-0.18973 0.916832 0.351313
0.05977 -0.417484 0.906716
-0.471525 -0.8683 0.15401
0.536319 -0.369616 0.758779
-0.765127 -0.143272 0.627737
-0.676179 0.180096 0.714386
0.185373 0.689776 0.69989
0.779877 0.213649 0.588342
0.289768 0.903236 0.316542
-0.0986969 -0.119176 0.987955
0.916751 -0.32515 0.232046
0.863689 0.238914 0.443804
0.997583 -0.008949 -0.0689
0.054898 -0.922225 0.382737
-0.74257 -0.564457 0.360526
-0.465905 0.105255 0.878552
0.582188 -0.482353 0.654517
0.205291 0.16246 0.965123
-0.032181 0.02578 0.99915
-0.442872 -0.503012 0.742188
-0.847297 -0.437074 0.301751
0.531084 0.747086 0.399765
0.366824 -0.653467 0.662134
-0.985809 0.167742 -0.00654
-0.704326 0.681572 0.198457
0.862377 -0.324631 0.388486
-0.879156 0.112742 0.463006
0.911768 0.408896 0.038519
-0.658288 -0.560341 0.502667
0.557322 -0.108818 0.823135
0.571945 0.298412 0.764087
0.628411 -0.237599 0.740707
0.888333 -0.459042 -0.012067
0.355109 0.649611 0.672238
0.115896 -0.964534 0.237156
-0.272868 -0.140481 0.951739
0.208396 -0.670989 0.711579
-0.775331 -0.434501 0.458335
-0.681513 -0.421809 0.598011
0.137643 0.019392 0.990292
-0.561011 -0.22824 0.795721
0.274351 -0.765711 0.581738
-0.151164 0.966558 0.207161
-0.5445 0.228496 0.807037
0.28323 0.765115 0.578256
-0.161992 0.441754 0.88239
-0.678 -0.270185 0.683605
-0.138295 0.162143 0.977028
0.385186 -0.39922 0.832019
-0.473315 0.389069 0.790315
0.504052 0.851469 0.14468
-0.670229 0.644784 0.367486
-0.604449 0.787958 0.117318
0.318149 -0.267403 0.909548
0.165831 0.447237 0.878908
-0.733877 0.026577 0.678763
0.752652 0.056001 0.656032
0.699058 -0.094222 0.70883
0.547711 0.836619 -0.009
0.323136 0.429957 0.843042
0.254523 0.568907 0.782025
0.269883 0.298699 0.915392
-0.479956 0.85193 0.209424
-0.117348 -0.405393 0.906579
-0.518588 -0.672787 0.527659
0.844492 0.389165 0.367946
-0.077796 0.577529 0.812655
0.99098 0.13224 0.021719
-0.15979 -0.979165 0.125314
-0.32056 0.665598 0.673959
0.063464 -0.996622 -0.052128
0.191309 0.964987 0.179444
-0.460461 0.876889 -0.137991
0.295797 -0.543594 0.7855
-0.807419 0.58054 0.105106
0.370921 0.817421 0.440728
0.443846 -0.520609 0.729361
-0.16256 -0.262887 0.951034
-0.125081 -0.65418 0.745925
0.672691 -0.516475 0.52985
0.308838 0.028114 0.950699
0.483958 -0.874435 -0.033881
-0.400661 0.53611 0.743005
-0.796079 0.159663 0.583751
-0.583353 0.757877 0.292099
-0.180033 -0.525283 0.831665
-0.322003 0.421013 0.847975
0.175048 -0.980639 0.087785
-0.845568 0.414954 0.335898
