154
-0.249652 -0.674504 0.694779
-0.611309 0.175748 0.771631
-0.675535 0.737154 0.016012
-0.133745 0.711793 0.689538
-0.941941 0.216916 0.256309
-0.043736 -0.757635 0.651211
-0.743069 -0.508044 0.435592
0.970191 -0.237859 -0.046404
0.656992 -0.73102 0.184313
-0.338777 0.94085 -0.005666
0.686288 0.33396 0.646126
0.238778 0.964963 0.108777
-0.957133 -0.172181 0.232915
-0.481862 -0.17902 0.857765
-0.260739 0.366037 0.893326
0.783057 -0.413428 0.464649
-0.041667 -0.99911 -0.00656
0.304419 -0.846021 0.437697
-0.145779 0.983362 0.108385
-0.31385 0.865546 0.390293
-0.029301 -0.894821 0.445463
0.151234 -0.983023 0.103891
-0.40804 -0.722127 0.558602
0.581675 0.767878 0.26836
-0.220213 -0.969979 0.103182
0.423399 0.883761 0.19925
-0.806857 0.583264 0.093732
0.773055 -0.244003 0.585532
0.0721 0.904123 0.421146
-0.725673 -0.682642 0.086013
0.642322 -0.403792 0.651441
-0.868916 -0.363032 0.336442
0.247215 -0.196743 0.948777
-0.283305 0.772976 0.567668
0.418875 0.811216 0.40801
-0.470676 0.723072 0.505599
0.649576 0.156159 0.744087
-0.112256 -0.414474 0.903111
-0.313749 -0.083115 0.945861
-0.141192 -0.210653 0.967311
0.941668 0.327409 0.077881
0.820759 0.287226 0.493818
-0.472653 -0.389403 0.790547
0.366896 0.540703 0.756986
-0.449841 -0.569085 0.688321
0.019217 0.620915 0.783643
-0.187637 -0.930489 0.314615
-0.685803 -0.664163 0.297592
-0.284794 -0.503102 0.815954
-0.527481 -0.770244 0.358453
-0.107373 0.856572 0.504732
0.141977 -0.930986 0.336315
0.206366 -0.00075 0.978475
0.174158 0.502964 0.846579
-0.589649 -0.805503 -0.058981
0.471889 -0.826993 0.305619
0.909227 0.111434 0.401109
0.250759 0.914074 0.318731
0.300531 -0.556981 0.774244
0.954902 -0.243902 0.169335
0.337072 0.365221 0.867753
-0.666607 0.712521 0.218974
0.800482 -0.588322 0.114479
0.73539 0.666637 0.121646
0.927673 0.35045 -0.128871
0.97536 0.120457 0.184833
0.097542 -0.499214 0.860971
-0.857959 -0.005222 0.513691
-0.629533 -0.049783 0.775377
0.813936 0.447077 0.370985
0.131186 -0.822684 0.553155
0.888353 -0.24807 0.38638
-0.896607 0.406854 0.174829
-0.990978 0.036297 0.129018
-0.294963 0.146267 0.944247
0.618271 -0.227388 0.752353
-0.471961 0.402907 -0.784167
0.610115 -0.696269 0.378114
0.050139 0.127352 0.990589
-0.044474 0.44638 0.893738
-0.36024 0.628794 0.68909
0.333249 -0.92181 -0.198017
0.56738 0.673608 0.473638
-0.50244 0.805767 0.313517
0.240615 0.817147 0.523808
0.476931 0.178993 0.860522
-0.204225 0.551185 0.809004
-0.905705 0.42223 -0.037679
0.758411 -0.567225 0.321043
0.794413 0.116794 0.596043
0.690799 0.500947 0.521391
0.850749 0.494275 0.178659
-0.631196 -0.270843 0.726798
0.212924 0.677142 0.704373
-0.819987 -0.527334 0.222575
0.443536 -0.214558 0.870196
-0.021876 -0.977043 0.211916
0.95322 -0.067523 0.29464
0.279589 -0.38323 0.880321
0.712909 0.621184 0.325409
-0.44709 0.2642 0.854581
-0.868173 0.188663 0.459002
-0.623988 -0.460853 0.631074
-0.106091 0.251027 0.962149
0.066953 -0.312213 0.94765
-0.58903 -0.62845 0.508029
0.731166 -0.058346 0.6797
-0.853147 -0.521305 0.01955
-0.944731 0.014872 0.327509
-0.135388 0.02054 0.99058
-0.081693 -0.597374 0.797791
0.507871 -0.855707 0.099164
-0.311398 -0.305449 0.899851
0.914368 0.289882 0.282666
0.279068 0.185911 0.942103
0.056474 0.974345 0.217857
-0.471848 0.044244 0.880569
-0.390691 -0.896258 0.20996
-0.198829 -0.818159 0.539522
-0.597851 0.37623 0.707832
-0.843291 0.373787 0.386192
-0.995341 0.056808 -0.077903
0.863008 -0.069624 0.50037
-0.34676 -0.845899 0.405232
0.874403 -0.415279 0.250924
-0.129627 0.941258 0.311816
-0.760622 -0.1423 0.633407
-0.419222 0.459315 0.783123
0.316499 -0.923166 0.218159
0.524277 0.362214 0.770671
-0.988389 -0.149768 0.025618
-0.749405 0.087273 0.656335
0.575853 -0.027458 0.817092
0.399911 -0.012817 0.916464
0.540571 0.534241 0.6499
-0.881211 -0.188528 0.433502
-0.415937 -0.909366 0.007014
-0.55056 0.560006 0.619094
-0.571266 -0.806747 0.151047
-0.76862 -0.333112 0.546132
-0.748198 0.287418 0.597989
0.516436 -0.849287 -0.10957
0.05529 0.783398 0.619056
-0.63744 0.645604 0.420553
0.64002 -0.560677 0.525371
-0.712359 0.473983 0.517576
0.398223 0.694723 0.598981
0.461483 -0.722543 0.514748
0.032814 -0.108233 0.993584
0.295936 -0.716775 0.631391
0.479769 -0.573655 0.663883
-0.779991 0.548392 0.301465
0.119864 -0.668167 0.734293
0.11722 0.322076 0.939429
