-0.673032 -0.445949 0.590049
0.976955 0.01737 0.212739
0.674215 0.663663 0.324016
0.178853 -0.959472 0.217773
0.355823 0.026444 0.934179
-0.466967 -0.377982 0.79942
0.399273 0.867565 0.296499
-0.959847 -0.014873 0.28013
0.191156 -0.73975 0.645159
-0.792466 -0.39634 0.463587
0.685304 0.557505 0.468558
0.604994 -0.491621 0.626331
0.842877 -0.034991 0.536968
0.003407 -0.978094 0.208135
-0.148491 0.733434 0.663343
-0.367564 -0.525606 0.767226
-0.931221 0.364024 -0.017732
0.570715 0.553202 0.606838
-0.473796 0.427492 0.769914
0.658052 -0.721027 0.216994
-0.974687 -0.168812 -0.146588
-0.255379 -0.650687 0.715114
-0.709585 -0.543838 0.448029
0.166219 0.715309 0.678752
-0.959753 0.153864 0.234948
3.2e-05 0.660932 0.750446
0.015916 0.776831 0.629508
0.340842 0.931311 0.128401
0.136789 0.440163 0.887438
-0.603667 -0.675811 0.422924
0.796519 -0.195006 0.572302
-0.873008 -0.46149 0.157744
0.078828 -0.927703 0.364902
-0.734564 0.183977 0.653122
0.736816 -0.039584 0.674933
0.613117 -0.349167 0.70864
0.31954 -0.454558 0.831427
-0.85547 -0.236239 0.460828
0.915268 0.40283 -0.003587
-0.58909 0.472261 0.6557
-0.441363 0.894942 -0.065408
-0.04729 -0.236045 0.970591
-0.025894 0.917098 0.397819
-0.83139 -0.555646 -0.006982
-0.938572 -0.301992 0.166981
-0.413383 0.725267 0.550547
-0.463724 -0.083738 0.882014
0.142611 -0.846707 0.512591
0.350737 -0.690781 0.632302
0.826769 -0.333278 0.453188
-0.110562 0.962302 0.248496
0.504339 -0.617934 0.603158
-0.141964 -0.768523 0.623873
0.786361 0.531402 0.315038
0.866533 0.273219 0.417698
0.444826 0.525853 0.724989
0.926121 0.003209 0.377213
0.970864 0.239307 -0.012424
-0.305727 0.670985 0.675507
-0.167215 0.604673 0.778723
-0.721118 -0.692659 -0.014552
-0.802994 0.385838 0.454235
-0.573674 -0.765256 0.292029
-0.278024 0.928256 0.24707
-0.603056 -0.035169 0.796923
-0.895007 -0.069664 0.440579
-0.262034 -0.910957 0.318585
0.153606 0.58579 0.795774
-0.191065 -0.53428 0.823431
-0.80626 -0.505124 0.307888
0.165324 0.980639 0.10495
0.935468 0.174872 0.307116
0.565507 0.402509 0.719853
-0.655103 0.750572 0.086497
0.639682 0.7497 0.169578
0.2985 -0.160743 0.940776
0.054692 -0.37304 0.926202
0.390852 -0.286859 0.874612
-0.619677 -0.334566 0.709976
-0.022545 -0.863514 0.50382
-0.515414 -0.844364 0.146279
0.463427 -0.737846 0.490733
-0.354559 -0.919406 0.170239
-0.078503 -0.995751 0.048147
0.101843 -0.99283 0.062582
0.133514 -0.212965 0.967895
-0.802515 -0.116798 0.585088
-0.325485 0.529295 0.783522
-0.516034 0.85171 0.091095
0.725559 -0.488487 0.48471
-0.020343 0.995416 0.093456
-0.213349 -0.265516 0.940204
0.248109 -0.896382 0.367343
0.133683 0.910456 0.391407
0.250074 0.159649 0.954974
0.9532 -0.140445 0.267742
-0.681263 0.510863 0.524309
-0.352048 0.207659 0.912656
0.866834 0.122432 0.483331
0.062973 0.968128 0.242408
0.297666 0.48882 0.82003
0.544413 0.23894 0.804066
0.817821 -0.466322 0.337213
-0.186526 -0.856861 0.480622
0.708054 0.644557 -0.288453
0.433426 0.776611 0.457184
-0.528124 -0.490964 0.692849
-0.636439 0.658986 0.400852
-0.57389 -0.591771 0.56609
0.603944 -0.064078 0.794447
-0.932835 -0.186167 0.308481
-0.065278 0.048841 0.996671
0.933711 0.323972 0.1524
-0.887224 0.424364 -0.180968
-0.19437 0.976613 0.091913
0.295665 0.761271 0.577103
0.881052 -0.460989 -0.106003
-0.263051 -0.964225 0.032765
0.305444 -0.805829 0.50729
0.479757 -0.404094 0.778807
0.51163 -0.831439 0.216665
0.117784 0.279677 0.952842
-0.031536 0.379421 0.924686
-0.76127 -0.626137 -0.168581
0.727311 -0.353034 0.588545
-0.99296 0.047299 0.108596
-0.615137 0.310078 0.724885
0.441186 0.66669 0.600732
0.540214 -0.227848 0.810095
0.433399 0.901165 -0.008214
0.67123 0.264389 0.692495
0.991757 -0.096496 0.084296
-0.554225 0.628221 0.546052
0.035037 -0.082986 0.995935
0.617316 -0.621356 0.482533
-0.572273 0.781002 0.250078
-0.749734 -0.285496 0.596984
-0.361779 0.927862 0.090492
0.412437 -0.83705 0.359504
-0.258245 0.798533 0.543742
0.241844 0.934097 0.26263
-0.908759 0.098105 0.405625
-0.35846 0.84068 0.405911
-0.65938 -0.738737 0.139588
0.889268 -0.167048 0.425791
-0.092119 -0.932792 0.348443
0.428926 0.371942 0.823214
-0.879883 -0.351922 0.319306
-0.719837 0.351457 0.598593
0.287563 0.855382 0.430847
0.508466 0.068768 0.858332
-0.199443 0.895577 0.397699
-0.686422 -0.164418 0.708372
0.846813 -0.529546 0.049878
-0.620255 0.139774 0.771846
0.860869 0.484113 0.156651
-0.864543 0.40948 0.291361
0.684332 -0.196329 0.702242
0.877498 0.377905 0.295271
0.199923 -0.029536 0.979366
-0.304901 -0.123486 0.944345
-0.182736 0.458557 0.869674
-0.432043 0.866182 0.251131
0.498416 0.852871 0.155542
0.77853 0.278088 0.562636
-0.897491 0.260004 0.356242
-0.935631 0.309291 0.170099
-0.99795 -0.061218 -0.018671
0.648439 0.100369 0.754621
0.566857 0.676297 0.47042
0.152898 -0.498743 0.853157
-0.59303 0.80239 -0.066983
-0.753777 0.536901 0.378889
-0.206323 0.121974 0.970852
0.402121 0.204307 0.892501
0.785752 0.422971 0.451319
-0.504586 0.760932 0.40789
0.227949 -0.338447 0.912958
0.132032 0.834844 0.534418
-0.082486 -0.658986 0.747619
-0.491286 0.263458 0.830198
0.348859 -0.911986 0.215822
-0.827813 0.223937 0.514372
0.711721 -0.611485 0.345746
0.570432 -0.739057 0.358333
-0.725861 0.011074 0.687752
-0.549811 -0.213177 0.807628
0.902321 -0.305189 0.304427
-0.980663 -0.127549 0.148429
-0.425995 -0.635998 0.643455
0.544285 0.776575 0.317309
0.587984 0.808798 0.010994
-0.470182 -0.732785 0.491889
-0.69681 0.675335 0.241618
-0.296056 -0.402117 0.866402
-0.015371 -0.528896 0.848548
0.089617 -0.643811 0.759918
-0.977567 0.206016 0.043827
-0.392501 -0.254953 0.883709
-0.115214 -0.40005 0.909222
-0.337263 0.03426 0.940787
-0.088109 0.845014 0.527435
-0.308993 -0.748459 0.586799
-0.340402 0.373092 0.863093
-0.453081 0.582666 0.674699
0.025764 -0.76584 0.642515
-0.173627 -0.967137 0.185741
0.4362 0.844888 -0.309668
-0.046404 0.218722 0.974683
0.27782 0.331505 0.901621
-0.804421 0.550897 0.222303
-0.828937 0.05498 0.556634
0.347055 0.826725 -0.442808
0.452697 -0.10385 0.885596
-0.153537 -0.087728 0.984241
0.423548 -0.545854 0.722946
-0.275183 0.959245 -0.064215
0.789344 -0.580116 0.201
0.095175 0.104388 0.989972
0.956192 -0.256401 0.141261
-0.77679 0.625207 0.075582
-0.015356 0.527859 0.849193
-0.780966 -0.608058 0.142681
0.769318 0.11924 0.627639
0.683186 0.423016 0.595244
0.727562 -0.682291 0.071647
0.257015 -0.604635 0.753896
-0.197157 0.297005 0.9343
-0.487484 0.091197 0.868356
0.310445 0.630719 0.711208
