-0.62013 0.64238 0.450318
-0.718782 0.617632 0.319191
-0.248402 0.840801 0.480988
-0.570135 -0.166209 0.804562
0.950801 0.065535 0.302791
-0.654486 -0.600488 0.459416
0.659421 0.308655 0.685489
0.794086 0.087188 0.601519
0.627976 -0.125828 0.767993
0.663437 -0.41487 0.622683
-0.467373 0.236486 0.851843
-0.649163 -0.026427 0.76019
-0.7642 -0.037654 0.643879
0.645691 0.716458 0.264142
0.311288 -0.707015 0.635004
-0.068251 -0.913618 0.400803
0.92193 -0.207222 0.327268
-0.37538 -0.077486 0.923627
-0.558133 -0.829707 -0.008603
-0.837962 -0.482703 0.254591
-0.036415 -0.973851 0.224251
-0.894816 0.088757 0.437524
0.529977 0.365359 0.765269
0.128541 -0.547209 0.827067
0.038387 0.858153 0.511957
-0.256205 0.730722 0.632775
0.313154 0.146255 0.938373
0.92056 0.365562 0.137601
0.016146 -0.758089 0.651951
-0.257125 -0.765503 0.589824
0.90174 -0.352943 0.249594
-0.091927 -0.0052 0.995752
-0.498853 0.382347 0.777789
-0.957324 0.079378 0.277903
-0.101911 -0.822626 0.559375
-0.215483 -0.864219 0.454634
0.119626 -0.399029 0.909102
0.8356 -0.05375 0.546702
0.656971 -0.27198 0.703147
0.962514 -0.218925 0.160118
-0.794647 -0.193686 0.575345
0.543597 -0.51036 0.666359
0.183203 0.579642 0.79401
0.239699 0.92152 0.305523
0.429131 0.648634 0.628587
0.272929 0.302174 0.913346
0.564022 0.207258 0.799327
0.347074 -0.014907 0.937719
0.171548 0.79377 0.583524
0.854685 -0.197055 0.480295
0.836728 0.494048 0.236226
0.67209 -0.729131 0.129089
0.582074 -0.687731 0.433838
-0.607903 0.255359 0.751829
-0.832957 0.377875 0.40422
0.019866 -0.255952 -0.966485
0.222679 -0.124972 0.966848
0.847158 -0.341919 0.406711
0.734568 0.590964 0.333423
-0.79351 0.598167 0.111973
0.15691 -0.681296 0.714993
0.155387 -0.987852 -0.002013
-0.126756 0.688721 0.713861
-0.16998 -0.440767 0.88138
0.066832 -0.067507 0.995478
-0.028045 -0.346395 0.937669
0.688272 0.537729 0.486959
0.425722 0.257792 0.867355
-0.317481 -0.219554 0.922498
0.977462 -0.210963 -0.007885
-0.262644 0.042262 0.963967
0.98763 0.071435 0.139585
-0.2954 -0.939523 0.173307
0.429713 -0.900955 0.06023
-0.78077 -0.606777 0.149066
-0.69943 0.116328 0.70517
-0.871481 0.490374 -0.007319
0.784918 -0.616502 0.061882
-0.628289 0.395222 0.670114
-0.693675 0.719711 0.028833
0.686486 0.148024 0.711917
-0.516393 -0.706505 0.483932
-0.419656 -0.902843 -0.093611
-0.452757 -0.250257 0.855794
-0.67733 -0.733726 0.053578
-0.174263 -0.286354 0.942143
0.295657 -0.804905 0.514505
-0.869061 -0.348774 0.350842
-0.180734 -0.939832 0.289916
-0.685062 -0.472675 0.554318
-0.483363 -0.803152 0.348291
-0.877589 -0.203823 0.433928
-0.306188 -0.51454 0.800936
0.248074 -0.287721 0.925028
0.076252 -0.940511 0.331095
0.611572 0.67174 0.418025
-0.15241 -0.584055 0.797277
0.43759 -0.758547 0.482826
-0.06574 0.406353 0.911348
-0.253187 0.598285 0.760231
-0.598244 0.738975 0.309872
0.735456 -0.511846 -0.44398
-0.736505 -0.598332 0.315531
0.720077 -0.020782 0.693583
0.735547 0.394694 0.550624
0.617284 0.461182 0.637394
-0.831349 0.244845 0.498908
-0.69206 -0.182096 0.698494
0.953801 0.218666 0.206029
0.780316 0.625281 0.011467
-0.353865 0.349331 0.86761
-0.325677 -0.881558 0.341745
0.395261 -0.892361 0.217855
0.119676 -0.979011 0.164973
-0.105177 -0.971084 -0.214321
0.277615 -0.95432 0.110473
0.774029 0.237439 0.586943
-0.741556 0.388644 0.546855
-0.935339 0.344423 0.080708
-0.730238 0.255546 0.633599
0.929945 -0.357765 0.084895
-0.373247 -0.795324 0.477647
-0.567371 0.110262 0.816047
0.854176 -0.492195 0.167712
0.340151 0.551967 0.761334
-0.808702 0.105634 0.578656
0.861798 0.501775 0.074331
-0.319296 -0.370765 0.872114
-0.569215 0.821996 -0.01779
0.837072 0.29674 0.459626
-0.584706 0.798355 0.144041
-0.1349 -0.711034 0.690096
0.26645 -0.441901 0.856579
-0.366202 0.849993 0.378693
-0.019791 -0.499101 0.866318
0.386699 0.410577 0.825767
-0.69864 0.690583 0.187076
0.484836 0.513333 0.708113
0.04464 -0.863416 0.502513
-0.916026 -0.353738 0.18912
-0.45368 0.885409 0.101122
0.374137 -0.175619 0.910593
-0.286118 -0.646122 0.707576
0.028534 0.09976 0.994602
0.412101 -0.469382 0.780931
-0.28755 -0.957731 0.008113
-0.416431 0.088875 0.904813
-0.93322 -0.358525 0.023689
-0.814096 0.502744 0.290682
0.229816 0.446843 0.86459
-0.054564 -0.177204 0.98266
0.598571 0.038613 0.800138
-0.580704 -0.315567 0.750467
0.130867 0.698714 0.703329
-0.336993 0.915939 0.217923
-0.493934 0.756214 0.42915
-0.666933 -0.737672 -0.10507
-0.476896 0.838116 0.264823
0.508576 0.038874 -0.860139
-0.18844 0.307793 0.932606
-0.058191 0.960034 0.273766
0.476758 0.731455 0.487519
0.19081 0.040014 0.980811
0.027218 -0.99325 -0.112758
-0.132347 -0.989745 -0.053756
-0.233702 0.452517 0.860588
-0.977785 -0.067101 0.198579
0.010295 0.629172 0.777198
-0.206855 -0.11264 0.971866
0.755718 -0.166569 0.63336
-0.867686 -0.48934 0.087566
-0.540484 -0.82268 -0.176279
-0.552383 -0.588815 0.59006
0.408374 -0.600034 0.687887
0.151396 0.201806 0.967654
-0.908588 0.223984 0.352561
0.284267 0.680542 0.675318
0.756288 -0.614133 0.225541
-0.673174 -0.709401 0.208774
0.997067 0.070525 -0.029721
0.512916 0.789942 0.336018
0.518916 -0.227678 0.823947
-0.385114 0.633154 0.671419
0.87685 0.101736 0.469876
0.540608 -0.822439 0.177023
0.23604 -0.933091 0.271341
0.762904 0.623095 0.172424
0.498306 -0.80081 0.332257
0.707924 -0.593135 0.383451
0.541684 -0.371693 0.753938
-0.634193 0.560004 -0.533099
0.058866 0.497286 0.865587
0.56427 0.600864 0.566181
0.329542 0.771485 0.544254
0.635964 -0.717502 0.284149
0.366066 0.839325 0.401906
-0.407014 -0.684778 0.604499
0.001305 0.764224 0.64495
0.159817 -0.79025 0.591578
-0.562474 -0.810067 0.165573
-0.143285 0.152241 0.977902
0.153335 0.981773 -0.112299
-0.608221 -0.714282 0.34622
-0.775181 -0.476385 0.414912
-0.991473 0.073673 0.10749
0.308573 -0.949687 -0.05364
0.497279 -0.65083 0.573702
-0.306653 0.20232 0.93007
0.798532 0.450359 0.399405
-0.379113 0.753469 0.537176
-0.125276 0.811828 0.570299
0.396121 0.883338 0.250605
0.186984 -0.884024 0.428414
-0.091922 0.899655 0.426816
-0.433498 -0.898776 0.065433
0.217505 -0.919248 -0.328139
0.097447 -0.236298 0.966782
-0.452536 -0.412501 0.790604
-0.869251 0.470555 0.151593
-0.900643 0.35097 0.256247
-0.349022 0.861353 -0.369127
-0.936828 -0.210371 0.279459
0.073639 0.926939 0.367916
0.207787 0.868368 0.45029
0.749579 -0.456767 0.479057
-0.858236 -0.05187 0.510628
-0.000777 -0.998588 0.053116
-0.436413 -0.556048 0.707357
0.266925 0.951675 0.151873
-0.111266 0.546236 0.830209
-0.508059 0.648008 0.567416
0.001856 -0.63934 0.768922
0.914045 -0.055527 0.401794
-0.630529 0.525988 0.570763
0.969196 -0.076957 0.23396
0.909922 0.205559 0.36026
0.974964 0.21732 0.047096
-0.795091 -0.340784 0.501694
-0.18522 0.968324 0.167458
0.272552 -0.582122 0.766061
-0.510696 0.521459 0.683572
-0.959285 0.214491 0.183757
0.886393 0.354224 0.298047
-0.930737 -0.061497 0.360481
0.463009 0.095403 0.881204
-0.697735 -0.332759 0.634379
0.995219 -0.071685 0.066331
-0.574963 -0.457503 0.678313
0.105025 0.354067 0.929304
0.396109 -0.329252 0.857141
-0.768114 0.310746 -0.559855
-0.433437 -0.873681 0.220939
-0.378453 0.496 0.78151
0.493624 -0.069092 0.866927
0.813815 -0.482045 0.324556
-0.969788 -0.214033 0.117055
