231
-0.774988 0.164708 0.610135
0.114603 -0.111704 0.987111
0.353686 0.915794 0.190337
0.994943 -0.066962 0.074866
0.993442 0.102929 0.049777
-0.628424 0.630681 0.455329
-0.270652 0.576436 0.771018
-0.677821 -0.654036 0.33585
0.767182 0.13107 0.627895
-0.517816 0.427404 0.741075
-0.02706 0.427431 0.903643
0.738319 0.306473 0.600799
0.624753 -0.323744 0.710544
-0.414321 -0.70708 0.573042
-0 0 1
0.399964 -0.148764 0.904377
0.515162 0.292555 0.805618
0.609959 0.79232 0.013403
0.5509 -0.803932 -0.22406
0.84272 0.223715 0.489668
-0.396457 0.14211 0.906988
-0.980906 -0.153759 0.119088
0.854961 -0.136944 0.500287
0.840044 0.526547 0.13067
0.50744 -0.637314 0.579945
-0.912415 -0.374923 -0.164107
0.473971 -0.289266 -0.831671
0.269459 0.505561 0.819634
0.799323 0.391588 0.455788
0.749418 -0.229001 0.621234
0.485264 0.870704 -0.079952
-0.761091 0.318438 0.565099
-0.974399 -0.052195 -0.218681
0.87554 0.36556 -0.315905
-0.139047 0.301475 0.943281
0.749309 -0.641848 0.162995
0.681689 0.471222 0.559687
-0.294795 -0.325835 0.898291
0.500943 0.822087 0.270609
-0.279704 -0.815775 0.506237
0.628663 0.696781 0.345368
0.207791 0.934391 0.289373
-0.330025 -0.016299 0.943832
0.072705 -0.660668 0.747149
0.190542 0.637983 0.746104
-0.667119 0.742929 -0.05485
-0.367959 0.440266 0.819007
-0.19548 -0.978905 0.059442
-0.11179 0.984323 0.136424
-0.551349 -0.186104 0.813252
0.494101 0.755708 0.429848
0.857928 0.048231 0.5115
0.451917 0.446752 0.772129
-0.483413 -0.025065 0.875033
-0.963413 -0.267082 -0.022409
-0.429434 0.570988 0.699685
-0.258946 -0.714375 0.650088
-0.329086 0.695027 0.639249
0.712449 0.697511 -0.076775
-0.573638 0.551951 0.605219
-0.650374 0.406368 0.641778
-0.235906 -0.171515 0.95652
0.406368 -0.890705 0.20374
-0.91055 0.271286 0.311933
0.911548 -0.220741 0.34692
0.357713 0.864332 0.353513
-0.778922 0.597774 0.189598
-0.146579 -0.895859 0.419466
-0.121694 -0.314046 0.941576
0.956904 0.215904 0.194215
-0.16815 -0.008649 0.985723
-0.449036 -0.85888 0.246355
-0.608197 -0.774359 0.174541
0.646288 -0.564756 0.513189
0.047178 0.276405 0.959883
-0.967837 0.147044 0.204133
-0.611153 -0.322297 0.722922
-0.525986 0.754174 0.393141
0.37792 0.587032 0.715939
-0.053164 -0.568654 0.820857
-0.17829 -0.458748 0.870496
-0.541791 -0.577884 0.610338
-0.053579 0.783714 0.618807
0.314533 -0.471847 0.823668
-0.908145 -0.086328 0.409659
0.854188 -0.512735 0.086403
-0.543502 0.829035 -0.131554
-0.75795 0.549234 0.351928
-0.663181 0.688257 0.294098
-0.678703 -0.553858 0.48229
-0.425074 -0.799682 0.424053
0.548472 0.116946 0.827951
-0.481065 0.680709 0.552459
-0.064672 0.15338 0.986049
0.108999 -0.971959 0.208361
0.54123 0.535607 0.648224
-0.218644 0.798169 0.561356
-0.064318 -0.160577 0.984926
0.602168 0.621353 0.501312
-0.310784 0.299787 0.901965
-0.094657 0.571776 0.814931
-0.255326 0.881287 0.39767
-0.90615 -0.422884 0.007801
0.193164 -0.736489 0.648284
-0.164197 0.690374 0.704573
0.458705 0.672255 0.581087
-0.544282 0.13223 0.828415
-0.979453 0.197906 0.038791
0.659321 -0.148078 0.737136
-0.936223 -0.317976 0.14959
0.491471 -0.809086 0.322236
0.267135 -0.95842 0.100351
0.349747 -0.701432 0.621024
0.924095 -0.034722 0.380581
0.205219 0.971888 0.115405
-0.655017 -0.44385 0.611515
0.521939 -0.239049 0.818801
-0.747566 -0.294725 0.595216
-0.388454 -0.596325 0.702495
0.933814 -0.323579 -0.152605
-0.863039 -0.472193 0.179437
0.964506 -0.114368 0.238008
-0.302282 -0.890797 0.339272
-0.995854 0.019324 0.088888
-0.107516 0.947099 0.302398
0.922001 0.138572 0.361542
0.609632 0.383273 0.693867
0.111838 -0.993127 0.034513
0.045899 0.998301 0.0359
-0.936289 -0.204656 0.285446
-0.374826 0.791298 0.483066
0.057531 0.854245 0.516677
-0.32605 -0.93186 0.159146
0.262373 -0.052005 0.963564
0.74581 0.617006 0.251139
0.456422 0.330676 -0.826034
0.208104 0.864879 0.456813
0.817902 -0.304915 0.487917
0.18915 -0.383851 0.903815
-0.627255 0.272171 0.729708
0.420475 -0.764316 0.488899
0.671654 0.031509 0.740195
0.041488 -0.785037 0.618058
0.078171 0.547095 0.833413
0.130669 -0.528245 0.838977
-0.266966 0.934839 0.234107
0.062435 -0.277502 0.958694
-0.855825 0.03835 0.515841
0.814105 -0.519604 0.259315
0.240019 -0.226513 0.943972
-0.015931 -0.946709 0.321695
0.02004 0.681179 0.731842
-0.868493 0.487587 0.089326
0.629511 -0.737051 0.24591
-0.824619 0.385314 0.414169
0.221557 -0.826232 0.517932
-0.76186 -0.614569 0.204631
0.906483 -0.378419 0.187317
-0.779175 -0.40806 0.475788
0.40344 0.203744 0.892034
-0.398825 -0.17892 0.899403
-0.714021 0.487039 0.502958
0.573867 -0.489199 0.65678
-0.093554 -0.700088 0.707902
0.280144 0.107609 0.953908
0.738842 0.667998 0.088833
-0.558292 -0.762204 0.327651
-0.23617 0.149153 0.960196
0.704034 -0.619943 0.346421
-0.418788 0.896082 0.147154
0.050777 0.977607 0.204222
-0.85919 0.443028 0.255965
-0.676303 0.726301 0.122891
0.053771 0.929151 0.365768
0.862451 -0.373929 0.34111
0.774389 -0.052839 0.6305
0.65331 0.212988 0.726514
0.141037 0.767634 0.625178
-0.554475 0.830705 0.049869
0.333842 -0.857129 0.392274
0.72834 0.549624 0.409188
-0.224156 -0.595118 0.771744
0.57361 -0.700646 0.424342
-0.270426 0.96038 0.067373
-0.346463 -0.46971 0.811995
0.152833 0.409304 0.899507
0.146623 -0.909231 0.389615
-0.408214 0.856255 0.316527
-0.675941 0.117586 0.727514
0.479695 -0.407667 0.776981
0.219021 0.260958 0.940176
-0.757894 -0.014611 0.652214
-0.858699 -0.25567 0.44415
0.822475 0.567549 -0.037716
0.257709 -0.928676 0.266732
-0.927524 0.090137 0.362733
0.423131 0.022863 0.90578
0.293821 0.712609 0.63707
0.367545 -0.317746 0.874041
0.961914 -0.237831 0.134753
0.004106 -0.428781 0.903399
0.764706 -0.477236 0.432979
0.706446 -0.403861 0.581231
-0.695411 -0.17161 0.69782
0.787491 0.512177 -0.342829
0.833649 0.465824 0.296711
0.89192 0.305944 0.332983
0.490386 0.865394 0.103028
0.342853 0.790831 0.50699
0.628617 0.755857 0.183087
-0.625131 -0.035408 0.779716
-0.418424 0.907857 -0.026766
-0.100573 0.880472 0.463308
0.254053 -0.611516 0.749337
-0.202034 0.446093 0.871885
-0.020798 0.874382 -0.484792
-0.967489 -0.033875 0.250635
0.778536 -0.627384 -0.016458
0.549329 -0.064593 0.833106
-0.173842 -0.953854 0.244828
0.860181 -0.212434 -0.463639
-0.506775 -0.462105 0.727762
-0.123858 -0.809673 0.573663
-0.818805 -0.138197 0.55719
0.351783 0.935966 0.014725
0.420286 -0.561897 0.712483
-0.557829 -0.679017 0.477246
0.042932 0.989304 -0.139405
0.12048 0.107388 0.98689
0.931087 -0.364542 0.013666
0.340332 0.360161 0.868595
