246
-0.624276 0.480607 0.61587
-0.240046 0.183646 0.953232
-0.61876 0.081204 0.781372
-0.379908 0.70346 0.600678
-0.732527 0.649589 0.203562
-0.740815 0.091044 0.66551
-0.539149 0.688531 0.48502
0.176784 -0.521647 0.834645
0.873492 -0.205185 0.441486
0.242569 0.940094 0.239548
0.066607 0.970913 0.229981
-0.91119 0.297867 -0.284618
-0.29118 -0.74996 0.593948
-0.438467 -0.395009 0.807288
-0.353415 0.8684 0.347821
-0.922388 -0.019201 0.385787
-0.407762 0.784005 0.468045
-0.756682 0.448686 0.475514
0.670192 -0.234027 -0.704325
-0.562672 -0.824012 0.066364
0.204057 -0.741442 0.639237
-0.81733 -0.557244 -0.146461
0.533064 -0.843371 -0.067592
-0.204159 -0.280557 0.937874
-0.893687 0.44654 0.043891
0.56266 -0.736117 0.376226
-0.599187 -0.764125 0.238932
0.986313 -0.048505 0.15759
-0.874871 -0.446466 0.187798
-0.150661 0.46833 0.870614
-0.2132 -0.91563 0.340834
-0.576479 -0.081215 0.813066
-0.114755 0.968832 0.219534
-0.014242 0.570818 0.820953
-0.83816 0.304976 0.452191
-0.056776 -0.930885 0.360874
-0.117666 0.321161 0.939686
-0.284959 0.955587 -0.075183
-0.184501 0.602115 0.776799
0.950943 0.023919 0.308439
-0.23695 -0.65788 0.714876
0.363059 -0.69232 0.623603
-0.45558 -0.723457 0.518707
0.845051 -0.526884 0.091005
0.207754 0.046476 0.977076
0.928513 0.308871 0.206066
-0.648413 -0.471568 0.597649
-0.514518 -0.242437 0.822493
-0.449923 0.868604 0.207597
-0.365651 -0.877321 0.310817
-0.014024 -0.860939 0.508514
0.409807 0.881369 0.235048
0.347429 -0.049632 0.936392
-0.113307 0.990974 -0.071634
-0.12574 -0.770059 0.625458
-0 -0 1
0.48079 0.195754 0.854705
-0.34518 0.603418 0.718844
-0.863734 -0.120947 0.48922
-0.136677 -0.970155 0.200297
0.747307 0.592561 0.300672
-0.311726 0.480524 0.819709
0.806739 0.211966 0.551582
0.521766 0.697354 0.491383
0.079222 0.133487 0.987879
-0.066011 -0.66744 0.741732
0.492045 0.866272 0.086399
0.85664 0.515164 -0.027814
-0.282932 -0.121379 0.951429
0.775057 -0.281983 0.565484
-0.79039 -0.592186 0.156842
-0.026529 0.996209 0.082849
0.484737 0.021019 0.874408
-0.64 -0.766099 -0.0591
0.516139 -0.826011 0.22651
0.77461 -0.592003 0.222513
0.813345 0.045226 0.580021
-0.99172 0.016747 0.127319
0.452695 -0.746375 0.487844
0.89157 -0.042091 0.450923
-0.278015 -0.414188 0.866693
-0.918408 0.37671 -0.120894
-0.902804 -0.419492 -0.094715
0.274677 -0.614319 0.739706
-0.719958 -0.323679 0.613916
-0.433179 0.357616 0.827325
0.040302 -0.767435 0.639859
0.088342 0.770566 0.631208
-0.203017 0.913401 0.352822
-0.586369 -0.368115 0.721569
-0.057413 -0.996659 0.058083
0.855475 -0.449599 0.256949
-0.200712 0.977171 0.069654
0.442639 -0.560979 0.699552
-0.115529 0.87144 0.476703
0.406815 0.66229 0.629185
0.88621 0.128126 0.445215
0.565929 -0.254442 0.784209
0.318945 0.458809 0.829318
0.41588 -0.320852 0.85094
0.438496 0.526229 0.728563
0.122875 0.657544 0.743328
-0.88835 0.134809 0.438931
0.028326 -0.975822 0.216724
-0.597503 -0.686787 0.413901
0.781494 0.359975 0.509593
-0.345301 -0.534459 0.771441
0.150356 0.983935 0.096256
-0.705977 -0.055587 0.70605
-0.799194 0.598428 0.056336
0.674418 0.475772 0.564625
0.308824 -0.2182 0.925752
0.228653 0.972668 -0.040439
0.678975 -0.73149 -0.062573
0.644746 -0.586895 0.489751
-0.917055 0.248136 0.312153
0.607499 0.090056 0.789199
-0.768065 -0.428769 0.475639
0.105725 -0.652983 0.749957
0.6197 0.706983 0.340804
0.696149 -0.185037 0.693641
-0.762054 -0.647224 -0.019372
0.956836 -0.290196 -0.015868
-0.851265 0.41087 0.326396
0.357701 -0.907977 0.218237
0.260354 -0.892718 0.367791
0.594831 0.261655 0.760074
-0.936391 -0.282258 0.208572
-0.64667 0.67892 0.347687
0.721567 -0.437896 0.536272
-0.690562 -0.564976 0.451581
0.965568 -0.216427 0.144352
-0.913272 -0.203898 0.352647
0.462396 -0.155325 0.872963
-0.969602 0.193367 0.149934
0.187981 0.381018 0.905256
-0.798753 0.201509 0.566911
-0.173866 0.021364 0.984538
0.373582 0.774876 0.509906
-0.107734 -0.42563 0.898461
-0.082673 0.791033 0.606162
-0.95716 0.088803 0.275607
0.252564 -0.38009 0.8898
-0.701905 -0.688454 -0.182646
-0.175214 -0.548879 0.817332
0.932396 0.18898 0.308099
-0.2214 0.718705 0.659125
-0.536752 0.22403 0.813454
-0.470018 0.491674 0.733035
0.352635 0.123083 0.927631
0.30196 -0.807797 0.506246
0.051583 0.86353 0.501652
0.35218 -0.476213 0.805723
0.715529 0.15331 0.681553
0.145534 -0.273901 0.950683
0.759189 -0.553331 -0.34272
0.998247 0.055933 0.019374
0.45303 -0.887846 0.08058
-0.932717 -0.355679 0.059427
0.415276 -0.836576 0.357333
0.017947 0.436127 0.899706
-0.83135 0.019231 0.555417
0.347134 0.299367 0.88875
0.80527 -0.120221 0.580592
0.216315 0.22274 0.950576
0.656689 0.599344 0.457762
0.967863 0.24536 0.055133
-0.081737 0.162735 0.983278
-0.175039 -0.853523 0.490775
0.832458 -0.360932 0.420406
-0.865296 -0.367292 0.341114
-0.335138 0.04056 0.941296
-0.651351 -0.214901 0.727708
0.47551 0.799467 0.367073
0.215631 0.830688 0.513285
-0.773478 -0.16137 0.612937
-0.704203 -0.649373 0.287076
0.152026 0.914445 0.375072
-0.509654 0.598878 0.617736
-0.689184 -0.716178 0.110066
-0.559656 -0.605394 0.565935
-0.483906 0.060904 0.872998
-0.300732 -0.937182 0.176777
-0.020904 0.933529 0.357893
-0.604648 0.770087 0.203389
-0.579546 0.368492 0.72687
-0.515375 0.786737 0.339754
0.714596 -0.017545 0.699317
0.521446 -0.634764 0.570236
0.564392 0.796752 0.215983
0.048948 0.289814 0.95583
0.375497 -0.924703 -0.062656
0.774962 0.481346 0.409561
-0.490909 -0.791476 0.364107
-0.471069 -0.861281 0.190498
-0.965843 -0.097276 0.240175
0.071008 -0.415722 0.906715
-0.918269 0.35308 0.179213
0.326688 0.939971 0.09864
-0.403672 -0.9138 0.044934
-0.257857 0.815257 0.518523
-0.393195 0.204131 0.896509
0.252333 0.727201 0.638363
6.4e-05 -0.548234 0.836325
-0.194225 0.955569 -0.221729
0.655614 -0.345728 0.671299
0.14588 -0.845647 0.51342
0.594289 -0.496085 0.633025
0.943213 -0.13888 0.301765
0.978385 0.124825 0.16487
0.694132 0.318819 0.645395
0.597077 -0.085021 0.797666
-0.837928 0.510424 0.193247
-0.980377 -0.173622 0.093365
0.575658 0.430601 0.695126
0.735866 -0.672311 0.080618
0.992553 -0.121721 0.004777
0.039961 -0.148992 0.988031
-0.434929 -0.102795 0.894578
0.286311 0.602468 0.745023
-0.405175 -0.638336 0.654492
0.600694 -0.796083 0.073607
-0.335029 -0.823162 0.458433
0.287565 -0.93569 -0.204428
-0.04806 0.690363 0.721865
-0.364619 -0.263853 0.892992
0.650059 -0.728968 0.214544
-0.123643 -0.136745 0.98286
0.189747 -0.106303 0.976061
-0.794095 -0.516137 0.320961
0.467337 0.3695 0.80316
0.511969 -0.413193 0.7531
-0.721535 0.348187 0.598459
-0.278242 0.339018 0.898693
0.318468 0.869073 0.378537
-0.0353 -0.291534 0.955909
0.548672 0.577754 0.604284
0.769634 -0.506861 0.388273
-0.655944 0.576513 0.487208
-0.503962 -0.510164 0.696961
0.854056 0.445976 0.267758
0.8679 0.315707 0.383509
0.156432 0.526649 0.835565
-0.827081 -0.280675 0.48699
0.10218 -0.923467 0.369821
0.684076 -0.641322 0.347485
