229
0.706132 0.32259 0.630328
0.292024 0.922839 0.251177
0.080446 0.054805 0.995251
-0.578286 -0.735366 0.353301
-0.062971 -0.928435 0.366119
-0.766316 0.419147 0.486904
0.279867 -0.217052 0.935181
0.461256 -0.681398 0.568278
-0.003073 -0.094035 0.995564
-0.211425 -0.51285 0.832036
-0.141147 0.242807 0.959751
0.435145 -0.847459 0.304076
-0.83541 -0.549565 0.008202
-0.780423 0.611833 -0.128841
-0.878987 0.460219 -0.124822
0.211595 -0.843516 0.493668
0.859794 0.487853 0.150843
0.687923 -0.466609 0.555911
-0.409668 -0.195162 0.891114
-0.959051 -0.167516 0.228386
0.619598 0.079711 0.780862
0.925122 -0.212889 -0.314369
-0.80787 0.122986 0.576386
-0.525019 -0.462883 0.714209
-0.867554 -0.04505 0.495299
-0.013388 0.370657 0.928673
-0.333098 0.933668 0.131565
-0.667904 0.662595 0.338928
-0.479423 -0.729045 0.488514
0.587508 -0.808874 -0.023605
0.727198 0.531691 0.434151
0.363635 0.110772 0.924932
-0.538965 0.779352 0.319574
-0.15695 0.982016 0.104932
-0.314509 -0.364366 0.876539
-0.069499 0.844766 0.530604
0.895961 -0.074717 0.437802
-0.953644 -0.283936 0.099714
-0.584271 0.76776 -0.263006
0.597259 -0.105137 0.795128
-0.366535 -0.704755 0.607431
-0.279887 0.65901 0.698118
0.563957 0.425981 0.707455
0.595535 0.635962 0.490806
0.815167 -0.512172 0.270524
0.331156 -0.046157 0.942446
0.825199 0.035618 0.563718
0.307853 -0.491173 0.814847
-0.917378 0.397211 0.025332
-0.088855 0.076912 0.993071
0.655541 0.48465 0.579121
-0.237187 -0.900835 0.363647
-0.616543 0.280646 0.735604
-0.776542 -0.568846 -0.270918
0.493078 0.189306 0.849139
-0.905992 -0.324297 0.272049
-0.624598 -0.326756 0.709301
-0.381487 -0.496313 0.779834
0.178916 -0.073617 0.981106
-0.167397 -0.961475 0.218044
-0.246811 -0.222511 0.943172
0.686694 -0.210279 0.695869
-0.711175 -0.612506 0.345059
0.24122 0.581598 0.776889
-0.555881 0.681267 0.476311
-0.985758 -0.013643 0.167614
-0.841286 0.269331 0.46872
0.600585 0.769049 0.218772
-0.652905 0.428376 0.624666
0.623448 -0.376842 0.685057
-0.981352 0.127329 -0.143998
-0.547803 0.562057 0.61968
0.11235 0.830218 0.545999
-0.612773 -0.618866 0.491441
0.164967 0.320966 0.932613
0.356375 0.930062 0.089339
-0.341499 -0.91318 0.222443
-0.725123 0.687687 0.035825
-0.81367 -0.196111 0.54725
0.454203 0.356767 0.816343
0.43197 0.898855 -0.073905
-0.520051 0.423054 0.742006
-0.104175 0.642226 0.759404
-0.412087 -0.834473 0.365841
-0.696979 0.126667 0.705815
0.726665 -0.552537 0.40824
0.009688 -0.976751 0.214158
-0.639722 0.747016 0.180896
-0.743292 -0.48482 0.460941
0.084572 -0.994854 0.055802
0.541982 -0.276086 0.793746
0.919105 0.332827 0.210883
-0.650142 -0.756949 -0.065902
0.450329 0.85944 0.242006
-0.422985 0.786697 0.449657
-0.407119 0.550073 0.72916
-0.192098 0.395699 0.898065
0.958566 -0.013348 0.284559
0.267519 0.961206 -0.067213
0.135819 -0.520943 0.842717
-0.283373 0.77862 0.559867
0.287995 0.434149 0.853565
0.034573 -0.386743 0.921539
-0.761589 0.619173 0.19133
0.548363 -0.538696 0.639613
0.383086 -0.335351 0.860689
0.931127 -0.319803 -0.175297
0.211138 0.144546 0.966709
-0.832873 0.552725 0.028599
-0.863151 0.379857 0.332685
0.391258 -0.594551 0.702443
-0.238874 0.534875 0.810462
0.216296 0.887569 0.406741
-0.733324 -0.677607 0.055533
0.276583 -0.899365 0.338593
0.722091 -0.031938 0.69106
-0.494177 0.854209 0.161607
0.034459 0.216172 0.975747
-0.969129 -0.230935 -0.086359
0.071028 0.620854 0.780702
0.944962 -0.29756 0.13603
-0.973032 0.229926 0.018488
-0.029959 -0.766865 0.641109
-0.312109 0.263629 0.912736
-0.209711 0.373541 -0.903597
-0.11422 0.913488 0.390504
0.697608 -0.656392 0.287214
0.729266 0.148311 0.667963
0.473419 -0.442663 0.761527
0.138451 -0.760694 0.634174
-0.825267 -0.471278 0.311177
-0.17464 -0.07369 0.981871
-0.193022 -0.976821 -0.092541
-0.664375 -0.717541 0.209142
0.052288 0.913663 0.403096
-0.904084 -0.176684 0.389121
-0.776577 0.528046 0.343651
-0.145229 0.754668 0.639831
-0.074206 -0.241514 0.967556
-0.841672 -0.425107 -0.332974
-0.263849 0.865119 0.426559
-0.512993 0.847984 -0.133273
-0.226016 0.938457 0.261182
0.525004 0.76139 0.380337
0.889948 -0.354891 0.286435
-0.490581 -0.600885 0.631084
-0.885154 -0.443614 0.140391
0.283556 0.788464 0.545821
0.26036 -0.964952 0.032855
0.990678 0.054032 0.125051
0.491982 0.004928 0.870591
0.376149 -0.802283 0.463524
-0.473237 -0.332885 0.815619
-0.5062 -0.832214 0.226231
0.807545 -0.403917 0.429793
0.785638 0.37644 0.490984
-0.858673 0.478122 0.184607
0.429018 -0.903295 0.001079
0.534732 -0.736917 0.41354
-0.945389 -0.005444 0.325898
-0.294225 -0.622351 0.725335
-0.425161 0.679712 0.597688
0.021756 0.995624 0.09088
-0.73815 -0.344642 0.579963
0.303313 -0.73148 0.610687
-0.83702 -0.334467 0.433047
-0.639106 -0.486851 0.595416
0.109354 -0.926843 0.359171
0.354176 0.659481 0.663057
0.665317 0.669953 0.329417
0.328986 0.275522 0.903247
-0.129374 -0.852153 0.507048
0.804447 -0.138956 0.577544
0.022708 0.745411 0.666218
0.895324 -0.107108 -0.432345
0.509166 0.857079 0.078521
0.936302 -0.188646 0.296228
-0.64336 -0.030332 0.764963
-0.739324 0.2813 0.611777
0.352983 -0.920048 0.170046
-0.301939 -0.814494 0.495412
-0.607711 -0.259995 -0.750393
0.189801 0.715196 0.672659
0.374816 0.836203 0.400346
0.444192 -0.166467 0.880331
-0.41468 0.116852 0.902434
-0.952914 -0.163 -0.255707
-0.920402 -0.389959 -0.028144
-0.705932 -0.182504 0.684363
-0.497804 -0.035759 0.866552
-0.387229 0.872911 0.296782
-0.044856 0.968636 0.244402
-0.564268 0.124484 0.816153
0.665324 -0.737431 0.116358
-0.363681 0.413681 0.834628
0.863006 -0.243898 0.442419
0.444667 0.721614 0.530608
-0.768605 -0.032221 0.638911
0.819275 0.209345 0.53382
0.225635 -0.635422 0.738463
0.885521 0.265966 0.38094
-0.991381 -0.124559 0.040596
-0.752634 -0.64557 -0.129544
-0.037616 -0.526374 0.84942
-0.472399 0.275556 0.837203
-0.094035 -0.993441 0.065052
-0.973604 0.146859 0.174722
-0.670547 0.557462 0.489492
0.118077 0.47896 0.869859
-0.059898 0.513661 0.8559
0.408514 0.515103 0.753515
-0.253813 0.101263 0.961938
-0.998261 0.058074 0.010101
0.789652 0.584307 -0.187177
-0.338611 -0.04852 0.939675
0.054389 -0.654041 0.754502
-0.142812 -0.382446 0.912875
0.042206 -0.86045 0.507783
-0.118825 -0.648472 0.751907
0.512066 0.582203 0.631528
0.90392 0.097104 0.416532
0.758421 -0.3088 0.573969
0.609179 -0.620235 0.494175
0.126495 0.959675 0.251043
0.106395 -0.235644 0.965998
-0.567739 -0.183987 0.802385
-0.58618 -0.806015 0.082054
-0.184684 0.962452 -0.198943
-0.198355 -0.749347 0.631771
