-0.694621 -0.407557 0.592789
0.96613 0.113177 0.231913
-0.990952 -0.118416 -0.063173
0.444163 0.695973 0.564217
-0.723666 -0.112127 0.680981
-0.181904 -0.695995 0.694623
0.353784 0.521677 0.776331
-0.390891 0.119943 0.912588
0.437603 -0.888596 -0.137477
-0.340906 -0.705628 0.621186
-0.665282 0.18941 0.722166
0.645666 -0.300165 0.702151
-0.764994 0.052764 0.641873
0.120173 -0.755011 0.644606
-0.536164 0.159082 0.828988
0.558772 -0.196134 0.805795
-0.516634 -0.316867 0.795415
-0.890743 -0.333941 0.308318
-0.251038 0.21145 0.9446
-0.577073 0.799318 0.167563
0.962258 0.272122 -0.003156
-0.581156 0.743826 0.330123
0.991271 -0.038388 0.126126
-0.689634 0.723237 0.036521
-0.288116 -0.179866 0.940552
-0.72859 -0.61199 0.307611
-0.101213 0.316839 0.943064
0.184238 0.721605 0.66734
0.590624 -0.596007 0.544002
-0.860479 0.092167 0.50108
-0.478711 0.743619 0.466762
0.185788 0.975362 0.118962
0.627191 -0.456237 0.631252
0.948903 0.26995 0.16343
-0.413313 -0.460794 0.785392
-0.663705 0.347479 0.662385
-0.300064 -0.588721 0.750579
0.835631 -0.367798 0.407976
-0.813627 -0.467695 0.345359
-0.127525 -0.576155 0.80733
-0.605954 0.630746 0.484746
0.893794 -0.053653 0.445257
0.110461 0.885269 0.45177
-0.454252 -0.181788 0.872128
0.086581 -0.992137 0.090382
0.047282 0.542295 0.838857
0.209871 -0.950872 0.227588
0.253046 -0.965499 0.061476
-0.973337 0.002289 0.229367
-0.515906 -0.008974 0.856598
-0.352495 -0.934451 -0.050485
0.533785 0.736501 0.4155
0.955755 -0.047545 0.290297
-0.932628 0.128503 0.337183
-0.364682 0.722095 0.587866
0.907928 0.262252 0.32694
0.499332 0.422632 0.756339
0.721763 0.053893 0.690039
0.852574 -0.497369 0.160444
0.196927 -0.05269 0.979001
-0.136609 -0.157965 0.977949
0.583826 0.770191 0.256814
0.878776 0.412696 0.239655
0.037758 0.67923 0.732954
0.062456 -0.851301 0.520947
-0.069468 -0.43945 0.895577
0.534161 -0.720306 0.442529
0.804126 -0.585989 -0.099992
0.82325 0.398367 0.404429
0.721592 -0.503223 0.47547
0.519768 -0.379761 0.76526
-0.219025 -0.80366 0.553316
-0.256074 0.376495 0.890325
0.782669 0.539531 0.310381
0.589828 0.611459 0.527466
0.481227 0.099113 0.870975
0.367546 -0.90891 0.19696
-0.616448 -0.662945 0.424849
-0.382125 0.585085 0.715301
-0.735787 -0.676337 -0.034444
0.33714 -0.595715 0.729013
-0.051109 -0.998549 -0.016951
0.799372 -0.507888 0.32102
0.372357 0.919659 -0.124811
0.73915 -0.634324 0.226474
0.805088 -0.058286 0.590284
-0.356089 -0.327106 0.87533
-0.015635 -0.283647 0.958801
0.284759 -0.952781 -0.105456
-0.87527 -0.206649 0.437262
-0.88177 0.471644 0.005808
0.434068 0.845628 0.310641
-0.998447 0.028178 0.048064
0.173026 -0.638352 0.750046
-0.885202 0.43097 0.175165
0.748695 -0.363142 0.554602
0.91343 0.105698 0.393032
-0.597424 -0.148326 0.788089
0.291793 -0.885624 0.361286
0.211513 0.300335 0.930087
0.916661 -0.210548 0.339708
0.444782 -0.669407 0.595032
-0.369244 -0.04381 0.928299
0.667279 0.647019 0.368923
0.159324 -0.235043 0.958838
-0.563683 -0.444813 0.69599
0.142372 0.947923 0.284907
-0.695612 0.628428 0.348142
-0.84526 0.397914 0.35665
0.242764 0.803589 0.543424
-0.52945 0.473841 0.703674
0.45795 -0.088141 0.884598
0.198538 0.596058 0.778009
-0.371291 -0.801322 0.469069
0.452268 -0.838632 -0.303563
0.982976 -0.182836 0.018127
-0.9464 0.312612 0.081239
0.054373 0.392088 0.918319
0.483971 0.565475 0.66784
0.409805 -0.911713 0.028979
-0.934742 0.343891 -0.089426
-0.400235 0.436066 0.806014
-0.655375 -0.282802 0.700362
0.621001 0.472101 0.625682
0.272448 -0.343319 0.898835
-0.020415 0.936353 0.350466
-0.742997 -0.654814 0.138472
-0.517012 0.840606 -0.161494
-0.673435 0.631634 -0.384088
0.499087 0.267405 0.824261
0.114253 -0.91581 0.385017
0.556535 -0.830817 -0.003443
-0.63199 -0.770708 0.081227
-0.088694 -0.984894 0.148718
0.12249 -0.989896 -0.071423
-0.922638 0.283061 0.261945
0.013509 0.983135 0.182384
0.619387 0.162209 0.768146
-0.10862 0.616959 0.779463
-0.309084 0.911773 0.270437
-0.340129 0.833262 0.435875
0.313453 0.924341 0.217579
-0.833228 -0.51702 0.196013
0.10362 -0.396393 0.912215
-0.986053 -0.123636 0.111417
-0.085276 -0.87868 0.469734
-0.242915 -0.885688 0.395663
0.905249 0.419 0.070456
0.820293 0.553412 0.144411
-0.905643 -0.410765 0.105273
0.384664 -0.786767 0.482733
0.4528 -0.829338 0.32737
-0.454728 -0.585311 0.671292
-0.775711 0.214666 0.593456
0.680995 -0.110386 0.72392
0.357214 0.205764 0.911076
0.066731 0.060836 0.995915
0.715954 0.512506 0.474075
-0.092871 0.753286 0.651103
0.600909 -0.74738 0.283427
-0.091098 -0.941282 0.325099
-0.657316 0.743414 -0.123575
-0.7686 0.36469 0.5256
0.847645 -0.214326 0.485347
-0.741075 -0.213499 -0.636573
0.50055 0.865471 -0.020251
0.315092 -0.164978 0.934612
-0.236434 0.032409 0.971107
-0.381983 -0.87452 0.298836
0.712065 0.671875 0.203831
0.739803 0.367265 0.563745
0.214462 0.131173 0.967884
-0.501017 0.616633 0.607245
0.378054 -0.44871 0.809775
0.226335 -0.830891 0.508323
-0.86437 0.249885 0.436374
-0.70199 0.685176 0.194278
0.379969 0.800276 0.463877
-0.506913 -0.779855 0.367241
0.475293 0.867009 0.149637
0.629944 0.322234 0.706637
0.041546 -0.1225 0.991599
-0.246561 -0.461297 0.852299
-0.222699 -0.973618 0.049734
0.801415 -0.536522 -0.264345
0.332652 0.662793 0.670856
-0.240586 0.679412 0.693193
-0.188793 0.898592 0.396092
-0.915743 -0.032287 0.400464
-0.775539 -0.239905 0.583938
-0.593575 -0.562979 0.575085
-0.713204 -0.522747 0.466986
0.208281 0.455299 0.865634
-0.095588 0.155695 0.983169
-0.833612 -0.077937 0.546825
0.061432 0.803273 0.592434
0.589327 -0.006372 0.807869
-0.805702 -0.358943 0.471173
-0.615607 -0.782874 -0.0902
-0.487214 -0.693473 0.530771
-0.943948 -0.155601 0.291119
0.755572 -0.212191 0.619747
-0.647655 0.024695 0.761533
-0.004051 -0.673686 0.739007
-0.974243 0.158369 0.160533
0.422938 -0.27507 0.8634
0.832603 0.096126 0.545465
-0.104354 0.471098 0.875886
0.219857 -0.500764 0.837196
-0.962305 0.200506 -0.183756
-0.252787 0.531187 0.808665
0.834311 0.550735 -0.024831
0.838409 0.249361 0.484653
-0.219825 0.803977 0.552538
0.265421 0.886544 0.378934
-0.064373 0.862162 0.502526
-0.18601 -0.320653 0.928753
0.48962 -0.534214 0.689121
0.897615 -0.361124 0.252739
-0.946402 -0.272865 0.172825
-0.059273 -0.782281 0.6201
0.059445 0.230744 0.971197
-0.541597 0.320089 0.777313
0.360503 0.369926 0.856267
-0.084506 -0.008809 0.996384
0.343621 0.022474 0.938839
-0.644068 0.495053 0.583181
-0.402067 0.280863 0.871469
-0.150676 0.959916 0.236344
0.046808 -0.96711 0.250016
-0.510371 -0.838129 0.192512
0.287509 -0.723261 0.627879
0.049967 -0.545425 0.836669
-0.741998 0.50289 0.443329
-0.237742 -0.944169 0.228086
0.783423 -0.618168 0.064154
-0.628912 -0.734899 0.253757
