0.403479 0.516576 0.755218
0.616257 0.09709 0.781537
0.403139 -0.345313 0.847489
0.876122 -0.293334 -0.382577
0.631266 0.540845 0.555868
0.341845 -0.678562 0.65015
0.457374 -0.809528 0.368067
0.564816 0.758394 0.325301
0.601089 -0.179119 -0.778851
0.130042 -0.163635 0.977912
0.473912 0.341665 0.811586
-0.073567 -0.955079 0.287075
-0.551121 -0.798761 0.241341
0.79858 -0.267797 0.539032
-0.019839 -0.050666 0.998519
-0.371435 0.609886 0.700053
-0.063328 -0.416567 0.906897
0.291796 0.893481 0.341388
0.218384 -0.606771 0.764289
-0.840562 0.021947 0.54127
0.940564 0.232425 0.247625
0.902738 0.160943 0.39895
0.905698 -0.41304 0.095442
-0.169998 -0.984128 -0.05092
-0.915813 -0.05568 0.397727
0.519606 -0.417436 0.745491
0.480656 -0.711087 0.513151
0.609081 -0.704439 0.364398
0.165876 0.748289 0.6423
-0.521303 0.527955 0.670452
-0.963113 -0.121808 0.239952
-0.829944 -0.162195 0.533747
-0.877406 -0.478675 -0.032073
-0.144117 0.979701 0.139342
-0.734497 -0.012743 -0.678493
-0.798172 -0.347823 0.491875
0.088472 -0.515248 0.852463
0.040672 0.484471 0.873861
-0.33682 -0.004577 0.941558
0.102732 -0.347456 0.932052
-0.262628 -0.939422 0.220258
0.965781 0.04975 0.254542
0.148614 0.014635 0.988787
-0.234392 -0.472727 0.849464
-0.273172 0.852164 0.446311
-0.172704 0.062925 0.982962
0.835889 0.085226 0.542241
-0.993934 0.057689 -0.093629
-0.558725 0.352726 0.750607
0.20905 0.530324 0.821617
0.796715 0.58965 0.132503
-0.436571 -0.449104 0.779558
-0.031881 0.952095 0.304136
0.821001 -0.201805 -0.534071
0.313147 0.937697 0.150541
0.600815 -0.077721 0.795601
-0.648395 -0.680535 0.341256
-0.369606 0.928122 -0.044497
-0.997128 -0.016717 0.073871
-0.985179 0.155813 0.071728
-0.492836 -0.089709 0.865485
0.678644 -0.73024 0.078692
-0.411697 0.447837 0.793693
-0.189356 -0.296384 0.936109
0.918775 -0.309739 0.244774
0.735511 0.189302 0.650529
-0.770249 0.379532 0.512516
0.288681 0.643588 0.708843
-0.386282 -0.591463 0.707784
0.317672 0.077145 0.945057
-0.007383 0.129859 0.991505
0.23436 0.832312 0.502327
0.418607 -0.883262 0.211228
-0.251693 0.525107 0.812966
-0.446478 0.267741 0.853799
-0.625659 -0.18052 0.758923
0.699656 0.37101 0.610601
-0.284031 -0.727479 0.624581
0.020701 -0.99964 0.017059
-0.024128 -0.895147 0.445117
0.721144 -0.653075 0.23118
0.478828 0.171389 0.861017
-0.754512 0.653103 0.064557
-0.211494 -0.898039 0.385742
-0.706014 0.263857 0.657209
0.476826 0.61033 0.632561
0.359935 0.733626 0.576403
-0.207846 0.675458 0.7075
-0.742247 -0.084661 0.664757
-0.082856 0.589453 0.803542
-0.498024 0.662933 0.559009
0.967549 -0.23537 0.091925
-0.39137 -0.864213 0.316174
-0.60519 -0.616596 0.503541
0.247407 -0.440613 0.862931
0.324423 0.243813 0.91395
0.184537 -0.74953 0.635728
-0.543519 -0.532634 0.64876
0.580655 0.80184 0.141039
-0.436727 0.788999 0.432147
0.675222 0.619648 0.400139
-0.681295 -0.448762 0.578316
-0.310675 0.941867 0.127939
-0.160822 0.796393 0.583005
0.942052 -0.329245 -0.064309
-0.910809 0.121199 0.394636
-0.453339 -0.685896 0.569236
0.913084 -0.023695 0.407082
0.211198 -0.93069 -0.298683
0.018928 -0.802977 0.595709
-0.697847 -0.715123 -0.040114
0.569002 -0.249481 0.783579
-0.865959 0.496854 0.057009
0.892618 -0.202885 0.40258
0.890238 -0.399072 -0.219587
0.157384 -0.857414 0.489971
-0.577671 -0.814634 0.051645
0.624016 -0.601411 0.498907
0.528821 -0.846667 0.059198
-0.49204 -0.267514 0.828452
-0.843076 -0.419899 0.336017
0.808688 -0.457517 -0.369733
-0.250223 0.947679 -0.198223
0.103897 0.905534 0.411356
0.11728 -0.934169 0.337006
-0.380239 0.879814 0.285211
0.162515 0.954806 0.248866
-0.969421 0.053898 0.239411
0.467728 -0.001312 0.883872
-0.536951 0.801684 0.262651
0.0369 0.830224 0.556208
0.069775 -0.981392 0.17889
0.444262 0.862424 0.242602
0.653873 -0.427679 -0.624131
-0.318374 0.172211 0.932192
0.441563 -0.174693 0.880059
-0.767477 -0.587018 0.25766
-0.504468 -0.757427 0.414507
-0.158999 -0.82576 0.541146
-0.071527 -0.573081 0.816371
-0.123929 -0.984786 0.121815
-0.932973 -0.352977 0.070485
-0.107164 -0.719698 0.685966
0.950577 0.296967 0.090632
-0.622857 0.001306 0.782334
-0.715414 0.594296 0.367417
0.988357 0.11988 0.093702
0.842393 -0.378739 0.383315
0.74206 -0.436497 0.508741
0.487467 -0.588737 0.644798
0.027788 0.988697 0.147329
-0.03123 0.728533 0.684299
0.159298 0.189882 0.968798
-0.64922 0.557432 0.517478
-0.307085 -0.950613 0.045091
0.678174 -0.698315 -0.228987
-0.722244 -0.27188 0.63596
0.838115 -0.489711 0.240305
0.715444 -0.158583 0.680434
0.534158 0.68933 0.489387
0.57612 -0.787779 0.217921
0.80768 -0.582496 0.091385
0.091626 0.638495 0.764153
-0.979647 -0.186824 0.073408
-0.229414 -0.612606 0.756362
-0.34226 -0.346163 0.873515
0.163663 0.361688 0.917821
0.373726 -0.521874 0.766796
0.299936 -0.093865 0.94933
0.415354 0.805284 0.423083
-0.478192 0.0890151 0.873732
-0.891704 -0.234268 0.387275
0.743623 -0.554125 0.374126
-0.335695 0.74131 0.581179
-0.289949 0.354086 0.88913
-0.345095 -0.17779 0.921575
-0.863778 -0.351469 -0.36105
-0.436197 -0.888667 0.141433
0.562062 0.449979 0.693978
0.760136 0.455442 0.463428
-0.73581 0.093022 0.670769
0.293812 -0.885918 0.35892
-0.158383 0.24451 0.956624
0.469875 -0.875599 -0.112003
0.613258 0.271523 0.741748
0.802099 -0.559061 -0.209971
0.82935 -0.093879 0.550787
0.3201 0.404918 0.856491
-0.792225 -0.606941 0.063261
0.324617 -0.795872 0.511089
-0.591801 -0.367377 0.7175
0.958505 -0.131108 0.253136
0.792075 0.529531 0.303666
0.452364 0.890417 0.050245
-0.735884 -0.526055 0.426311
-0.12615 0.424797 0.896456
0.884495 0.420981 0.201107
0.339747 0.809912 -0.478137
-0.184059 -0.117465 0.975871
-0.68343 -0.7134 0.154868
0.267475 -0.267217 0.925771
0.618856 -0.78086 -0.085291
0.003308 0.307937 0.951401
-0.093543 0.888119 0.449994
-0.58513 0.702372 0.405334
-0.814408 -0.274002 -0.511529
-0.925829 -0.297835 0.232667
-0.862592 -0.477511 0.167087
0.945637 -0.22885 -0.231082
0.056739 -0.672652 0.737781
-0.031827 -0.233476 0.971842
0.692083 0.684071 0.230363
0.200026 -0.979281 0.031599
0.67726 -0.323482 0.660817
0.619421 -0.48053 0.620812
