-0.343516 -0.574033 0.743292
-0.727808 0.438415 0.52734
0.36872 -0.92052 0.129182
0.232891 0.875967 0.422425
0.197789 -0.592712 0.780751
0.447783 -0.754337 -0.480069
-0.176739 -0.096287 -0.979537
-0.028936 -0.796917 0.603395
-0.52058 -0.718813 0.460764
0.200953 -0.836487 0.509812
0.596834 -0.264622 0.757472
0.156113 -0.11879 0.98057
-0.749565 -0.061395 -0.659078
0.851702 0.097272 -0.51492
-0.099942 0.712992 0.694013
-0.142393 -0.986692 -0.078503
0.981909 -0.049537 0.182757
-0.512623 -0.586023 0.627531
0.317709 -0.890371 0.326036
-0.667252 -0.670168 0.325038
-0.69818 -0.595511 -0.39738
-0.966099 0.232611 -0.112004
-0.389305 -0.067911 0.918602
-0.823794 0.565565 0.038722
0.130096 -0.924704 0.357766
-0.558731 0.295756 0.774821
-0.695963 0.7179 -0.015968
0.404597 -0.784018 0.470762
0.655191 -0.724476 0.214148
-0.369456 -0.778559 -0.507295
0.562725 -0.457455 0.688531
-0.009546 -0.648842 0.760863
0.985765 0.140113 0.092933
0.069264 0.793786 0.604241
0.715425 -0.583094 -0.384927
0.715101 -0.356614 0.601213
-0.232094 0.434505 0.870251
0.631211 0.178178 0.754868
-0.322137 0.114717 0.939717
-0.372952 -0.838264 0.397769
-0.251969 -0.211285 0.944389
-0.639182 -0.765103 -0.077878
-0.153454 -0.297207 -0.942401
-0.285607 -0.575693 -0.766163
0 -0 1
0.928524 -0.058455 0.366643
-0.332622 -0.942909 -0.016878
0.63081 0.370237 0.681912
0.436278 -0.356127 0.826338
0.241987 0.732277 0.636563
-0.836793 0.245909 0.48919
0.928275 0.312873 0.201036
0.542637 -0.836682 0.074224
0.475983 -0.144658 0.867476
-0.777475 -0.628867 -0.007685
-0.911445 0.380857 0.155614
-0.127302 0.836968 0.532239
-0.430186 -0.839654 -0.331542
0.912587 -0.406766 0.041546
0.602652 0.74903 0.275255
-0.203362 -0.922777 0.327301
-0.384022 0.29598 0.874599
0.036212 -0.383299 -0.922914
-0.469018 -0.474576 -0.744849
0.361388 0.911418 -0.196764
-0.982451 -0.142639 0.120181
0.433458 0.637275 0.637177
-0.524405 -0.80845 0.267223
-0.097577 -0.958101 -0.269299
0.840895 -0.058555 0.538021
-0.750076 -0.629425 -0.203003
0.603169 0.543144 0.584108
-0.973189 0.214156 0.083907
-0.921091 0.246228 -0.3016
0.388926 -0.539074 0.747085
-0.869951 -0.273373 0.41043
-0.419184 0.46618 0.779077
0.112942 -0.933764 -0.339602
0.044206 -0.488695 0.871334
-0.034165 -0.895618 0.443511
-0.290342 0.861334 0.4169
-0.612158 -0.254957 0.748505
-0.36671 -0.720434 0.588641
0.587297 -0.734515 -0.339956
-0.908187 0.066354 0.413272
-0.975749 0.048961 0.213347
0.869023 0.125088 0.478698
-0.479605 -0.426589 0.766812
-0.16253 -0.539503 0.826148
0.327799 -0.699905 0.634571
0.928168 -0.228573 -0.293699
0.017182 -0.998841 0.044951
-0.660901 0.108242 0.742626
-0.635966 -0.425766 0.643638
-0.799243 0.083857 0.595129
0.494564 -0.824087 0.276202
-0.88004 -0.463839 0.101895
0.58931 -0.61282 -0.526465
-0.757538 -0.252508 0.601976
0.30391 -0.235338 0.923176
-0.026581 -0.970426 0.239931
0.334781 -0.022434 0.942029
-0.775962 -0.602047 0.188211
-0.940701 -0.116063 0.318764
0.314373 0.396626 0.862472
0.871908 0.478719 0.102983
0.806324 -0.41955 0.416917
0.840872 -0.243164 0.483534
-0.287377 0.743937 0.6033
-0.566814 -0.072501 0.820649
0.504802 -0.630823 0.589268
-0.186955 -0.008778 0.982329
0.100102 -0.309998 0.945453
-0.764441 -0.253145 -0.592914
-0.821979 -0.472208 0.318385
-0.127651 -0.486421 -0.864349
0.737264 -0.585398 0.337271
-0.303766 -0.398158 0.865562
0.623931 -0.042955 0.780298
0.947306 0.132713 0.291546
0.337211 0.196819 0.920625
0.266631 -0.939091 -0.21683
-0.056696 -0.186357 0.980845
0.064265 -0.986526 -0.150452
0.491842 0.077389 0.867239
-0.586751 0.461488 0.665396
0.875633 -0.423251 0.232649
0.486702 0.290426 0.823878
-0.191579 -0.70035 0.68761
0.828617 0.470653 0.303118
0.290095 0.931013 0.221495
0.047319 0.893275 0.447012
-0.653001 -0.74735 0.122706
-0.662024 -0.571467 0.484922
-0.43848 0.619894 0.650743
0.249816 -0.424778 0.870147
0.665206 -0.535402 0.520428
-0.999379 0.033041 0.012284
-0.950939 -0.309326 0.005698
-0.109635 -0.368306 0.923218
0.177852 -0.96907 0.17109
-0.924148 -0.310836 0.222107
-0.438424 0.853686 0.281076
0.704451 -0.685421 -0.184245
-0.711505 0.278221 0.645255
-0.567798 0.812764 0.13046
0.749064 0.430808 0.503297
-0.815846 0.53143 0.227986
-0.220664 0.975116 0.021343
-0.50132 0.11533 0.857541
-0.1901 0.247225 0.950127
-0.26149 0.601698 0.754707
0.476845 0.86759 0.141091
0.732101 -0.163448 0.661296
-0.072345 0.557642 0.826923
0.5826 -0.699972 0.413058
-0.017377 0.185716 0.98245
-0.213519 -0.828161 0.518226
0.091024 0.651426 0.753232
-0.444088 -0.249204 0.86063
-0.720924 -0.079086 0.688487
0.139977 -0.738169 0.659934
-0.766081 -0.415511 0.490378
0.502687 0.862315 -0.060982
0.841373 -0.396885 -0.366843
0.797604 -0.584168 0.150252
-0.406904 0.910636 0.071908
0.544491 0.699644 0.462631
-0.865829 -0.302233 -0.398742
-0.185612 -0.975229 0.120318
