205
-0.487946 -0.414309 0.768281
0.696642 0.524653 0.489315
0.915494 -0.279199 0.289688
0.125516 0.836807 0.532917
0.749911 -0.559619 0.352789
0.153688 0.510413 0.846084
0.360105 -0.608126 0.707466
0.404632 0.335261 0.850807
-0.758291 0.467697 0.454151
0.23922 -0.298967 0.923793
0.982448 0.021586 0.185286
-0.726675 -0.314718 0.610652
0.868178 -0.202333 0.453132
-0.053368 -0.40661 0.912042
0.098664 0.227456 -0.968777
-0.090798 0.276847 0.956615
0.723778 0.612415 0.317951
0.485395 -0.773398 0.407734
0.390738 -0.911939 0.125265
0.557221 0.578775 0.59542
0.156015 0.057619 0.986073
0.462487 0.886392 0.020384
-0.362222 0.621475 0.694668
0.032284 0.398865 0.916441
0.865341 0.476875 -0.154193
-0.266873 -0.180239 0.946727
0.147563 0.917297 0.369854
0.010502 -0.899409 0.436981
0.475302 0.856023 0.203255
0.680694 -0.224013 0.697477
-0.613923 -0.4566 0.643906
0.249061 -0.727757 0.639013
-0.710004 0.187246 0.678847
-0.151681 0.978325 0.140969
0.951395 0.298444 0.076023
0.30093 0.83706 0.456915
-0.355122 0.854973 0.378034
-0.745336 0.3344 0.576758
0.823165 0.53828 0.180706
0.396439 0.615835 0.680869
-0.492621 0.492732 0.717314
-0.578009 -0.60874 0.543453
0.552183 -0.323933 0.76822
0.312892 -0.816713 0.484849
0.767542 -0.312162 0.559851
-0.508312 0.631856 0.58513
0.130961 -0.82614 0.548035
-0.829367 0.1706 0.532021
0.703978 -0.495516 0.508802
-0.543314 0.56967 -0.616673
-0.408564 -0.295138 0.863695
-0.211239 0.147555 0.966233
0.025936 -0.083541 0.996167
0.020313 0.99713 0.072934
-0.779378 -0.352576 -0.517939
-0.973322 0.227032 0.033188
-0.780847 0.016787 0.624497
-0.054451 -0.805874 0.589578
0.519051 -0.821288 0.236796
-0.459437 -0.841614 0.283907
-0.10527 -0.945634 0.307724
0.570558 0.297543 0.765461
-0.635761 0.492244 0.594562
0.186278 -0.601502 0.77685
0.336274 0.024641 0.941442
0.294267 -0.467574 0.833535
0.926692 0.092992 0.364135
0.638579 -0.415881 0.647502
0.413562 0.702848 -0.578767
0.225704 0.356775 0.906515
-0.390589 0.186263 0.901524
0.333191 0.49136 0.804705
0.374117 -0.147242 0.915618
0.098712 0.231881 0.967723
-0.685043 -0.724802 0.073334
-0.487969 0.836749 0.248471
0.60394 -0.646509 0.466136
0.272548 0.744715 0.609194
0.888768 0.457348 0.030414
0.122043 -0.444025 0.887664
0.317553 0.903015 0.289352
-0.754497 0.656296 -0.003136
-0.998256 0.055851 -0.019139
-0.177296 -0.868894 0.462157
-0.659673 0.742115 -0.11873
0.286574 0.19393 0.938225
0.64429 -0.703477 0.300016
-0.918802 0.150171 0.365036
-0.369076 0.753205 0.544486
0.762403 0.061639 0.644161
0.59444 0.674979 0.437086
-0.725467 -0.676081 -0.128892
0.441562 0.719988 0.535388
0.461598 0.171994 0.870256
0.811133 0.456892 0.365121
-0.93077 0.281769 0.232967
-0.180347 0.927958 0.326142
-0.211862 -0.963281 0.164938
0.068729 -0.71599 0.694719
-0.230194 -0.357042 0.90528
0.535971 -0.160972 0.828748
-0.161266 -0.532748 0.830766
0.650441 0.415285 0.635976
-0.976581 0.118962 0.179271
-0.209359 0.846576 0.489365
-0.611523 0.349408 0.709897
-0.324417 0.012542 0.945831
-0.599363 -0.285978 0.74765
0.869961 -0.0131 0.492946
0.537955 -0.841262 0.053691
0.18889 -0.905177 0.380756
0.882494 0.277919 0.379427
0.465397 0.801561 0.375374
0.972852 -0.168881 0.158236
0.772507 -0.6082 0.182553
-0.498256 0.042894 0.865968
-0.678997 -0.623098 0.388215
0.955353 0.195258 0.221756
-0.638424 0.619606 0.456622
-0.757265 -0.618793 0.208913
-0.710855 -0.141445 0.688969
-0.622649 -0.737758 0.260809
-0.041622 -0.992505 0.114897
0.218438 0.631119 0.744294
-0.195792 -0.980629 -0.00572
-0.833098 0.537354 0.131142
0.799691 0.600055 -0.020696
0.43198 -0.702335 0.56579
-0.111066 -0.682649 0.722257
0.093746 0.726087 0.681182
0.4999 0.462851 0.732031
-0.331155 0.471854 0.817123
0.01197 -0.574565 0.818371
0.661651 -0.049051 0.748206
-0.651956 0.031571 0.757599
-0.317446 0.925024 0.208708
-0.54581 -0.828603 0.124534
-0.201607 0.589641 0.782098
0.940511 -0.090473 0.327496
-0.286056 0.958101 0.014629
-0.95817 -0.190514 0.213577
-0.270727 0.321788 0.907281
-0.881084 -0.002963 0.47295
-0.573062 -0.128508 0.809373
-0.619198 0.726336 0.298377
-0.502279 0.750694 0.429156
-0.526161 -0.73774 0.42296
-0.028375 0.099568 0.994626
-0.944573 -0.313743 0.096684
0.787173 -0.119791 0.604987
-0.237302 -0.763453 0.600689
-0.802586 -0.492717 0.336283
-0.824488 -0.335645 0.455591
-0.35849 -0.815634 0.454122
0.933459 -0.342717 0.10583
-0.003686 0.570934 0.820987
0.053299 -0.811651 -0.581705
-0.719918 0.674333 0.164296
0.607753 -0.787971 -0.098682
0.825856 -0.390149 0.407119
-0.069049 0.69147 0.719098
0.62409 0.12557 0.771196
-0.45366 0.340683 0.823485
-0.427424 -0.126896 0.895101
0.860285 -0.451823 0.236147
-0.371915 -0.919991 0.123676
-0.441391 0.893506 0.082593
-0.903294 -0.180422 0.389239
-0.233083 0.953156 -0.192783
0.836578 0.171542 0.520299
0.989983 0.138518 0.027307
-0.4571 -0.568313 0.684163
-0.853514 0.313318 0.416349
-0.293871 -0.90329 0.312581
-0.141753 0.449977 0.881718
0.358957 -0.879334 0.312923
0.400863 -0.318239 0.859089
0.716329 0.241142 0.65477
-0.991121 -0.051852 0.122435
-0.287748 -0.632608 0.719033
-0.820451 -0.163015 0.547984
0.505516 0.005262 0.862801
-0.565116 0.197461 0.801032
-0.750837 0.580847 0.314422
0.071333 -0.268045 0.960762
0.163088 0.967408 0.193713
0.202463 -0.120789 0.971812
0.462284 -0.474174 0.749301
-0.604783 -0.792844 -0.075072
-0.223798 0.733514 0.641773
-0.151268 -0.038572 0.98774
0.12411 -0.990907 0.051961
-0.329385 -0.4779 0.81432
-0.85523 0.435847 0.28039
-0.894226 -0.34595 0.284038
0.067736 -0.964256 0.256168
-0.028091 0.902551 0.429666
-0.952023 -0.020422 0.305343
0.32605 0.939314 0.106683
0.861186 -0.505538 0.052821
-0.72005 -0.480091 0.501039
-0.008077 0.965957 0.258577
0.611474 0.746265 0.263037
-0.917781 0.387881 0.085007
0.896772 0.380559 0.225776
