0.814111 0.272726 0.512683
0.203466 0.008056 0.979049
-0.706868 0.705472 -0.051446
-0.061182 -0.485453 0.872119
-0.128019 0.852306 0.507135
0.674093 -0.35959 0.645208
-0.833752 -0.032551 0.551179
-0.120356 -0.878415 0.462494
0.551247 -0.648292 0.525209
0.078477 -0.575777 0.813832
0.640966 -0.737996 0.211008
-0.152075 0.93151 0.330398
-0.898035 0.249359 0.362426
0.001124 0.977009 0.213194
-0.62391 0.776497 0.088256
0.647802 0.753029 0.115325
0.739175 0.444549 0.50596
0.370405 -0.33569 0.86609
-0.853635 0.492058 0.170842
0.304241 -0.15141 0.940485
-0.19987 0.625414 0.754261
-0.865321 -0.500977 -0.015515
-0.770485 -0.202625 0.604397
-0.048841 0.74011 0.670709
-0.300701 0.846073 0.440158
0.214054 -0.870349 0.443479
-0.615453 0.117529 0.779362
0.496521 0.864404 0.079202
-0.837773 0.175686 0.516982
-0.112474 -0.77399 0.623129
-0.032156 0.984375 -0.173126
0.659339 0.688811 0.301351
0.64158 0.60251 0.474717
-0.190899 -0.022534 0.981351
0.878502 0.438236 0.190219
0.774203 0.533217 0.341012
-0.818062 -0.326642 0.47337
-0.180049 0.973816 0.138795
-0.996265 -0.004148 0.086254
-0.954191 0.14374 -0.262409
-0.574752 -0.525399 0.627388
-0.705161 -0.684856 0.183632
-0.919856 0.014767 -0.391979
-0.595366 -0.646605 0.476908
0.800293 -0.483909 0.354066
-0.454889 -0.884975 0.099471
0.830626 -0.55656 0.017343
0.140103 0.986609 -0.083514
0.085151 0.473498 0.876669
0.193373 0.936404 0.292838
0.517376 -0.855216 0.030459
-0.087408 -0.185905 0.978672
0.529296 -0.354914 0.770637
0.640021 0.15207 0.753158
-0.09926 -0.64263 0.75972
-0.917174 -0.272798 0.290472
-0.681647 -0.364669 0.634329
-0.782119 0.356916 0.510785
0.387608 -0.774934 0.499237
-0.290259 -0.937906 0.189951
-0.100756 0.158272 0.982241
0.54587 0.32959 0.770322
0.481441 0.168614 0.860107
-0.008756 0.322334 0.946585
0.025839 -0.346045 0.937862
-0.125032 -0.951278 0.281847
-0.282477 -0.194187 0.939414
-0.538632 0.589341 0.602123
0.494587 0.629864 0.598879
-0.377666 -0.032512 0.925371
-0.38571 0.312685 0.868018
-0.177961 -0.347222 0.920742
0.38756 -0.501464 0.773518
-0.833827 0.429291 0.347048
-0.442405 -0.666152 0.600433
-0.590579 -0.746789 0.305815
-0.314383 -0.949265 -0.007759
0.34953 -0.927587 0.131949
-0.718338 -0.487312 0.496504
-0.605905 -0.791533 0.07972
-0.965916 0.121628 0.228503
0.030317 0.920548 0.38945
-0.287779 0.143928 0.94682
-0.206416 0.316432 0.925885
0.51483 0.73866 0.435122
-0.989117 -0.133855 -0.061072
0.198832 -0.303867 0.931735
-0.725789 -0.594641 0.345879
-0.27407 -0.667918 0.691933
0.243977 -0.627338 0.739542
0.893738 -0.321566 0.312773
0 0 1
-0.544692 -0.050024 0.837143
0.777447 0.605814 0.169014
0.970797 0.062315 0.231668
0.767903 -0.193358 0.610686
-0.941904 -0.248573 -0.225894
0.099804 -0.15525 0.982821
-0.740068 0.592004 0.319108
-0.945749 -0.321534 -0.046632
0.690042 0.311806 0.653161
0.15378 0.626348 0.764225
0.447464 0.490544 0.747758
0.398782 0.006442 0.917023
-0.979257 0.195759 0.05228
-0.285877 -0.788799 0.544124
0.163042 0.980216 0.112219
0.711456 -0.027894 0.702176
-0.552241 0.297433 0.778822
-0.589676 0.67522 0.443126
0.972945 0.200761 -0.114341
-0.889815 -0.155125 0.429145
0.362123 -0.871261 0.331318
-0.694598 -0.068705 0.71611
-0.04523 0.929501 -0.366035
0.370756 0.852479 0.368537
-0.630921 0.434308 0.642896
-0.961906 -0.079071 0.261697
0.187849 -0.980682 0.054543
0.602478 0.480593 0.637221
-0.457694 -0.215034 0.862715
0.053726 -0.839598 0.540545
-0.323355 0.910887 0.256372
0.350939 0.916776 0.19069
-0.352258 0.934158 0.057115
0.775873 -0.597607 0.202206
-0.241268 -0.51833 0.820441
0.273053 0.488614 0.828672
-0.373659 0.619109 0.690712
0.048762 0.831972 0.552671
0.421277 -0.731305 -0.536394
0.33318 0.63382 0.698042
-0.750046 0.093113 0.654798
-0.470819 0.464564 0.750006
-0.699008 0.523378 0.487303
0.678687 -0.63317 0.372129
0.776812 0.133412 0.615438
-0.823413 -0.542164 0.167481
-0.900423 -0.161393 -0.403968
-0.621744 0.735258 0.269871
0.861475 0.360779 0.35735
0.632019 -0.193956 0.750288
0.477521 -0.176492 0.860712
0.193527 0.327686 0.924754
0.880808 -0.442496 0.168448
-0.523713 -0.386267 0.759291
0.685641 -0.509245 0.52016
0.794857 -0.353854 0.492939
-0.242944 0.750321 0.614814
0.403825 -0.649665 0.644097
0.835701 -0.018626 0.548868
0.356215 0.75767 0.546851
-0.115832 0.471909 0.874005
-0.357296 -0.372229 0.856612
0.378538 0.334478 0.863037
0.201198 -0.945907 0.254518
0.100203 0.167375 0.980788
0.565967 -0.012072 0.82434
-0.616837 -0.227467 0.753506
-0.914302 -0.381789 0.135233
0.449619 0.773873 -0.446053
-0.916914 0.046895 0.39632
0.993619 -0.067852 0.090095
-0.921179 0.388751 0.017361
0.450541 0.850249 -0.272195
0.181032 0.748074 0.638446
-0.298995 0.477294 0.826313
0.232445 -0.762566 0.603707
0.067502 -0.72118 0.689451
-0.016564 0.999549 0.025033
-0.411189 -0.534106 0.738684
0.481856 -0.8587 -0.174498
0.873624 -0.19 0.447975
0.209714 -0.466562 0.859267
0.213337 0.858232 0.466825
0.547381 -0.511984 0.662001
0.520928 0.813861 0.257419
-0.955504 0.267427 -0.124478
-0.020067 0.611203 0.791219
-0.497724 0.842561 -0.20582
0.529782 -0.760297 0.375871
-0.751985 0.644781 0.137025
-0.467255 0.807392 0.360266
0.299221 0.170315 0.938861
-0.460745 0.136539 0.876967
-0.928326 0.317096 0.194063
-0.836781 -0.43993 0.325975
-0.702123 0.268784 0.659377
0.753334 0.657591 -0.007913
-0.289786 -0.880262 0.375716
