-0.52582 -0.449875 0.72189
-0.037897 0.210618 0.976834
0.430994 -0.613594 0.661624
0.838379 0.400409 0.369856
0.76512 0.584176 0.270796
0.079283 0.981933 0.171818
0.264323 0.964223 0.02018
0.309983 -0.929498 0.199859
-0.419398 0.747586 0.514996
-0.377293 0.067953 0.923598
0.322108 0.725196 0.608553
-0.551605 0.600016 0.579407
-0.941847 -0.177476 0.285353
0.821383 -0.225844 0.52376
0.809476 0.538325 -0.234423
0.482517 -0.868391 -0.114342
-0.225097 -0.66998 0.70743
-0.873386 -0.37038 0.316252
0.315885 0.294466 0.901946
-0.879573 0.450392 0.153291
-0.018697 0.725605 0.687857
-0.94374 0.24306 0.224223
-0.862117 -0.50544 0.035835
0.336232 -0.758307 0.558497
0.50249 0.179484 0.845748
0.423765 -0.838267 0.34312
-0.892866 -0.062706 0.445936
-0.869363 0.491448 -0.051832
-0.853708 0.386149 0.349388
-0.228226 -0.354737 0.906683
-0.333579 -0.504007 0.796682
0.740508 -0.102842 0.664132
-0.405464 0.283601 0.869005
0.195871 -0.028549 0.980214
-0.994247 0.087574 0.061673
0.760084 0.329186 0.560276
-0.932886 -0.336706 0.127878
0.092519 0.922856 0.373868
-0.463972 0.825099 0.3224
-0.670271 -0.025709 0.741671
0.447646 0.890039 0.086279
-0.896626 0.161264 0.412378
-0.116554 -0.185281 0.975749
0.008067 -0.894288 0.447419
0.429348 -0.313174 0.847102
0.869509 -0.337871 0.360273
-0.771914 0.631924 0.069433
0.685861 -0.628211 0.367349
0.401058 0.566603 0.719801
-0.990902 -0.080344 -0.107973
-0.956107 -0.286814 -0.059976
0.877124 0.452259 0.161603
-0.988187 -0.122432 0.092175
-0.602403 -0.56808 0.56071
0.622929 0.687576 0.373094
-0.505455 -0.729247 0.461209
0.120523 -0.985855 -0.116469
0.326793 -0.499142 0.802535
0.314349 -0.17905 0.932269
-0.302518 0.925935 0.226113
-0.066901 -0.967766 0.242801
0.210265 -0.366319 0.906421
-0.214911 0.76153 0.611462
0.599158 -0.211185 0.772276
0.531999 -0.434978 0.726479
0.932449 0.253534 0.257409
-0.6093 -0.243946 0.754482
-0 -0 1
-0.567907 -0.785169 0.246966
0.459902 0.842752 0.279749
0.465803 0.385349 0.796576
0.236257 -0.87085 0.431048
-0.834737 -0.266857 0.481665
-0.634897 0.746136 0.200466
-0.352702 0.63488 0.687408
-0.163683 0.606743 0.777863
-0.549663 0.111166 0.827957
0.605958 0.445726 0.658895
-0.606773 0.687684 0.398644
-0.316286 -0.78126 0.538141
-0.81214 0.056955 0.580676
0.760167 0.645747 0.071805
-0.671586 -0.648238 0.35883
-0.471698 0.482305 0.738161
0.706984 0.521526 0.477686
0.090122 -0.209241 0.973702
-0.436971 -0.891074 0.122656
-0.694742 -0.370122 0.616719
0.53897 0.616184 0.574307
-0.063775 0.858308 0.509156
0.454886 0.761266 0.462117
-0.196488 -0.894063 0.402546
0.162333 0.175519 0.971
-0.110222 -0.800223 0.589487
0.866268 -0.018573 0.499234
-0.229587 0.243191 0.942416
0.870831 0.192201 0.452451
-0.016518 -0.380779 0.924519
-0.105141 0.942893 0.316068
-0.072061 -0.996778 0.035234
0.632846 -0.774191 0.011614
-0.965259 0.031806 0.259353
0.644847 0.250711 0.722023
-0.76369 0.586091 0.270694
0.754025 -0.454672 0.474046
0.691757 -0.338238 0.638018
-0.764883 -0.15397 0.625498
-0.256072 -0.94766 0.190702
-0.661047 0.421772 0.620584
0.740532 -0.656538 0.14342
0.115851 -0.794212 0.596495
-0.753891 -0.479063 0.449607
0.4794 -0.871125 0.106378
-0.104842 0.414389 0.904041
0.608631 -0.552358 0.569622
-0.427517 -0.311264 0.848731
0.272792 0.934682 0.227933
0.769445 0.113595 0.628531
-0.50115 -0.10161 0.859374
-0.192625 0.028975 0.980845
-0.625376 -0.759312 -0.179863
0.125903 -0.988347 0.085554
0.313273 -0.949534 -0.015648
0.982419 -0.12432 0.139277
0.126583 -0.950052 0.285268
-0.004568 -0.681608 0.731704
-0.424443 -0.632492 0.647921
-0.707677 0.186987 0.681344
0.592705 -0.767105 0.245458
0.102423 -0.534915 0.838675
0.131368 0.811371 0.569578
-0.57101 0.308187 0.7609
0.821113 -0.509256 0.257745
0.31519 0.149922 -0.937112
-0.292942 0.457656 0.839486
0.484109 -0.075066 0.871782
0.033287 0.555405 0.830914
-0.390267 -0.856233 0.338461
-0.602642 -0.797711 0.021917
0.359127 0.076337 0.930161
0.522222 -0.712773 0.46823
0.253181 0.486364 0.836271
-0.269409 0.862979 0.427419
0.950174 0.051753 0.307395
0.102157 0.373047 0.922171
0.631229 0.029946 0.775018
-0.796575 0.29665 0.526751
0.929757 -0.146648 0.337708
0.720336 0.680716 -0.133199
0.179954 0.656791 0.732286
-0.725218 0.51579 0.456092
0.219802 -0.661201 0.717287
-0.122903 -0.536093 0.835164
-0.930531 0.324741 -0.16928
-0.955477 0.293806 0.027233
0.278987 0.860946 0.425368
