234
0.677059 -0.11804 0.7264
0.116619 -0.149639 0.981839
-0.608737 0.032638 0.792701
0.995334 0.068606 0.067845
-0.408738 -0.878081 0.24881
0.39466 0.8986 0.191732
-0.345577 0.93693 0.052331
-0.582528 -0.691002 0.427992
0.398329 -0.233497 0.887025
-0.044742 -0.797954 0.601055
-0.747044 0.63818 0.186146
-0.854351 0.481879 0.194618
0.846792 0.531913 0.003452
-0.682835 -0.290587 0.670295
-0.063753 -0.189753 0.97976
-0.293988 -0.878081 0.377552
0.263334 -0.820453 -0.507456
-0.556495 -0.784582 0.273393
-0.235881 0.597291 0.766553
-0.072169 0.548935 0.832744
0.775448 0.615976 -0.138759
-0.512014 -0.115129 0.851227
0.290819 -0.548783 0.783748
-0.17822 0.876642 -0.446918
-0.539151 0.818141 -0.199904
-0.664213 0.589608 0.459548
-0.801276 0.158995 0.576781
0.932598 0.013604 0.360661
0.001815 -0.999226 0.039303
0.872549 0.465862 -0.147076
-0.382235 0.894475 0.23197
0.960292 -0.218276 0.173765
-0.863203 0.383763 0.328034
0.547135 0.815743 0.187633
0.929096 -0.159051 0.333891
0.361126 0.253296 0.897457
0.588495 -0.808331 0.016594
-0.91228 0.383513 -0.143744
0.355304 0.930264 -0.091479
0.981605 0.181698 -0.058625
-0.355451 -0.087417 0.930598
-0.168757 -0.854977 0.490443
0.835281 0.471245 0.283257
0.185041 -0.432863 0.882264
0.080636 0.467716 0.880193
-0.213599 -0.193564 -0.957553
0.127883 -0.577939 0.805998
0.737923 0.674659 0.017466
0.632906 -0.709433 0.310055
-0.940359 -0.288299 0.180578
0.436986 -0.057943 0.8976
-0.089219 0.681114 0.726721
0.393531 -0.884021 0.252268
-0.554164 0.193229 0.809669
0.787745 -0.023968 0.615535
-0.741907 0.319436 0.589521
-0.464857 -0.5547 0.690084
0.637552 0.33238 0.695018
-0.528566 0.803497 0.27388
0.7298 0.605067 0.318254
0.225762 0.666629 0.710378
-0.406755 -0.249626 0.87877
0.216619 0.947643 0.234625
0.474544 0.128885 0.870745
-0.539853 0.719795 0.436411
-0.552946 -0.276478 0.78601
0.442431 -0.727748 0.524059
0.470787 0.812858 0.34296
0.189195 0.881246 0.43314
-0.835343 0.477557 -0.272289
-0.116816 -0.343415 0.931891
-0.698687 -0.565678 0.438001
0.821592 -0.567406 -0.055105
0.376575 0.423499 0.823917
-0.63511 0.759037 0.143169
-0.076025 0.392728 0.916507
0.84327 0.355398 0.403221
-0.588149 -0.572096 0.571653
0.977996 -0.046755 0.203319
0.236426 -0.27684 0.931377
0.013361 -0.453011 0.891405
0.331375 0.070585 0.940855
0.493742 -0.787119 0.369679
-0.734244 0.019431 0.678608
0.08544 0.307953 0.947557
-0.797731 -0.421315 0.431414
0.208119 0.785149 0.58329
-0.686524 0.18176 0.704023
-0.653075 0.688865 0.314575
-0.578049 -0.428319 0.694552
-0.656551 -0.743043 0.12972
-0.653598 0.474473 0.589649
0.499743 0.30684 0.810004
0.545279 -0.178303 0.819072
0.636238 0.488794 0.596894
0.826354 0.230589 0.513777
-0.4483 0.890824 -0.073889
0.341025 -0.843258 0.415473
-0.132703 0.089206 0.987133
-0.117413 -0.930533 0.346876
0.064629 -0.306452 0.94969
-0.928303 0.22303 0.297507
0.966062 0.128778 0.223921
0.835315 -0.54011 0.10262
-0.188737 -0.067992 0.979671
-0.10703 0.950614 0.291338
-0.747472 -0.491269 -0.447146
-0.789973 -0.539162 0.291972
-0.317656 -0.533204 0.784084
0.020289 -0.702276 0.711616
-0.846965 0.274695 0.455185
0.755509 -0.618647 0.215598
-0.963087 0.26904 -0.009007
-0.121326 -0.9893 -0.08103
0.05359 0.130343 0.99002
0.042892 0.921676 0.385582
0.293366 -0.947814 0.124837
-0.858485 -0.157239 0.488139
0.844561 -0.268679 0.463171
-0.214204 0.453934 0.864905
-0.485311 0.349509 0.801446
-0.258265 0.90012 0.350832
0.963373 0.249231 0.098972
-0.466471 -0.688674 0.555097
0.681598 0.709843 0.177616
-0.395313 0.621006 0.676816
-0.447294 -0.796908 0.406037
0.447498 -0.502682 0.739633
-0.905448 0.423796 0.023702
0.631559 0.613129 0.474559
-0.33434 0.349798 0.875133
-0.007118 -0.030256 0.999517
0.869645 -0.101424 0.483147
-0.192614 -0.749363 0.633526
-0.337927 -0.664129 0.666887
-0.374116 0.492928 0.785531
0.572743 -0.001449 0.819734
-0.924282 -0.05288 0.37803
0.894739 -0.32325 0.308143
0.231719 0.528048 0.816989
0.694076 0.054395 0.717843
0.931946 0.361721 -0.025181
-0.112112 0.883547 0.454726
0.00792 -0.885021 0.465483
0.285985 -0.110945 0.95179
-0.183393 0.983039 0.0011
-0.105572 0.79269 0.600415
0.233515 0.370949 0.898814
0.504496 -0.345425 0.791306
-0.061931 0.945958 -0.318321
0.917411 0.308131 0.251818
-0.647766 -0.131135 0.750468
-0.768875 0.438652 0.465205
-0.22895 0.247386 0.941479
-0.121949 0.979252 -0.161846
0.378338 0.568907 0.730209
0.723622 -0.575465 0.381066
0.670092 -0.729057 0.139472
-0.521987 0.490659 0.697699
-0.064714 0.990659 0.12003
-0.517128 -0.848019 0.115946
0.349404 -0.396171 0.849097
-0.242025 -0.943273 0.22729
-0.994918 -0.010594 0.100125
-0.183904 -0.98017 0.073798
0.461542 0.886252 0.039194
0.896206 0.424665 0.128353
-0.609887 -0.791933 -0.029655
-0.694409 -0.439019 0.570139
0.72698 -0.686648 -0.003959
-0.994094 0.101747 -0.037748
0.510327 0.601081 0.615035
0.793255 0.296992 -0.531546
-0.463552 0.044518 0.884951
0.798045 0.581684 0.157379
-0.231113 0.957047 0.175068
-0.406054 0.823581 0.396023
-0.440477 -0.409875 0.798738
0.606138 0.183059 0.774007
0.523779 -0.592829 0.611727
0.078129 0.614347 0.785158
0.668824 -0.517598 0.533636
-0.902094 -0.241211 0.357832
-0.621145 0.340715 0.705756
-0.978016 0.164502 0.128159
-0.538809 0.614494 0.576266
0.290888 0.954281 0.068795
0.873415 0.387103 -0.295462
-0.178053 -0.639644 0.747765
0.909609 0.185156 0.371926
-0.403624 0.200357 0.892717
-0.405818 0.732136 0.547073
0.253785 -0.718758 -0.647287
-0.769615 0.545797 0.331358
0.49846 0.717307 0.486836
0.964988 0.125662 -0.230232
0.122345 -0.798124 0.58994
0.348687 0.802003 0.484982
0.173817 0.014617 0.98467
0.366555 0.697491 0.615747
-0.326285 -0.784202 0.527793
0.589322 -0.659413 0.46677
0.74098 0.1899 0.644117
0.058204 0.970261 0.234961
-0.291227 -0.377796 0.878895
-0.070228 0.241105 0.967955
0.046933 0.841889 0.537606
-0.898634 0.112735 0.423966
0.368078 -0.649878 0.664964
0.062686 0.738893 0.670901
0.731183 -0.362273 0.578039
-0.840974 0.000803 0.541074
-0.03835 -0.587978 0.807967
0.200984 -0.687343 0.697972
0.646168 -0.283569 0.708559
0.794371 -0.427305 0.431723
0.771907 -0.198072 0.604092
0.492468 -0.863513 -0.108725
-0.059999 -0.978882 0.195425
-0.763856 -0.142775 0.629396
0.51781 0.458859 0.722025
0.607682 0.719477 0.336267
-0.964324 0.056801 0.258558
-0.167242 -0.489336 0.855909
0.930532 -0.327422 -0.164028
0.857196 0.07342 0.509729
0.233048 -0.927817 0.291281
0.74138 0.363124 0.564355
0.595644 -0.442564 0.670332
-0.242775 -0.224759 0.943686
0.320009 0.884333 0.339927
0.28594 -0.774047 0.564881
-0.2982 0.077985 0.951312
-0.683682 -0.670889 0.287206
