0.156463 -0.754126 0.637819
0.300797 0.862384 0.407203
-0.56683 -0.812668 0.135184
-0.260052 0.563912 0.783822
-0.271706 0.207779 0.939683
0.062521 -0.871497 0.486399
-0.650764 0.629237 0.424931
-0.734739 0.265534 0.62422
0.301638 -0.953383 -0.008674
0.758414 -0.651337 -0.023842
0.295882 0.087957 0.951166
0.090218 0.992614 0.081108
-0.455323 -0.721905 0.521089
0.042464 -0.649167 0.75946
0.915517 0.014409 -0.402021
-0.280607 -0.496413 0.821483
-0.712679 -0.476829 0.514512
0.21057 -0.919768 0.331191
-0.84672 0.512998 0.141059
0.545575 -0.374325 0.749819
-0.735012 0.054632 0.67585
-0.182545 0.724649 0.664501
-0.030749 0.968343 0.247723
0.925716 -0.002219 0.378214
0.97563 0.0224 -0.218275
0.549278 -0.661882 0.510105
-0.060726 0.831885 0.551616
-0.54946 -0.242241 0.799633
0.968699 0.207934 -0.135591
-0.520536 -0.785951 0.333651
0.477951 0.768537 0.42534
0.598317 0.449528 0.663281
-0.451373 0.301265 0.839942
-0.438706 0.487358 0.754996
-0.643427 -0.368048 0.671225
0.837366 -0.185441 0.514227
-0.710261 0.457712 0.534817
0.859006 0.18588 0.477029
0.289414 0.47665 0.830087
-0.070601 0.616292 0.784346
-0.242415 -0.966384 0.085655
0.460047 0.375455 0.804606
0.837331 0.002072 0.546693
0.75561 -0.623944 0.199368
-0.826699 -0.54888 0.12369
-0.081075 0.267422 0.960163
-0.446889 0.105333 0.888367
-0.718924 0.655665 0.230764
-0.828764 -0.087953 0.552643
-0.336259 -0.849614 0.406307
-0.838465 -0.538939 -0.080759
-0.055764 -0.777677 0.626186
0.985815 -0.157698 0.057444
0.88807 -0.285525 0.360287
0.917063 0.198203 -0.345992
-0.267426 0.015952 0.963446
-0.377701 -0.31964 0.869007
-0.598671 0.386293 0.701691
0.374351 -0.710604 0.595737
0.585708 -0.17219 0.792021
0.243311 0.657727 0.712878
0.726007 -0.08994 0.681781
-0.900097 -0.379712 0.213644
0.429126 0.56316 0.706188
0.111352 0.195181 0.974426
0.658962 0.648287 0.381435
-0.284796 0.806543 0.518054
-0.64512 0.757363 -0.101101
-0.983753 -0.035414 -0.176001
-0.840907 -0.365023 0.399543
-0.594097 -0.01803 0.804191
-0.262889 -0.767556 0.584592
0.296191 0.287473 0.91084
0.778758 -0.389713 0.491589
0.063963 0.903905 0.422923
0.465489 0.174063 0.867769
-0.174074 -0.654562 0.735694
0.903288 -0.350891 -0.246874
0.10897 0.558094 0.822591
0.975997 -0.166896 -0.139915
0.151474 -0.978033 0.143203
-0.38083 0.662479 0.64505
-0.17085 -0.346302 0.922434
0.611747 0.046751 0.789671
0.431914 -0.807921 0.400891
-0.793378 0.501258 0.345386
0.110375 0.382039 0.917531
0.702702 -0.289209 0.650052
0.053642 0.730187 0.681138
-0.194044 -0.94085 0.277756
-0.283082 -0.952758 -0.110073
0.360862 -0.451535 0.816024
-0.437461 -0.101713 0.893466
0.715481 0.494814 0.4932
-0.927012 0.172762 0.332869
0.635547 -0.488689 0.597714
-0.583029 -0.80954 -0.068724
-0.557058 -0.564095 0.609495
0.799036 0.526482 0.290443
-0.074634 -0.517629 0.852344
0.740487 0.132109 0.658959
0.367905 0.727232 0.579465
0.108509 0.002371 0.994093
0.713609 -0.563617 0.416051
0.180863 0.81064 0.556912
0.936788 0.196249 0.289679
-0.93726 0.345601 0.045858
0.930137 -0.331948 0.157019
-0.48004 0.732927 0.482057
-0.273287 0.391064 0.878853
0.483956 -0.874617 0.028837
-0.613996 0.782274 0.105144
-0.557896 0.773692 0.300254
0.263918 -0.831562 0.488725
0.14551 -0.499896 0.853775
0.007242 -0.951302 0.308176
0.572414 0.778733 0.256743
-0.159443 0.906683 0.390518
0.621533 -0.711943 0.326854
0.468923 -0.558811 0.683989
0.955526 -0.145632 0.256439
-0.41155 -0.881295 -0.232263
-0.785929 -0.273438 0.554569
-0.137835 -0.877005 0.460286
0.612663 0.258904 0.746734
-0.081761 0.449381 0.889591
-0.08048 0.071674 0.994176
-0.369804 0.860929 0.349352
0.264726 -0.616566 0.741462
-0.69829 -0.155978 0.698615
-0.045742 -0.992116 0.116675
-0.10666 0.99284 0.053786
-0.557689 0.571896 0.601596
0.020879 -0.356273 0.934149
0.343303 -0.918818 0.19472
-0.844009 -0.363486 -0.394369
0.837113 -0.466084 0.28637
0.436195 -0.884667 -0.164616
0.552964 0.621105 0.555391
-0.261706 -0.177049 0.948769
-0.834689 0.324592 0.444898
0.999301 0.028864 -0.023769
0.422614 -0.25416 0.869943
0.720411 0.67204 0.171379
-0.687238 -0.687996 0.233164
0.507661 -0.831422 0.22587
-0.630613 -0.645763 0.430485
0.289723 -0.117459 0.949876
0.743933 0.320883 0.586172
-0.906696 -0.374585 -0.193877
-0.079047 -0.136127 0.987533
0.861354 -0.50302 0.071
-0.47676 -0.450294 0.754941
-0.240401 0.948232 0.207519
-0.607142 0.187667 0.772114
-0.842262 0.131546 0.522772
0.459351 -0.036362 0.88751
-0.720562 -0.692674 0.031513
-0.373892 -0.623128 0.686962
-0.431196 -0.902248 0.004409
0.105156 -0.190285 0.976081
0.973995 0.2132 0.076677
0.180388 0.944649 0.274041
-0.390701 -0.895775 0.211989
-0.779442 -0.537837 0.321251
-0.923359 -0.383619 0.015611
0.237993 -0.32842 0.914057
