-0.358509 0.799579 0.481814
0.771161 -0.595401 0.225406
-0.957771 -0.249861 -0.142284
0.964497 0.17251 -0.199963
0.770276 0.168735 0.614982
0.631399 0.259989 0.730576
0.463802 0.78117 0.417925
0.415713 -0.11992 0.901555
-0.681976 0.206405 0.701645
0.570061 0.432834 0.698344
-0.758335 0.458203 0.463657
-0.737151 -0.10098 0.668141
0.043205 -0.69801 0.714784
-0.608179 -0.777011 0.162396
-0.475555 -0.012813 0.879593
-0.521046 -0.785158 0.334719
0.315285 -0.929625 -0.190767
0.272263 -0.920618 0.279884
-0.320742 -0.944663 0.068819
0.445194 -0.399251 0.801499
0.096042 -0.955506 0.278897
0.772097 -0.635096 0.022764
-0.032577 -0.255126 0.966359
-0.009194 -0.997114 -0.075356
0.758814 -0.237767 0.606357
-0.908905 -0.347621 0.230328
-0.291252 -0.048279 0.955427
0.846217 0.264223 0.462712
0.486419 0.589321 0.645056
-0.435551 -0.876733 0.204048
0.462329 0.338197 0.819679
-0.904663 -0.201047 0.375718
-0.35022 0.123371 0.928507
-0.529938 0.159939 0.832818
-0.142699 -0.688451 0.711106
-0.319043 -0.36813 0.873322
-0.407943 -0.494302 0.767625
0.004932 0.583042 0.812427
-0.632919 -0.533578 0.560989
0.782327 -0.033211 0.621982
-0.352822 0.595105 0.722057
0.971307 -0.120717 0.204915
0.297587 0.8544 0.425961
-0.561664 -0.815708 -0.138396
-0.911275 0.351275 0.214903
-0.809583 -0.224634 0.542324
0.910696 -0.234899 0.339786
0.714302 0.675273 0.183789
-0.985941 0.008512 0.166875
0.044478 -0.993796 0.101935
-0.081856 -0.959415 0.269855
-0.175613 0.599254 0.78106
0.103822 0.701003 0.705561
-0.757977 -0.640821 0.121734
-0.122639 0.964844 0.232458
0.938758 -0.166385 -0.301743
0.150958 0.249356 0.956574
-0.818746 0.494746 0.291344
-0.231258 -0.538664 0.810161
0.386377 0.503044 0.773085
0.088551 0.418354 0.903957
0.624099 -0.333428 0.706631
0.06991 -0.091915 0.99331
0.864285 -0.492654 0.101507
-0.684872 -0.667685 0.291801
0.99917 -0.036887 0.017303
-0.045575 -0.563548 0.824825
-0.058712 0.914648 0.399966
-0.948669 -0.312666 0.04762
0.571282 0.65639 0.492736
-0.733143 -0.384491 0.560952
-0.423904 -0.742088 0.51924
0.668005 -0.729977 0.144579
-0.77921 0.076045 0.622133
0.381187 0.055084 0.922856
0.672063 0.073029 0.736884
-0.434718 0.844504 0.312783
-0.218508 0.28279 0.933962
-0.259678 -0.933221 0.248326
-0.672241 -0.74026 -0.010318
-0.379721 -0.919627 -0.100489
-0.264178 0.449637 0.85325
0.125236 -0.800272 0.586413
0.123009 0.899138 0.420024
0.516668 0.161615 0.840794
-0.928286 0.370825 0.027832
-0.166509 0.832855 0.527852
0.325702 -0.774417 0.542399
-0.430487 0.444574 0.785516
-0.786101 0.270999 0.555521
-0.899455 -0.4244 -0.104233
0.29054 0.651312 0.700984
-0.743821 0.64439 0.177462
0.335562 0.227097 0.914235
0.528524 -0.23114 0.816845
-0.350983 -0.851166 0.39029
-0.667354 -0.269153 0.694403
-0.859175 -0.053781 0.508848
0.862317 -0.134916 0.488064
-0.495105 0.858691 0.132367
0.505733 0.862147 -0.030597
-0.229182 0.967095 -0.110465
0.189808 0.550728 0.812817
0.874411 -0.130921 -0.467188
-0.249683 0.897358 0.363879
0.927285 -0.329424 0.177827
0.246156 -0.107284 0.963274
0.246124 -0.434238 0.866522
0.990119 0.139458 -0.014663
-0.698599 0.429339 -0.572388
-0.264882 0.72533 0.6354
0.055208 -0.42566 0.903197
0.868872 0.072585 0.489686
0.397851 -0.83645 0.376917
0.975724 -0.213313 0.049593
0.817924 0.521534 0.242905
-0.090931 0.439557 0.8936
-0.318866 -0.657112 0.683029
0.250487 0.932403 0.260539
-0.695359 0.624237 0.356097
-0.396691 0.288037 0.871591
0.849578 -0.4347 0.298753
0.543165 -0.797077 0.263895
0.743478 -0.524856 0.414448
0.599145 0.74022 0.305124
0.652098 -0.674171 0.346787
-0.17085 -0.888425 0.426042
0.930638 0.168229 0.324979
0.138936 0.986214 -0.089881
-0.066021 -0.808392 0.584931
0.148047 -0.57376 0.805532
0.243144 -0.686434 0.685339
-0.819016 -0.515164 0.252623
-0.081137 0.725341 0.683592
0.413843 -0.894251 0.170437
0.014272 -0.897268 0.441255
0.87365 0.479752 -0.081081
-0.483116 -0.605649 0.632288
-0.203496 -0.791024 -0.576949
-0.110128 -0.072218 0.99129
0.553485 -0.023435 0.832529
0.659838 0.511408 0.550523
0.537125 -0.50083 0.678724
0.708289 0.599339 0.372988
-0.862798 0.319696 0.39163
0.348857 -0.551355 0.75783
0.15289 -0.273068 0.949768
-0.939291 -0.019899 0.342545
-0.540595 0.839427 -0.055854
0.790791 0.439902 0.4256
-0.573264 -0.430525 0.697149
0.982076 0.067467 0.175995
0.668702 -0.133734 0.731405
0.018262 0.090874 0.995695
0.509189 -0.726263 0.46181
0.274974 0.393612 0.877188
-0.565988 0.330581 0.755231
-0.454913 0.674239 0.58177
-0.16639 0.109144 0.980001
0.436475 -0.64885 0.623284
-0.585806 -0.670715 0.454942
-0.850925 0.514945 0.103717
0.336304 -0.282409 0.898412
-0.537482 0.522262 0.662085
-0.972824 0.192412 0.128807
0.608082 -0.590911 0.530151
-0.738453 -0.533071 0.412944
-0.217823 -0.22893 0.948759
0.819935 -0.339205 0.461137
-0.400873 -0.18691 0.896864
-0.249806 -0.787513 0.5634
0.726936 0.348317 0.59181
-0.195459 -0.976708 -0.088526
-0.836906 -0.372336 0.401191
-0.179633 0.981817 0.061376
-0.580402 -0.145284 0.801266
0.935655 -0.024407 0.352071
0.42883 0.864376 0.262601
-0.625844 0.58294 0.51817
-0.538329 0.728645 0.423413
0.201745 0.073685 0.976662
0.890487 0.351274 0.289205
-0.60252 0.758172 0.249287
0.020151 0.825669 0.563794
-0.134363 -0.404252 0.904725
-0.806732 -0.588398 -0.054504
0.651489 -0.756226 -0.060703
0.201756 -0.874534 0.441004
-0.6743 0.402535 0.619101
-0.370291 0.928839 0.011969
0.383291 0.727365 0.569235
0.0668 0.96602 0.249686
0.035411 -0.267855 -0.962808
-0.495081 -0.314789 0.809817
-0.642735 0.028281 0.765566
