199
-0.644993 0.359544 0.674323
0.497272 -0.472717 0.727502
0.162032 -0.982825 0.088318
-0.037712 -0.850151 -0.525187
-0.419125 -0.220843 0.88066
0.894062 -0.367846 -0.255622
0.050258 -0.701964 0.710437
0.804589 0.235142 0.545293
0.833818 -0.54855 0.061971
0.924551 -0.298575 0.236765
-0.377019 0.466585 0.800097
-0.77448 -0.632594 0.002285
-0.420634 -0.819246 0.389747
-0.4025 0.844155 0.354113
0.59994 -0.79108 0.119431
0.896779 0.173611 0.406997
-0.879628 0.464747 0.101317
-0.580331 -0.171563 0.796104
0.977234 -0.198255 0.075561
-0.563657 -0.781959 0.26614
-0.378912 0.911558 0.15965
0.70275 0.365079 0.610623
-0.970204 -0.02302 0.241195
0.121269 -0.304485 0.944766
-0.02805 0.998545 0.046061
-0.118613 -0.127322 0.984744
0.447866 0.025869 0.893726
-0.108121 0.903348 0.415056
0.644472 -0.387298 0.659285
-0.083043 0.671811 0.736053
0.059413 -0.897494 0.437006
0.186858 0.87861 0.439464
-0.522257 -0.604033 0.60199
-0.18961 0.244661 0.950889
0.460778 0.226372 0.85816
-0.800792 0.533323 0.272579
0.854022 -0.473249 0.216058
-0.063434 -0.588257 0.806182
-0.265671 -0.895076 0.358132
-0.113792 -0.980138 -0.162423
0.425047 0.574872 0.699183
-0.364514 -0.929768 0.051588
0.400865 -0.360221 0.842347
0.287228 -0.930252 0.228321
-0.878958 0.259416 0.40017
0.251346 0.926374 0.280458
-0.67344 0.694777 0.252515
-0.262799 0.836951 0.480052
-0.215926 0.971645 0.096343
-0.689235 0.598968 0.407667
-0.033631 0.358919 0.932763
0.053574 0.940881 0.334473
-0.259381 0.7194 0.644349
0.936987 0.241965 0.252007
0.233088 -0.427866 0.87327
-0.567026 -0.698876 0.435953
0.875434 0.401135 0.26964
0.333316 -0.542553 0.771062
0.561536 0.621537 0.546232
0.779643 -0.301054 0.549112
-0.774684 0.621807 0.114983
0.126471 0.438955 0.889564
-0.767307 0.297782 0.567949
-0.154349 -0.427207 0.890882
0.965735 0.062248 0.251954
0.996524 -0.012616 0.082351
0.403839 0.710335 0.576489
-0.111741 0.797052 0.593484
0.173287 0.984822 -0.00986
0.113854 -0.132052 0.984682
0.108632 -0.957624 0.266748
-0.345926 -0.39587 0.85066
0.229669 0.778434 0.584203
-0.249118 0.92314 0.292835
0.695376 -0.202779 0.689444
-0.24309 -0.264017 0.933382
0.237655 -0.883034 0.404687
0.44119 -0.163459 0.882402
0.031192 -0.456283 0.889288
0.636626 -0.76677 -0.08229
-0.411017 -0.734542 0.53992
-0.040465 -0.803495 0.593934
0.447554 0.410872 0.79428
-0.835054 0.142484 0.531397
-0.817553 0.123103 -0.562541
-0.554399 0.626592 0.547744
-0.400567 0.618791 0.675754
-0.752017 -0.396463 0.526582
0.726554 -0.685046 0.053207
-0.083659 0.971188 0.223148
-0.5216 -0.348041 0.778974
0.841206 -0.375045 0.389503
-0.946679 -0.215079 0.239873
-0.801273 -0.569499 0.183394
0.100469 0.597821 0.795309
0.826022 0.057003 0.560748
0.143599 -0.577161 0.803906
-0.678669 -0.287864 0.675679
-0.17487 0.061412 0.982674
0.160056 0.075496 0.984217
0.576363 -0.568523 0.587016
0.910577 -0.017775 0.412958
-0.696241 -0.645426 0.314124
0.586807 0.775798 0.231938
-0.438835 -0.510871 0.739212
0.890833 -0.20083 0.407535
-0.722704 -0.109581 0.682416
0.715376 -0.474177 0.513219
-0.865435 -0.31625 0.388599
0.708088 0.170744 0.68517
-0.311517 -0.943116 -0.116141
-0.799615 0.425631 0.423619
0.777326 0.538283 0.3256
0.357112 0.827447 0.433362
-0.50685 0.331865 0.795593
-0.672053 -0.555982 0.48911
0.725257 0.662467 0.187459
-0.611385 -0.453985 0.648155
-0.120933 -0.881166 0.45708
-0.645169 0.198135 0.737903
-0.488746 -0.867952 -0.088241
-0.879699 -0.473193 0.047106
0.587172 -0.08877 0.80458
-0.01434 0.182452 0.98311
-0.413274 0.74393 0.525141
-0.807485 -0.224435 0.545525
0.717396 -0.015694 0.696489
-0.681917 -0.718575 0.136524
-0.355223 0.291524 0.888161
-0.405253 -0.887255 0.220336
0.314929 0.150922 0.937039
-0.342808 0.108431 0.933127
0.256287 0.654836 0.71099
-0.333939 -0.654849 0.677981
-0 0 1
0.452846 -0.87358 0.178296
0.588505 0.100818 0.802183
-0.050785 -0.283706 0.957566
0.303739 0.336806 0.891237
0.072744 0.736651 0.672349
-0.680132 0.485611 0.549184
0.923773 -0.377707 0.063099
0.49272 -0.723521 0.483471
-0.211243 0.42059 0.882315
-0.837758 -0.044505 0.544224
-0.077764 -0.952059 0.295866
-0.527587 0.82068 0.219399
0.241918 -0.688438 0.683761
-0.991974 0.092325 0.086394
-0.980893 -0.17514 -0.084705
-0.299488 -0.082139 0.950558
-0.889684 -0.399573 0.220916
0.339093 -0.939908 0.039866
0.289129 -0.052094 0.955872
0.410384 -0.838314 0.358906
-0.427991 -0.86459 -0.263263
-0.028221 -0.991479 0.127172
-0.156623 -0.702791 0.693941
-0.952504 0.175798 0.248657
0.574875 0.478517 0.663733
0.639367 -0.642516 0.422354
-0.530052 0.498072 0.686272
0.419356 -0.643485 0.640365
0.839733 0.526267 0.133756
0.147749 0.264024 0.953133
0.285066 -0.235759 0.929061
-0.536676 -0.839104 0.088785
0.282024 0.506012 0.815116
-0.644259 -0.763287 -0.048205
0.572267 -0.7632 0.300062
-0.465213 -0.036067 0.884464
0.9612 -0.119459 0.248643
-0.615264 0.012404 0.788224
-0.552057 0.735774 0.392263
0.495992 -0.868082 -0.020614
-0.248482 -0.551095 0.796587
0.514001 0.752828 0.411161
0.820283 0.371962 0.434488
-0.057719 0.52374 0.84992
-0.917839 0.058833 0.392569
0.991524 0.101782 -0.080744
0.718781 -0.657009 0.227361
-0.225739 -0.956809 0.183188
0.553851 -0.281642 0.783535
-0.234846 0.581319 0.779048
0.701258 0.509835 0.498303
-0.794814 -0.488782 0.35967
0.765296 -0.539962 0.350376
-0.247003 -0.797488 0.550457
0.147805 -0.806613 0.572302
0.655381 0.656177 0.374041
-0.500387 0.152861 0.852201
-0.907927 -0.132553 0.397616
-0.953648 -0.291397 0.075115
0.591053 0.299527 0.74896
-0.928689 -0.359036 -0.092898
-0.954468 0.282587 0.095582
-0.743502 0.078142 0.664152
0.326963 -0.779697 0.534011
