0.062688 -0.684546 0.72627
-0.008877 -0.837344 0.546604
0.550973 0.572054 0.607605
-0.778273 -0.053162 0.625671
-0.316153 0.911886 0.261747
-0.087479 -0.95056 0.297966
-0.06694 0.827807 0.557005
0.543815 -0.49751 0.675833
0.36162 0.86901 0.337717
-0.302434 0.822746 0.481272
0.398456 -0.833739 0.382246
0.569101 0.717933 0.400869
-0.088821 0.932022 0.351349
0.153827 0.873978 0.460977
0.945439 0.325648 -0.00988399
0.380769 0.74526 0.547359
0.533225 -0.021244 0.845706
0.586817 -0.273532 0.762119
0.83214 -0.402491 0.381503
-0.311783 0.94962 0.031828
0.727165 0.649706 0.221615
-0.051814 -0.31793 0.946697
-0.501201 -0.36327 0.785387
-0.599092 0.457069 0.657401
0.130198 0.962452 0.238191
0.691567 0.369162 0.62085
0.280172 -0.020585 0.959729
0.363426 -0.428842 0.827052
0.778999 -0.585537 0.224292
-0.503275 0.854475 -0.128793
-0.39185 0.498731 0.773124
0.115349 0.537363 0.835425
0.264661 0.369301 0.890826
0.731223 -0.342227 0.590079
0.84632 0.309216 0.433737
0.829716 -0.557221 -0.03281
-0.408585 -0.711456 0.571742
0.785859 0.130722 0.604431
0.141617 0.167556 0.975638
-0.607737 0.730732 -0.310944
0.041244 -0.072629 0.996506
0.292686 -0.935053 0.200026
-0.680706 0.226037 0.696812
0.089651 -0.98875 -0.11973
0.478388 -0.687208 0.546708
0.173773 0.733446 0.657161
0.30657 -0.624901 0.717993
-0.15956 0.50844 0.846185
0.823673 -0.494477 -0.277589
-0.772004 -0.593948 0.226353
-0.689866 -0.723937 -8.5e-05
-0.769935 0.393498 0.502355
0.402401 0.180546 0.897483
0.137952 -0.915708 0.377422
-0.574445 -0.526311 0.626905
-0.109588 0.120932 0.986593
-0.229534 -0.855253 0.464603
0.618726 0.182265 0.764171
-0.626296 -0.158395 0.763325
-0.181479 -0.714904 0.675261
-0.482948 0.284813 0.828035
0.482989 0.873599 -0.059548
-0.958839 -0.167844 0.229032
-0.115169 -0.535894 0.836393
-0.915823 -0.005845 0.401539
-0.280839 -0.35233 0.892745
0.978273 0.000845 0.207318
-0.421443 -0.146103 0.895008
0.078022 -0.9892 0.124081
0.9052 -0.260006 -0.336168
0.729587 0.527463 0.435299
0.23668 -0.790552 0.564809
-0.667751 0.603014 0.436444
0.608554 0.762124 -0.220972
-0.003496 0.347226 0.937775
0.862257 0.453728 0.225041
0.683682 -0.728179 0.048324
0.491891 0.390901 0.777971
0.906079 0.065028 0.418081
0.125516 -0.492969 0.860946
-0.763774 -0.470484 0.441922
-0.826476 0.157999 0.540346
-0.521429 0.845027 0.118496
-0.041052 0.678116 0.733808
0.845697 -0.145999 0.513304
0.843548 0.537049 -0.002422
0.996106 0.087624 -0.009745
0.401168 -0.209195 0.891797
0.543082 0.820463 0.178612
-0.611077 -0.660826 0.435768
-0.931432 0.346194 0.112179
-0.888586 -0.390281 0.241029
-0.483476 0.658763 0.576439
0.947395 0.235489 0.216768
-0.354871 0.083043 0.93122
-0.693989 0.69128 0.201273
0.714212 -0.077757 0.695597
0.178594 -0.269755 0.946222
-0.713746 -0.321414 0.622302
0.342217 0.575818 0.74251
-0.428725 -0.832944 0.349856
-0.350655 -0.554413 0.754763
-0.129994 -0.991369 0.016979
0.677912 -0.563698 0.471891
-0.859476 -0.234793 0.454062
-0.258045 0.305163 0.916672
-0.196034 -0.116018 0.97371
0.292411 0.938332 -0.18447
0.329114 0.938583 0.103666
0.983404 -0.175694 0.045257
-0.269773 0.685391 0.676359
-0.51332 0.78085 0.356056
0.577407 -0.056771 -0.81448
0.908048 -0.395877 0.136858
-0.979114 0.089367 0.182617
0.931014 -0.207048 0.300574
