-0.395788 0.703016 0.590864
-0.331183 0.917575 0.21994
-0.914676 0.0393 0.402273
-0.712396 0.247589 0.656651
0.158268 0.128987 0.978935
-0.911822 0.37175 0.174304
-0.785538 0.501684 -0.362275
-0.44853 0.892239 0.052246
-0.669492 -0.713583 -0.206351
-0.930065 0.214258 0.29845
-0.97555 0.203766 0.082349
0.907446 0.027859 0.419244
0.246957 -0.247883 0.936785
-0.002068 -0.971835 0.235654
0.593106 -0.193148 0.781613
0.560991 0.003302 0.827816
-0.812278 0.049764 0.581144
0.214195 -0.954404 0.207926
-0.045163 -0.697318 0.715337
-0.625063 -0.291477 0.724111
-0 -0 1
-0.946169 -0.323674 -9.1e-05
-0.045984 0.199696 -0.978778
-0.226019 0.299782 0.926847
0.792859 0.437545 0.424179
-0.746594 0.653271 0.125833
0.790715 0.554523 0.259373
-0.1848 0.910396 0.370172
0.369741 0.885228 0.282247
0.32029 0.235402 0.917606
-0.127421 0.913221 -0.387028
-0.463257 -0.391699 0.794962
0.267242 -0.592866 0.759666
-0.855806 -0.333876 0.395125
0.597839 -0.386967 0.702029
0.0977521 0.524941 0.845506
-0.676851 0.074565 0.732334
0.806504 0.095232 0.583508
-0.247378 0.495475 0.832651
-0.838679 0.383585 0.386625
-0.08456 -0.902324 0.422683
-0.978367 0.036091 0.203706
-0.971648 0.19284 -0.136795
0.63671 -0.636646 0.435066
-0.607841 0.788298 0.095472
-0.051783 0.203128 0.977782
-0.808604 0.52695 0.261694
0.294125 0.851585 -0.433928
-0.721192 0.412113 0.556817
0.656721 0.499029 0.565409
0.256976 0.414216 0.873148
0.705187 -0.456373 0.542619
-0.574661 0.403568 0.711967
-0.975778 0.014785 -0.218264
-0.33681 -0.062665 0.939485
0.154054 -0.725793 0.670442
0.536481 -0.791286 0.29335
-0.940868 -0.149287 0.304107
0.193831 0.960311 0.200578
0.739789 0.653476 -0.160255
-0.723204 -0.49872 0.477759
-0.171591 -0.791971 0.585951
-0.999679 0.02374 -0.008823
-0.113594 -0.343769 0.932158
-0.840135 0.222924 0.494448
-0.152885 0.974418 0.164728
-0.416099 0.545057 0.727857
-0.75644 -0.322513 0.56902
0.075981 -0.392133 0.916765
0.605201 0.354963 0.712554
0.646169 0.763179 -0.004821
0.374673 0.051038 0.925751
0.746992 0.305203 0.590638
0.493899 0.543808 0.678481
0.776539 0.62811 0.049654
0.101317 0.319193 0.942258
-0.241283 -0.645376 0.724757
0.922272 -0.168407 0.347928
0.549595 -0.581684 0.599657
0.830915 -0.317055 0.457227
-0.569647 0.568377 0.593675
-0.861127 -0.498347 0.100549
-0.406788 0.365413 0.837256
0.7353 -0.674399 0.067227
0.310657 0.944545 -0.106429
-0.855886 0.515695 0.038957
0.162979 0.804548 0.571086
0.878378 0.466765 0.102876
0.898538 0.356824 0.255551
-0.588533 -0.778951 0.216482
0.666899 0.653491 -0.358044
0.981203 0.166082 0.098275
-0.01519 0.870697 0.491586
-0.198754 0.073681 0.977276
0.440603 0.391905 0.807638
0.359553 0.808492 0.4659
0.731435 -0.25707 0.631599
-0.654827 0.69619 0.294146
-0.465734 -0.19957 0.862127
0.307254 0.568585 0.76309
0.184252 0.899222 0.396802
0.94316 0.173676 0.283349
0.440708 -0.501459 0.744524
-0.151323 -0.139506 0.978591
0.337187 0.701691 0.627642
0.34385 -0.872855 0.346252
-0.371574 -0.726105 0.578537
0.034826 0.993828 0.105328
-0.613708 -0.102339 0.782872
0.5836 -0.805414 0.103532
0.982919 0.148339 -0.108933
0.861095 0.244288 0.445914
-0.499299 0.033214 0.865793
0.13501 0.678602 0.721992
-0.429478 -0.570677 0.699912
0.266887 -0.427188 0.863876
-0.21026 0.806731 0.552246
0.273167 -0.961966 0.000809
0.005344 0.951563 0.307406
-0.103531 -0.528519 0.842585
-0.239006 0.667062 0.705623
0.132795 0.989403 -0.058708
-0.410037 -0.8727 0.265075
0.44104 -0.320589 0.838276
-0.752252 -0.130455 0.645831
-0.287505 -0.469692 0.834704
-0.493349 -0.766755 0.410723
0.509212 0.199591 0.837178
0.200102 0.942173 -0.268831
0.372182 -0.687152 0.623941
-0.040965 0.754566 0.654944
-0.296424 -0.279719 0.913176
0.253794 -0.818184 0.515911
-0.862542 -0.145653 0.484569
-0.810267 -0.506259 0.295244
0.338906 0.937275 0.081594
0.490205 0.869604 -0.05906
0.035484 -0.829469 0.557425
-0.931159 0.361192 -0.049835
-0.898974 0.351809 -0.260916
-0.702512 0.563087 0.435212
-0.083668 0.994948 -0.055489
-0.072057 0.60658 0.79175
0.71615 -0.052399 0.695976
-0.920557 -0.332278 0.205344
-0.365729 0.830185 0.420756
-0.558767 -0.63064 0.538584
0.835803 -0.117034 0.536411
0.53253 0.771768 0.347542
-0.5364 0.712992 0.451572
0.518053 0.673032 0.527872
0.408103 -0.899871 0.153895
0.672391 0.153108 0.724188
-0.369506 0.168751 0.913777
0.082993 -0.569271 0.81795
-0.499077 0.824838 0.26564
0.698882 -0.66796 0.255722
0.83653 -0.521898 0.166854
0.208841 -0.060893 0.976052
-0.55086 0.224014 0.803972
-0.67068 -0.622287 -0.403666
-0.070368 0.42072 0.904457
-0.603956 -0.469543 0.644024
0.519245 0.84197 0.146527
0.465049 -0.750985 0.468776
0.416648 -0.135514 0.898911
