171
-0.74498 -0.097259 0.659959
0.414885 -0.886838 -0.203442
-0.557429 0.225971 0.798881
-0.409349 0.38202 0.828549
-0.914364 0.284186 0.288403
-0.512178 -0.339417 0.788968
0.629959 0.768112 0.114694
-0.84921 -0.38237 0.364191
0.263531 0.019984 0.964444
-0.975048 0.116998 0.188659
-0.016407 -0.934086 0.35667
-0.075159 0.777248 0.62469
-0.825797 0.279397 0.489894
0.584072 0.162213 0.795328
0.11075 -0.685301 0.719789
-0.879437 0.445251 0.168352
-0.497296 -0.867572 0.003994
0.961344 -0.247809 0.120032
0.321104 -0.642646 0.695628
-0.902077 0.429239 -0.044844
0.346537 0.92895 -0.130247
-0.410203 0.555187 0.723533
-0.796311 0.107335 0.595288
0.141253 0.175747 0.974249
0.754934 -0.54992 0.357299
0.29099 0.748272 0.596166
0.595227 -0.664469 0.451869
0.977297 -0.047905 0.206388
-0.907677 0.120987 0.401852
-0.078515 0.892638 0.443883
0.317025 0.946095 0.066335
-0.241235 0.914276 0.325431
0.187845 -0.203947 0.960791
0.824628 0.022785 0.565216
-0.98809 -0.119888 -0.096463
0.010409 -0.813161 0.581945
-0.957001 0.278916 0.079722
0.462763 -0.28971 0.837806
-0.177311 -0.882134 0.43635
0.093827 0.834853 0.542418
0.508949 -0.587192 0.629426
0.260999 0.859105 0.440247
-0.56954 0.41126 0.71168
0.430433 0.094889 0.897621
-0.565833 0.571065 0.594742
0.656305 0.750353 -0.078957
0.628875 0.50763 0.588921
-0.768784 -0.550867 0.324834
0.679625 0.008624 0.733509
0.866624 0.348058 0.357517
-0.686588 0.715954 0.12652
-0.933336 -0.316647 -0.169171
0.856145 -0.183777 0.482951
-0.418157 -0.515979 0.747603
0.738498 0.186001 0.648093
-0.237818 0.521962 0.819145
0.286336 -0.357572 0.888906
0.531657 -0.062976 0.844615
-0.48332 -0.647994 0.588647
0.536206 -0.832612 0.138713
-0.863013 -0.046901 0.503
0.135873 0.37378 0.917511
0.36826 -0.138071 0.919413
-0.508122 0.022538 0.86099
-0.355022 -0.782977 0.51079
0.754284 -0.141993 0.64101
-0.515138 -0.757985 0.400115
-0.957925 -0.286223 0.021358
0.880315 -0.407483 0.242904
0.402776 -0.481515 0.778405
-0.332685 -0.018434 0.942858
0.821771 -0.375744 0.428379
-0.354447 -0.875295 0.328978
-0.035588 0.103136 0.99403
0.202111 -0.533299 0.821428
0.477558 0.496552 0.724827
0.771701 0.632402 0.067421
0.094461 0.931595 0.35101
-0.898893 -0.198967 0.390388
0.762057 0.355281 0.541336
0.688339 -0.721979 0.070262
-0.664813 0.065033 0.744174
0.364361 -0.908093 0.206419
0.944739 0.155028 0.288849
-0.787021 -0.603398 0.128488
0.919654 -0.013301 0.392503
-0.428929 -0.182915 0.884625
-0.066916 0.968408 0.240227
-0.456689 -0.867029 -0.199238
-0.4027 0.826578 0.393193
-0.237181 0.963109 0.127143
0.321379 -0.857301 0.402181
-0.544982 0.708298 0.448674
0.72092 0.640415 0.264844
0.205215 -0.975885 0.074404
-0.141862 -0.059699 0.988085
0.571305 0.7621 0.304655
-0.239855 0.680472 0.692407
-0.547435 0.834403 0.06392
-0.798011 -0.256239 0.545453
-0.3868 0.922146 -0.005731
-0.657729 -0.702267 0.272421
0.435746 0.78904 0.433061
-0.303732 -0.662971 0.684264
0.12699 0.979632 0.155544
0.178301 -0.946342 0.269528
0.042129 -0.998219 -0.042241
0.862094 0.187766 0.470678
-0.05816 0.635432 0.769963
0.996498 -0.082966 0.010414
0.467158 0.654056 0.594957
0.624538 0.344248 0.701032
-0.579492 0.767904 0.27297
-0.052176 0.472075 0.880013
0.467213 0.316832 0.825427
-0.328909 -0.37713 0.86579
0.883571 0.435449 -0.172295
-0.945862 -0.248246 0.209092
0.577238 -0.412335 0.704824
0.800527 -0.57629 0.164457
-0.688377 0.592373 0.418607
-0.588434 -0.486043 0.646149
-0.401148 0.706452 0.583101
0.609165 0.648716 0.456163
0.754136 0.509636 0.414185
-0.701049 0.265078 0.662015
0.229134 -0.776392 0.587122
-0.395117 0.189716 0.898827
-0.763453 0.596432 0.247809
-0.818178 0.440017 0.370094
-0.220143 0.149391 0.96396
-0.233724 0.343951 0.909434
0.117694 0.707748 0.696593
-0.810658 0.584301 0.037763
-0.991538 -0.083929 0.099037
-0.599308 -0.140908 0.78802
0.080386 -0.049714 0.995523
0.421 -0.736872 0.528941
0.290101 0.919289 0.265987
0.011517 -0.987121 0.159562
0.08785 -0.382764 0.91966
0.92581 -0.218408 0.308503
-0.122949 -0.389834 0.912641
-0.182112 -0.953389 0.240594
0.660206 -0.703198 0.263896
0.618848 -0.216843 0.754988
0.30926 0.443019 0.841482
-0.175359 -0.783507 0.596126
-0.637444 -0.611485 0.468776
0.49726 -0.800069 0.335593
-0.025437 -0.224553 0.97413
-0.732062 -0.443641 0.516979
-0.954896 -0.041933 0.293965
-0.882299 -0.470155 -0.022399
-0.045982 0.293195 0.954946
0.153494 0.987169 -0.04401
0.129593 0.552669 0.823264
0.309077 0.24798 0.918138
-0.668584 -0.301866 0.679612
-0.239707 -0.221416 0.94526
0.306355 0.608722 0.73185
0.132656 -0.880389 0.455322
-0.21393 -0.538843 0.81479
-0.0874061 -0.676925 0.730843
-0.000502 -0.541604 0.840634
0.842378 0.493044 0.217503
-0.71095 0.436142 0.551662
0.675081 -0.505753 0.537103
-0.51293 -0.833431 0.205656
0.729205 -0.330134 0.599393
-0.245915 0.816917 0.521702
