174
-0.768812 0.342024 -0.540321
-0.745221 -0.069224 0.663214
-0.318884 -0.117169 0.940523
0.035513 0.324701 0.94515
-0.093131 -0.854043 0.511797
0.521313 -0.591047 0.615545
0.764267 0.607721 -0.215804
-0.163792 0.222186 0.961148
0.091133 -0.207672 0.973944
0.712603 -0.211368 0.66897
0.987548 -0.120604 0.101011
-0.772954 0.568406 0.281881
0.969953 0.046617 0.238784
0.202777 0.976153 0.077508
-0.371126 -0.445755 0.814597
-0.460338 -0.794594 0.395865
0.772882 -0.62509 0.109163
-0.775705 0.128213 0.617935
-0.505049 0.856251 -0.108445
0.937408 -0.255763 -0.236328
0.027049 0.978626 0.20386
0.816438 0.334259 0.470851
-0.989894 0.10117 0.099366
-0.547043 -0.37597 0.747924
0.349208 -0.626674 0.696659
-0.665813 -0.737735 0.111534
0.887369 0.373399 0.270461
0.700781 0.297095 0.648568
-0.698099 -0.286709 0.656092
0.389135 0.243779 0.888339
-0.510901 0.855201 0.08724
0.005681 -0.931036 0.364884
-0.005083 -0.983751 0.179464
-0.606011 -0.166364 0.777865
0.886507 -0.300264 0.352062
0.397108 0.429517 0.811061
0.050845 0.917578 0.394291
0.555408 -0.268218 0.787135
0.809628 0.560669 0.173643
-0.73064 0.499515 0.465456
0.146303 -0.645357 0.74974
0.884968 -0.465288 0.018384
0.957082 -0.287163 -0.039125
0.959573 0.22779 0.165323
-0.539002 -0.815866 -0.209379
-0.98331 -0.08843 0.159001
0.652826 0.615671 0.441325
-0.257705 -0.321465 0.91118
0.781642 -0.028713 0.623066
-0.176729 -0.931856 0.316876
0.378421 -0.317515 0.869472
-0.787423 0.610012 0.088598
-0.936685 -0.279116 0.211462
0.685774 0.723353 0.080465
0.684066 0.117449 0.719903
0.784686 0.503033 0.362251
0.422032 -0.739661 0.524205
0.497955 -0.82305 -0.273185
0.225383 0.561933 0.795885
0.34529 -0.938495 -0.001329
0.552599 0.456241 0.697481
-0.848677 0.383237 0.364524
0.94467 -0.130176 0.301087
-0.378691 -0.914149 -0.144656
0.283305 0.840559 -0.461734
0.62826 -0.748596 0.211878
-0.763748 -0.398641 0.507715
-0.633438 0.428873 0.644068
-0.552546 -0.658034 0.511551
-0.34674 0.915828 -0.202561
-0.271192 0.785424 0.556384
-0.378217 -0.717703 0.584683
-0.658108 0.729537 0.186196
-0.20899 -0.196403 -0.957992
0.881582 -0.438874 -0.173791
0.725184 -0.61658 0.306494
-0.335233 0.921334 0.196881
0.061419 0.812669 0.579479
0.26975 -0.49995 0.822973
0.803471 0.595029 -0.019366
0.630779 -0.069403 0.772853
0.523422 0.752677 0.399383
-0.634455 0.677547 0.372018
0.909777 0.193813 0.367073
-0.586982 0.597836 0.545934
0.465863 -0.116015 0.877218
-0.163365 -0.489795 0.856395
0.052874 0.499818 0.864515
0.47565 -0.818648 0.321826
-0.112446 0.581547 0.805704
0.850168 -0.167244 0.499244
0.183136 -0.359273 0.915087
-0.309193 0.474592 0.824113
-0.48801 -0.040391 0.871903
0.527019 0.619471 0.581813
0.940636 -0.300518 0.157775
-0.34806 0.096848 0.932456
-0.223653 -0.852372 -0.472696
0.181821 -0.000972 0.983331
0.060895 0.669596 0.740225
-0.951676 0.07251 0.298422
0.30746 -0.856024 0.41556
-0.626767 -0.491506 0.604636
-0.464646 -0.564918 0.681889
0.554358 0.278294 0.784372
0.285738 -0.163834 0.944199
-0.652787 0.245649 0.716607
-0.192837 -0.973833 0.120265
-0.873294 -0.290888 0.390822
-0.055545 0.509312 -0.858787
0.85686 -0.471732 0.207988
-0.163881 0.980414 0.109232
-0.467005 0.522709 0.713219
0.125293 -0.859784 0.495048
0.534687 0.844942 0.013564
0.528395 0.088586 0.844364
0.515384 0.835715 -0.18963
0.997192 0.065038 0.03713
-0.833509 -0.45822 0.308701
-0.467673 0.762373 0.447291
0.68151 0.682138 0.265013
-0.496019 0.353694 0.79301
-0.133969 -0.18856 0.972881
-0.004964 -0.047289 0.998869
-0.877748 0.198108 0.436248
-0.014881 -0.999824 -0.011394
-0.965863 -0.257766 0.025808
-0.277852 -0.609156 0.742784
0.015823 0.14195 0.989747
0.225671 0.383556 0.895521
-0.270694 0.639323 0.719715
0.625701 -0.40827 0.664691
0.382066 0.752273 0.53676
-0.868632 0.009323 0.495371
-0.187247 -0.745904 0.639192
0.459822 -0.459118 0.760115
-0.038734 -0.35658 0.933462
0.584115 -0.691684 0.424715
0.658809 -0.752256 0.009047
-0.334265 0.293658 0.895562
-0.622101 -0.716166 0.316379
-0.705874 -0.570038 0.420474
-0.14196 0.407893 0.901926
0.239793 -0.758278 0.606229
0.180028 -0.940417 0.288453
-0.823468 -0.182757 0.537122
0.383899 0.601506 0.70058
0.027202 -0.763795 0.644885
-0.886765 -0.447036 0.117505
0.360496 0.045764 0.931638
-0.309983 0.870292 0.382755
0.370314 0.927212 -0.056075
-0.443005 -0.250535 0.860801
0.689392 0.464565 0.555803
0.904541 0.419579 0.075889
-0.174383 0.980615 -0.089357
-0.143726 0.942185 0.302704
-0.929718 -0.110529 0.351295
-0.420546 0.67413 0.607199
0.81604 0.154944 0.556841
-0.770721 0.318355 0.551942
-0.351236 -0.899981 0.258202
0.375873 0.861112 0.342354
-0.105564 0.742445 0.661537
-0.180488 0.025336 0.983251
-0.50606 0.167795 0.846019
0.211303 0.93813 0.274342
0.796404 -0.461323 0.391051
0.897525 0.012015 0.4408
0.227414 0.724094 0.651131
-0.11244 0.866744 0.485914
-0.068134 -0.63862 0.7665
0.670448 -0.535947 0.513089
-0.639522 0.048156 0.767263
