242
0.771653 0.17943 0.61021
-0.16972 0.102719 0.980124
0.936331 -0.335363 -0.103999
-0.556532 0.67309 0.487055
0.521691 -0.550169 0.652037
-0.082447 -0.639829 0.764082
-0.49953 -0.864234 -0.059742
0.740501 -0.512943 0.43422
0.072739 -0.906029 0.416919
-0.894682 -0.422089 -0.146233
-0.626702 0.000654 0.779258
0.665078 -0.458001 0.589836
0.371952 -0.079031 0.924881
-0.090304 0.267189 0.959404
-0.878741 -0.435834 0.194582
0.605284 -0.043168 0.794838
-0.005828 0.125455 0.992082
0.16146 0.143891 0.976333
0.359081 -0.629083 0.689431
-0.483403 0.598528 0.638816
-0.269778 -0.233198 0.934258
0.45917 -0.682457 0.568696
-0.662436 -0.361556 0.656091
-0.695967 0.588741 0.411114
0.355322 0.794351 0.4927
-0.327027 0.892195 -0.311514
-0.518498 -0.824408 -0.226959
-0.25264 0.525744 0.81226
-0.408642 0.495744 0.766322
0.96017 0.121762 0.251492
-0.473997 0.785128 0.398623
0.211391 -0.161834 0.963911
0.229846 -0.864147 0.447683
-0.31894 0.830007 0.457564
-0.740922 -0.057553 0.66912
-0.361207 -0.829224 0.426518
0.304147 -0.409535 0.860102
0.079363 -0.607299 0.7905
-0.611763 -0.789914 0.042219
0.598455 -0.760186 0.25292
0.129071 -0.811924 0.569315
-0.851338 -0.263884 0.453419
-0.902467 0.336736 0.26863
-0.297465 -0.39031 0.871305
-0.208009 -0.972929 -0.100701
-0.575976 -0.790918 0.206642
-0.38715 -0.092408 0.917374
0.094436 -0.973247 -0.209457
0.780992 -0.364056 0.50746
-0.536087 -0.476596 0.696754
-0.98855 -0.135939 0.065493
0.182943 0.40763 0.894634
-0.876712 0.450452 -0.168731
0.095677 0.538393 0.837245
0.048368 -0.189917 0.980608
0.861196 0.099534 0.498432
-0.372681 -0.914294 -0.158668
0.250823 -0.556933 0.791779
0.899748 0.435625 -0.026154
-0.122939 0.991351 0.045927
-0.482988 0.036876 0.87485
0.467648 0.877471 -0.106531
-0.625774 -0.717353 -0.306287
-0.76177 0.255793 0.595211
-0.412392 0.900703 0.136625
-0.590799 -0.650593 -0.477164
0.711214 -0.6822 0.169639
-0.61507 0.596198 -0.515982
-0.036796 -0.50092 0.864711
-0.256559 0.242687 0.935564
-0.233871 -0.067859 0.969897
-0.062589 0.926893 0.37007
0.833571 0.42103 -0.357621
0.937231 -0.148042 0.315725
-0.077721 -0.045465 0.995938
0.439449 0.221518 0.870525
0.680024 -0.644884 0.348845
0.98705 0.130571 0.093181
0.842049 -0.414941 0.344641
0.308579 -0.939386 0.14944
0.289128 -0.754009 0.589809
0.158221 -0.852958 -0.497422
-0.621035 0.711831 0.328044
0.187215 0.642741 0.742856
0.633298 0.763275 0.127847
0.697935 -0.301547 0.649582
-0.78539 -0.564753 0.253412
-0.239497 -0.654618 0.717019
-0.661926 -0.181111 0.72736
0.006045 0.851919 0.523639
-0.08178 0.765336 0.638414
-0.837997 -0.105587 0.535362
-0.667801 -0.678878 0.305234
0.751769 -0.609692 -0.251234
0.697915 0.068849 0.712864
0.713281 0.591656 0.37573
0.825054 0.28712 0.486671
-0.562729 0.163556 0.8103
-0.144394 -0.372806 0.916606
-0.41521 0.208577 0.885492
-0.199169 -0.524156 0.828005
-0.085756 0.540617 0.836886
0.173033 0.826257 0.536058
-0.789638 0.607314 0.087416
-0.947095 -0.292722 0.131621
0.274179 0.7284 0.627901
-0.804797 0.064918 0.589989
-0.13211 0.468123 -0.873732
-0.60886 -0.649222 0.455852
-0.174108 0.400245 0.899717
0.982432 -0.184841 -0.025728
-0.001116 0.416581 0.909098
-0.699194 0.71493 -0.00178
0.710577 -0.120655 0.693197
-0.498895 -0.76663 -0.404206
-0.331241 0.636574 0.696457
0.964841 -0.184093 -0.187594
-0.752016 0.446229 0.485131
0.941361 -0.330446 0.068155
-0.407485 0.724422 0.556029
0.44839 0.689882 0.568339
-0.329453 0.075651 0.941136
0.494133 -0.156333 0.855215
-0.979431 0.031169 -0.199356
-0.524072 -0.769928 0.364086
0.667278 0.515585 0.537505
0.150865 -0.981372 0.118946
0.417888 -0.487103 0.766877
-0.841451 0.328176 0.429256
0.482996 0.035191 0.874915
0.236827 -0.0013 0.971551
0.187545 -0.690856 0.698244
-0.359534 -0.532498 0.766277
-0.533919 -0.599717 0.596046
-0.56267 -0.297563 0.771271
0.871306 0.368408 0.324192
-0.911653 -0.286799 0.294337
0.939683 0.276289 0.201642
0.549664 -0.716375 0.429739
0.601703 0.423972 0.676905
0.928594 0.015669 0.370766
0.578831 0.146626 0.802157
-0.248213 0.755683 0.606081
-0.623318 0.543049 0.562648
0.797628 -0.198154 0.56967
0.882247 -0.470705 -0.00874
0.266061 0.265439 0.92669
-0.032567 -0.84485 0.534011
0.965117 0.136124 -0.223649
0.003672 0.656158 0.754615
-0.112467 -0.212529 0.970661
0.724708 0.359709 0.587714
-0.375299 0.878036 0.296989
-0.46056 0.869478 -0.178587
0.25199 0.87961 0.403468
0.079567 -0.023818 0.996545
-0.423089 -0.249753 0.870987
-0.011758 -0.996004 0.088531
0.530861 0.566678 0.630129
-0.991436 0.024723 0.128232
-0.765589 -0.389541 0.511988
0.972792 -0.183323 0.141663
0.01545 -0.349352 0.936864
-0.178329 -0.982309 0.057162
-0.089777 -0.921054 0.378946
0.343112 0.112194 0.93257
-0.255983 -0.909319 0.328043
-0.814652 0.475277 0.332345
-0.732972 -0.679907 -0.021875
-0.141127 -0.965895 0.217093
-0.73238 -0.542548 0.411414
-0.668351 0.725604 0.163726
0.903676 0.207562 0.374551
-0.81494 -0.51515 -0.265506
-0.197316 -0.851055 0.486591
-0.537221 -0.128377 0.833614
0.021121 -0.96727 0.25287
-0.915975 -0.129291 0.379835
0.921632 -0.182907 -0.342257
-0.422012 -0.865544 0.269703
-0.853316 0.180618 0.48911
0.874151 -0.091681 0.476922
-0.817678 -0.568977 0.087567
-0.443269 -0.401204 0.801591
-0.489698 0.334637 0.805117
0.956666 0.289202 0.033958
-0.440526 0.897461 -0.022388
0.254927 -0.950633 -0.176943
-0.761804 -0.236879 0.602945
-0.308045 -0.936676 0.166575
-0.860095 0.479476 0.174182
0.569199 -0.400088 0.718291
-0.337181 0.373771 0.864063
0.390889 0.863321 0.319191
-0.825876 -0.557276 -0.08586
0.525826 0.325874 0.785693
-0.957489 0.024404 0.287437
0.095201 0.915464 0.390977
-0.456965 -0.726836 0.512731
-0.0899341 -0.751497 -0.653577
-0.177584 0.942195 -0.284135
-0.345048 -0.938578 0.003562
0.081842 0.283801 0.955384
0.284041 -0.958715 -0.013626
-0.658874 -0.50239 0.559901
0.362189 0.376872 0.852518
0.023916 -0.737585 0.67483
-0.168655 0.657142 0.734656
0.449515 0.478537 0.75428
-0.299192 -0.758046 0.579527
-0.806456 0.585561 -0.082144
0.068285 0.969756 0.234332
-0.896404 0.025269 0.442517
-0.137526 -0.760987 0.634024
0.383242 -0.7968 0.467157
-0.589095 0.803029 -0.090065
0.345363 -0.248735 0.904906
-0.527784 0.815989 0.235811
0.366543 0.61244 0.700402
0.919751 -0.304803 0.247293
-0.683267 0.392638 0.615614
0.780374 0.448017 0.436232
0.999015 -0.028184 0.034276
0.796671 -0.010607 0.60432
-0.552685 0.451609 0.70042
0.870981 -0.259392 0.417262
-0.22006 0.914532 0.339419
-0.232095 -0.938753 -0.254705
0.66026 0.254192 0.706713
0.789052 -0.555932 0.261412
-0.041577 -0.996387 -0.074062
0.463549 -0.328708 0.822845
0.277698 0.517551 0.809336
0.602734 -0.231312 0.76368
-0.56428 0.822403 0.072392
-0.701067 0.129584 0.701223
0.18009 -0.318185 0.930766
0.735486 0.647243 0.20034
0.469427 -0.818292 0.331718
-0.709562 -0.689442 0.145574
-0.395602 -0.641472 0.657277
-0.630016 0.283113 0.723137
