-0.290928 -0.773845 0.562606
0.015258 0.219149 0.975572
0.200994 0.323624 0.924591
-0.81825 -0.239657 0.522524
0.735591 0.422747 0.529331
0.844741 -0.525681 0.100361
0.007872 -0.410732 0.911722
-0.116729 0.983196 0.140353
0.010377 -0.999131 0.040356
0.361889 0.204384 0.90954
-0.805653 0.14051 0.575482
-0.950157 -0.2986 0.089667
0.833836 -0.164311 0.526991
0.209619 0.977385 -0.027905
0.933237 0.20104 0.297743
-0.03696 0.946611 0.320252
-0.006814 -0.215386 0.976505
0.932872 -0.359908 0.01468
0.248899 0.815223 0.522935
-0.533715 -0.094644 0.840351
0.928077 -0.300944 -0.219329
-0.534465 -0.30504 0.788225
-0.473775 -0.680599 0.558858
0.330346 -0.758762 -0.561383
-0.488626 0.849649 0.198345
-0.234405 0.903134 0.359726
0.633635 -0.687206 0.355325
0.099839 0.983571 0.150403
-0.362606 0.006543 0.93192
0.596507 0.802579 0.006737
0.561883 0.733431 0.382577
-0.369833 -0.211191 0.904777
-0.794177 -0.419947 0.439234
-0.344108 0.223703 0.911892
-0.609661 0.792661 -0.001061
0.97358 -0.181649 0.13837
-0.507795 0.649011 0.566506
0.198506 -0.325946 0.924313
-0.521756 0.120984 0.844472
-0.234929 0.971408 -0.034265
-0.88101 -0.400317 0.252128
-0.756396 0.589193 0.284106
0.21514 -0.676169 0.704635
-0.576286 -0.724895 0.377389
-0.834876 0.416336 0.360066
-0.144893 0.83561 0.52987
-0.1562 0.33006 0.930947
-0.203109 -0.900429 0.384673
0.17839 -0.124436 0.97606
-0.63948 -0.559214 0.527584
0.142509 -0.830525 0.538442
-0.167337 -0.684177 0.709859
-0.764176 0.643146 0.048971
0.404757 0.394198 0.825094
0.025086 -0.736852 0.675589
0.351917 -0.02922 0.935575
0.593141 0.590514 0.547246
-0.773355 0.340422 0.534822
-0.808773 -0.565808 0.16046
-0.434436 0.900667 -0.00798
-0.133405 0.967213 -0.216106
0.253117 -0.889675 0.380014
0.048619 0.873738 0.483961
-0.501722 0.325783 0.801337
-0.350945 -0.603071 0.71634
0.881733 0.471747 -0.001513
-0.139841 0.537457 0.831615
0.844775 0.227164 0.484511
0.386274 0.847492 0.364074
0.844398 0.401174 0.355038
-0.586462 0.71038 0.389132
0.707577 -0.144253 0.691756
-0.354293 0.912579 -0.204145
0.399633 -0.421009 0.814276
0.379863 -0.233064 0.895201
-0.894212 0.19801 0.401468
0 0 1
0.806421 0.055499 -0.588732
-0.091497 -0.835534 0.541767
-0.094984 -0.971774 0.215949
0.672011 0.058499 0.738227
0.56871 -0.309441 0.762113
-0.451744 0.805837 -0.382824
0.719322 -0.33873 0.606496
0.559762 0.257919 0.787493
0.527753 -0.660372 0.534215
-0.979155 -0.187118 -0.079014
-0.68707 0.545797 0.479625
-0.46438 0.518781 0.717786
0.694743 -0.524412 0.492265
-0.364056 -0.417713 0.832454
-0.416397 -0.909083 0.013465
-0.190495 -0.319838 0.928125
-0.68325 -0.374917 0.626583
-0.666358 0.238093 0.706596
-0.72014 -0.246274 -0.64865
-0.52235 -0.496042 0.693609
-0.120903 0.710468 0.693266
0.215111 -0.509679 0.833039
0.257259 0.674613 0.691892
-0.312694 -0.935321 -0.165521
0.981722 -0.177035 -0.06986
0.910108 0.020623 0.413858
0.508341 0.074525 0.857925
-0.667433 -0.723281 0.177196
0.024229 -0.922148 0.386077
0.901795 -0.364641 0.231953
0.056915 0.61002 0.790339
0.545468 -0.121554 0.82927
0.977059 0.010387 0.212716
0.999946 0.008848 -0.005419
-0.178656 -0.514073 0.838935
-0.731185 -0.589202 0.343816
0.669566 0.713876 0.205094
-0.301517 0.627928 0.717491
0.923325 -0.177506 0.340533
0.235897 0.510928 0.826623
0.398709 -0.594869 0.69797
0.340841 -0.759996 0.553383
-0.909492 -0.025431 0.414943
-0.913692 -0.220666 0.341282
-0.864292 0.484029 0.1368
0.430474 0.564954 0.703931
0.029731 0.430893 0.901913
0.416513 -0.821091 -0.39029
-0.501537 -0.841899 0.199168
-0.812975 -0.549028 -0.194009
-0.176444 0.113505 0.977744
-0.39986 -0.829164 0.390639
-0.62763 0.439408 0.642652
0.786396 -0.53699 0.305323
0.570487 -0.488202 0.660456
-0.917971 -0.362074 -0.161962
0.589437 0.430242 0.683707
-0.683703 -0.18295 0.706456
0.711412 -0.684292 0.16012
-0.502434 -0.843577 -0.189572
0.542757 -0.816474 0.196941
0.020788 -0.585179 0.810638
0.189385 0.923142 0.334577
0.187502 0.100699 0.977089
-0.649448 0.734917 0.195229
-0.31114 -0.927757 0.206053
-0.31113 0.934482 0.173036
-0.318008 0.431045 0.844435
-0.966674 0.07201 0.245675
0.427402 0.717773 0.549664
0.828571 -0.359911 0.428876
-0.190313 -0.105978 0.975987
0.807095 0.040445 0.589035
-0.752499 -0.658264 -0.020803
-0.976598 -0.119282 0.178966
0.071936 0.759225 0.64684
-0.677225 0.031118 0.735118
0.719411 0.582439 0.378435
