22
-0.882341 0.332209 -0.333333
-0.352361 -0.935864 0
0.986663 0.162779 0
0.341948 0.773385 0.533805
-0.498797 0.682828 -0.533805
0.728872 0.598025 -0.333333
-0 -0 1
0.634302 -0.773086 0
0.15869 -0.961879 0.222724
0.087078 -0.527812 0.844886
0.41356 0.339318 0.844886
-0.840745 -0.090557 0.533805
0.446341 0.366214 -0.816497
-0.540321 0.203436 -0.816497
-0.825279 -0.184302 -0.533805
0.912357 -0.34351 -0.222724
-0.753667 -0.618369 -0.222724
0.253029 0.806863 -0.533805
-0.57225 0.622562 0.533805
-0.153469 0.930235 0.333333
-0.09398 0.56965 0.816497
0.500637 -0.188494 -0.844886
