-0.348682 0.599436 0.720484
0 -0 1
0.372542 -0.268634 0.888284
-0.057626 -0.977512 -0.202854
0.036699 -0.338665 0.940191
-0.244555 -0.66252 0.707997
-0.331527 0.825257 0.45721
-0.802318 -0.451736 0.390155
-0.9694 0.241289 -0.045207
0.012489 0.855232 0.518094
0.217138 -0.9558 0.198234
-0.789741 0.253663 0.558538
0.866327 -0.360922 0.345272
-0.108084 -0.984138 0.140676
-0.80156 0.593495 -0.072562
0.635958 0.001051 0.771723
-0.343472 -0.864386 0.367239
0.770181 0.271893 0.576971
-0.981093 -0.085486 -0.173635
-0.608463 0.765359 0.209756
-0.602214 -0.353568 0.715771
-0.640018 -0.018789 0.768131
-0.954667 0.1216 0.271705
-0.632384 0.578023 0.515733
0.159638 0.366365 0.916675
0.538947 -0.831151 0.136838
0.337613 -0.80504 0.487778
-0.405776 -0.913468 -0.03036
-0.191793 0.309247 0.931441
0.333518 0.066039 0.940428
-0.847538 0.468937 0.24855
0.497733 0.365845 0.786396
-0.545561 -0.640483 0.540504
0.620704 0.596871 0.508401
0.649557 -0.633433 0.420521
-0.968139 -0.201519 0.14865
-0.013376 -0.865067 0.501478
0.096149 -0.632834 0.768295
-0.340704 -0.029687 0.939702
0.637917 0.745616 -0.192663
0.878769 -0.040591 0.475518
0.312339 0.66034 0.682931
-0.297469 -0.367782 0.88105
-0.02346 0.627774 0.778042
0.28639 -0.947537 -0.141969
0.871706 0.401712 0.280634
-0.521447 0.307019 0.796136
0.68506 -0.322135 0.653392
0.666681 0.721428 0.187289
0.363034 0.85001 0.381693
0.427974 -0.555655 0.712802
0.858522 0.511214 -0.040007
-0.851421 -0.12855 0.508485
