-0.019863 0.831687 0.554889
0.971071 -0.236711 -0.031446
0.456044 -0.828708 0.324449
0.497359 -0.72457 0.477108
-0.595574 0.569535 0.5665
0.874676 0.472545 -0.107904
-0.62189 -0.782352 0.034323
0.536602 0.422472 0.730462
-0.087015 -0.292409 0.952326
-0.321475 -0.941592 0.100289
0.937892 -0.303278 0.168468
-0.497135 -0.689035 0.52734
-0.182629 0.048444 0.981988
0.89202 0.214511 0.397852
-0.349085 -0.889359 0.295264
0.02716 -0.590457 0.806612
0.336151 0.836843 0.432084
0.119758 -0.045327 0.991768
0.396877 0.890789 0.221324
-0.614724 0.729891 -0.298953
-0.68608 0.396395 0.610053
0.292106 0.294001 0.910075
-0.947019 -0.288843 0.140444
0.653836 -0.607482 0.451069
0.722062 0.531173 0.443263
-0.973241 0.127308 0.191295
0.0896 0.283791 0.954691
0.671142 -0.276415 0.687869
-0.933255 -0.039961 -0.356985
0.696728 0.401281 0.594596
-0.253352 0.961617 0.105382
-0.156641 -0.647834 0.745503
0.214927 -0.513745 0.830586
0.004025 -0.735541 0.677468
-0.033313 0.424572 0.904781
-0.870521 -0.093174 0.48323
-0.866112 0.125085 0.483945
0.576795 0.55397 0.600353
-0.418986 -0.207067 0.884067
-0.231584 0.377613 0.896536
-0.762988 -0.195372 0.616181
0.225842 -0.342483 0.911976
-0.210227 0.786609 0.580561
-0.984698 -0.173735 -0.013615
-0.432501 -0.387553 0.814092
-0.717584 -0.369196 0.590565
-0.443327 0.723268 0.529476
-0.838802 -0.295334 0.457371
0.789322 -0.299137 0.53618
-0.839618 0.526511 0.133524
0.525501 -0.249659 0.813338
-0.529208 0.444948 0.722468
0.811254 -0.580901 0.066493
0.162288 0.848501 0.503694
-0.791151 -0.55142 -0.264605
-0.06392 -0.102658 0.992661
0.749714 -0.606619 0.264465
0.786854 0.233722 0.57117
-0.102678 -0.730599 -0.675043
-0.607184 0.680046 0.410932
-0.649842 -0.65029 0.393482
-0.485824 0.139409 0.862867
0.476272 0.275098 0.835156
-0.361328 -0.00495 0.932426
-0.673151 -0.091498 0.733823
-0.580094 0.813553 0.040283
-0.024282 -0.85261 0.521983
-0.508417 -0.785445 0.35297
-0.614866 0.756628 0.222382
0.017757 -0.988682 0.14897
0.396477 0.115179 0.910791
-0.648159 0.094002 0.755681
-0.343596 0.49593 0.797493
-0.131203 -0.483177 0.865636
-0.113297 0.246109 0.962598
0.781807 -0.468525 0.411415
0.225611 0.925597 0.303923
0.360393 0.448987 0.817635
0.168588 0.447913 0.878039
-0.465775 -0.561017 0.684334
0.999328 -0.017645 -0.032135
0.570715 0.80668 0.153466
0.353622 -0.717145 0.600545
-0.49406 -0.85323 0.16704
-0.778026 -0.572016 0.259756
-0.138368 0.898721 0.416119
-0.858608 0.462638 -0.220812
0.042348 0.584715 0.810132
-0.739705 0.612772 0.278112
-0.912024 0.236154 0.335327
0.175247 -0.947683 0.266804
-0.842146 0.437075 0.315841
0.596661 0.665982 0.447731
-0.872486 -0.394603 0.288196
0.677182 -0.453808 0.579209
0.529203 -0.589765 0.610018
0.885616 0.39517 0.243978
-0.099012 0.96683 0.235448
0.345099 -0.914758 0.21006
0.231527 0.600639 0.765264
0.445895 -0.87994 -0.163962
-0.0805 0.702155 0.707459
-0.02257 -0.941892 0.335158
-0.424409 0.323436 0.845734
0.292499 -0.914129 -0.280736
-0.599547 0.273858 0.752028
0.171818 -0.790999 0.587195
0.723805 0.077075 0.685686
-0.984928 0.125481 -0.11904
0.499931 0.794823 0.343983
0.139473 -0.890639 0.432792
-0.192131 -0.888884 0.415899
0.208081 -0.975093 0.076784
-0.58654 -0.24683 0.771392
0.295629 -0.055059 0.953715
-0.728163 0.680324 0.083296
0.047585 -0.420317 0.906129
0.939704 -0.015644 -0.341631
-0.351163 -0.803511 0.480681
0.195874 -0.663956 0.721662
-0.3311 -0.684939 0.649023
0.272589 0.957267 0.096618
0.768169 -0.111485 0.630466
0.0912469 0.980354 0.174869
-0.439523 0.603694 0.665112
-0.132875 -0.99075 0.027553
-0.581948 -0.413707 0.700131
0.573476 0.100857 0.81299
0.316163 -0.840774 0.439476
-0.321983 0.83399 0.448094
0.871194 -0.131122 0.473105
-0.526475 -0.053466 0.848508
0.005275 0.104109 0.994552
0.055685 -0.99736 -0.046597
0.727506 0.678938 0.098889
0.636613 -0.087718 0.766178
0.878477 -0.311685 0.362119
0.392194 -0.402988 0.826913
-0.304158 -0.530262 0.791398
-0.763232 -0.481946 0.430354
0.646245 0.256958 0.718568
0.950313 0.227342 0.212653
0.20883 0.130383 0.969221
-0.749888 0.211201 0.626947
-0.765623 -0.638071 0.081771
0.820816 0.379495 0.426901
-0.476766 0.809918 0.341652
0.84504 0.054766 0.531891
0.305569 -0.191926 -0.932626
-0.648655 -0.729209 0.217949
-0.154714 0.551822 0.819485
-0.444104 -0.714043 -0.541216
-0.244521 -0.157889 0.956703
-0.815178 0.325788 0.478902
0.105515 -0.223686 0.968933
-0.684062 0.721356 -0.108188
0.045867 0.927803 0.37024
0.379255 -0.570541 0.728456
-0.731879 0.512588 0.449006
0.906849 -0.421147 0.016106
0.943718 -0.140008 0.299656
0.545529 -0.42951 0.719666
-0.933 -0.356288 -0.050689
0.479741 -0.06183 0.875229
0.528625 -0.836745 0.142874
0.846764 0.526188 0.078204
-0.265994 -0.347232 0.899265
0.454896 0.890181 0.025438
0.175787 0.959193 -0.221468
0.411026 0.590728 0.694333
-0.272337 0.662641 0.697668
-0.979483 -0.091612 0.179498
-0.182242 -0.783115 0.594574
-0.666862 -0.691687 -0.277245
-0.922534 0.344431 0.174062
-0.785623 0.016761 0.618479
-0.625382 -0.547284 0.556217
0.278557 0.735076 0.618118
0.983724 0.052297 0.171907
0.356157 -0.217659 0.908723
0.400244 -0.916205 0.019299
0.92593 0.197606 -0.321878
