175
0.654032 0.507982 0.560531
0.356452 0.93117 0.076576
-0.984954 -0.151353 0.083411
-0.378403 0.921706 0.08526
0.6009 -0.598007 0.530383
0.147619 -0.267285 0.952243
0.398611 0.878266 0.264117
-0.158039 -0.523288 0.837373
0.09959 -0.074214 0.992257
0.741184 0.333482 0.582612
0.743904 -0.632872 0.21466
0.103112 0.58149 0.806993
0.371582 0.693351 0.617407
0.802838 0.147897 0.577561
-0.210112 0.102706 0.972268
-0.101585 0.281349 0.954213
-0.302437 -0.946745 0.110484
0.276862 -0.748789 0.602215
-0.384209 -0.050524 0.921863
-0.490343 -0.52745 0.693801
0.697665 0.628466 -0.34394
-0.097149 -0.980378 0.171527
0.244636 0.891167 0.382066
-0.495006 0.269529 0.826028
-0.389476 -0.25743 0.884329
0.778738 -0.224916 0.585645
0.908816 0.059457 0.412939
-0.479065 0.558158 0.677463
0.169974 0.822588 0.54264
0.013639 0.737805 0.674876
0.633756 -0.151391 0.758574
0.041992 -0.999118 -0.000599
-0.790161 0.1142 0.602166
-0.540998 0.658737 0.522865
-0.578046 0.737566 0.349083
-0.093444 -0.040279 0.994809
0.897086 -0.157073 0.412996
0.420866 -0.627053 0.655497
-0.202839 -0.348096 0.915252
0.665137 0.193722 0.721155
-0.890488 -0.156023 0.42742
-0.65645 0.502337 0.562788
0.567742 0.03788 0.822334
0.309221 -0.922889 0.229473
0.857763 -0.446804 0.254182
-0.962299 -0.052264 0.266926
-0.571049 0.819826 0.04229
-0.384709 0.136427 0.9129
0.953304 0.162478 0.254583
0.600628 -0.781459 0.169024
-0.412752 0.805563 0.425092
0.045913 -0.577747 0.814924
0.008112 0.122393 0.992449
0.01 0.98205 0.188358
-0.231645 0.844322 0.483178
0.287322 -0.102988 0.952281
-0.710316 0.70323 -0.030315
-0.368711 -0.818313 0.440926
0.540297 0.6656 0.514835
-0.002231 -0.413251 0.910614
-0.106474 -0.678196 0.727127
0.060251 0.925481 0.373973
0.984972 -0.152144 0.081743
0.11802 -0.84666 0.518881
0.88957 0.447107 0.093597
-0.436368 -0.687474 0.580484
0.385465 0.797403 0.46429
0.194456 -0.448351 0.872449
0.468787 -0.82895 0.305091
-0.129269 0.932025 0.338554
0.31185 0.560125 0.76747
-0.112967 -0.28056 -0.953166
0.544492 0.766921 0.339649
0.895696 0.357408 0.264554
-0.052232 -0.81047 0.583446
-0.090964 0.609589 0.787481
0.801757 0.54501 0.245255
-0.779642 -0.287215 0.556476
-0.044467 -0.232252 0.971639
-0.252166 -0.753185 0.607556
-0.530873 -0.343457 0.774733
-0.775739 -0.627943 -0.062576
-0.031121 -0.930759 0.364305
-0.802954 -0.088336 0.589459
-0.949614 0.143877 0.278448
-0.794135 0.419692 0.439554
-0.307364 -0.610598 0.729862
-0.315623 0.90481 0.285834
0.215256 0.427925 0.877807
-0.933764 0.348954 -0.079474
0.316399 -0.844174 0.432738
-0.930304 -0.354112 0.095603
-0.89476 0.038775 0.444861
-0.543062 -0.140082 0.827926
-0.095819 0.978342 -0.183483
-0.854549 -0.347757 0.38576
0.44721 -0.889131 0.097204
-0.546598 0.060066 0.835238
-0.488041 -0.870344 0.065708
-0.542016 -0.738382 0.401262
0.094356 -0.721898 0.685537
0.965076 -0.24189 -0.100589
0.745815 -0.541799 0.387574
0.848939 0.522108 -0.081886
0.617405 -0.700754 0.357429
-0.742472 -0.480904 0.466334
0.546911 -0.484036 0.68308
0.493577 0.543612 0.678873
0.207196 0.094136 0.97376
0.501021 -0.31313 0.806801
-0.686885 -0.016246 0.726584
0.416086 0.401594 0.81584
0.653232 -0.322418 0.68508
0.83775 -0.344496 0.423672
-0.831786 -0.487568 0.265348
-0.648382 -0.761253 0.009737
-0.586237 0.392217 0.708867
-0.192342 0.461978 0.865783
-0.244502 0.968388 -0.049423
0.673896 0.710131 0.20391
-0.899181 0.426259 0.098879
-0.676147 0.712254 0.188468
0.002387 0.441212 0.8974
0.395105 0.06573 0.916281
0.534746 0.834615 0.132153
-0.595557 -0.774373 0.213677
-0.493474 0.841997 0.218001
-0.236288 -0.153583 0.959469
-0.737613 -0.657038 0.155658
0.314686 0.254344 0.914485
0.649676 0.418654 -0.634548
0.716207 -0.434963 0.545761
0.59062 0.375827 0.714088
0.866503 0.257386 0.427697
0.158179 -0.922699 0.351577
0.501174 0.225658 0.835406
0.932706 -0.258326 0.251648
0.935256 0.251878 -0.248703
0.242465 -0.609508 0.754792
-0.289751 0.300763 0.908618
-0.899907 0.334499 0.279783
0.829708 -0.048586 0.556079
-0.843801 0.530831 -0.07885
-0.862056 0.232249 0.450466
0.965505 -0.051039 0.255333
-0.994689 -0.052566 -0.088494
0.379241 -0.472321 0.795669
-0.177664 0.741563 0.646931
0.717893 7.1e-05 0.696153
-0.699737 0.599608 0.388379
0.684247 0.618229 0.38678
-0.18027 -0.868452 0.461837
-0.036935 0.85112 0.52367
0.198467 0.701409 0.68457
0.204488 0.957387 0.203948
-0.364527 0.714878 0.596716
-0.601142 -0.595672 0.532732
0.154546 0.987805 0.018863
0.961795 0.260505 0.084189
0.790342 0.445775 0.420291
-0.738597 0.312785 0.597193
-0.813217 0.517246 0.26671
-0.354989 -0.444155 0.822623
-0.796191 0.596792 0.099597
-0.675083 -0.218232 0.704725
-0.288921 0.599872 0.746108
-0.655533 0.192067 0.730334
-0.187205 0.971628 0.144547
-0.393924 0.438833 0.80762
0.4666 -0.128014 0.875155
-0.994426 0.0478 0.093975
0.331147 -0.293785 0.896678
0.465621 -0.734889 0.493088
-0.240719 -0.925472 0.2925
-0.428736 -0.865438 0.259234
