209
-0.590155 0.096928 0.80145
-0.924959 0.380051 0.003554
0.101369 -0.985419 -0.136649
0.758884 -0.550303 -0.348227
0.501316 0.08592 0.860988
0.701972 0.410209 0.582206
0.922157 -0.082033 0.378018
0.308075 -0.893153 -0.32767
-0.526508 0.570247 0.630561
0.403582 0.879915 0.25074
0.310852 -0.736817 0.600393
0.952805 0.077399 0.29355
-0.839315 0.515027 0.174062
0.122079 -0.94599 -0.300332
-0.725187 0.095003 0.681967
-0.544254 -0.220243 0.809494
-0.184295 -0.157098 0.970235
-0.475921 0.807242 0.349084
0.129786 -0.227283 0.965141
-0.71177 -0.382381 0.58921
0.531658 -0.3623 0.765558
-0.657348 0.425414 0.622026
0.293685 0.77954 0.553233
0.66329 0.734908 0.141267
-0.04404 -0.81539 0.577235
-0.36877 -0.190782 0.909731
0.171616 -0.932167 0.318768
0.655474 0.104041 0.748017
0.063831 0.982507 0.174947
0.133044 0.745962 0.652565
0.806423 -0.542644 0.234986
0.917351 0.386846 -0.093896
-0.303383 -0.635029 0.71042
0.525 -0.795235 0.303274
-0.470968 -0.879268 0.071247
-0.204209 0.763204 0.61304
0.583878 -0.786604 -0.20085
0.460636 -0.100942 0.881831
0.062831 -0.88863 0.4543
0.730042 -0.072703 0.679524
0.017965 -0.697259 0.716594
-0.023493 0.900995 0.433193
-0.238042 -0.323966 0.915632
-0.768642 0.415436 0.486417
0.952233 0.086601 -0.292836
-0.404089 -0.882037 0.242326
0.448028 -0.880641 0.154086
0.243803 0.947501 0.206887
-0.209638 0.639523 0.739637
-0.356225 0.798421 0.485415
-0.221449 -0.934586 0.278405
-0.114934 -0.982544 0.146281
-0.134847 -0.889483 0.436618
0.997731 -0.066901 0.007546
-0.511004 0.697186 0.502799
0.548359 0.785501 0.286863
0.419252 0.385078 0.822157
-0.20834 0.496069 0.842917
0.781564 0.089124 0.617426
-0.412765 -0.346674 0.842284
-0.369075 0.411253 0.833459
0.925811 0.367226 0.089549
0.478471 -0.659018 0.580311
0.289848 0.656472 0.696443
0.855954 -0.24395 0.455886
-0.776223 -0.548921 0.310104
0.689685 0.551233 0.469549
0.876415 0.400082 -0.268012
0.434371 0.541216 0.720005
-0.310202 -0.028991 0.950229
-0.950975 -0.239504 0.195666
0.03833 -0.695896 -0.717119
0.636122 -0.5425 0.548673
-0.455234 -0.624306 0.634826
0.004696 -0.103529 0.994615
0.188839 -0.659023 0.728031
0.99134 0.081319 0.103115
0.602513 -0.786358 0.136451
-0.690855 -0.228247 0.68602
0.106367 0.937304 0.331885
-0.903677 0.388322 -0.18048
0.262287 -0.34092 0.902762
-0.521691 -0.8462 -0.108559
-0.237239 -0.794533 0.558959
0.828771 0.541956 -0.139365
-0.433762 0.882355 0.182485
0.787221 0.524282 0.324671
-0.766754 0.258667 0.587519
-0.120152 0.016847 0.992613
0.186522 0.981933 0.031905
0.516235 -0.517818 0.682177
0.659188 -0.385014 0.645938
-0.270545 0.949004 0.161854
0.006285 0.999943 -0.008589
0.97409 0.226079 -0.006143
-0.836778 0.086593 0.540651
-0.203804 0.332161 0.920941
0.082248 -0.982234 0.168676
0.780423 -0.622742 -0.055966
0.846913 -0.400348 0.349943
0.220628 0.157436 0.962568
0.274828 0.881113 0.384851
0.737868 -0.66487 0.116185
-0.699259 -0.537911 0.470838
0.659554 -0.750625 -0.03938
-0.649853 -0.067436 0.757062
-0.192027 0.864502 0.464502
0.256836 0.342857 0.903595
-0.074762 0.212918 0.974206
-0.622369 -0.781886 0.036217
-0.71663 0.663431 0.215177
0.896615 0.247589 0.367127
0.085186 -0.399104 0.91294
0.732926 -0.551261 0.398661
0.379826 -0.447093 0.80984
0.810576 0.390748 0.436214
-0.808594 -0.396815 0.434412
0.438817 0.679659 0.587795
0.361122 -0.932513 -0.003114
0.280944 0.509662 0.813213
0.689218 0.260623 0.676058
-0.852637 0.519473 -0.056187
0.042812 -0.557568 0.829026
-0.523515 0.424874 0.738522
-0.154619 -0.714526 0.682309
0.356536 -0.878401 0.318267
0.755823 -0.23689 0.610422
-0.778537 -0.07311 0.623326
-0.511444 0.262163 0.818349
0.092422 0.281954 0.954966
0.138123 0.852501 0.504147
0.967695 -0.230901 0.10125
0.572618 0.555288 0.603129
0.545662 0.251152 0.799485
0.04117 -0.558724 -0.828331
0.297215 -0.1602 0.941275
-0.862895 0.245671 0.441654
0.187749 -0.982037 0.01883
0.587778 -0.680502 0.437532
0.215336 -0.511255 0.832015
0.424513 -0.781465 0.457276
0.05149 0.090371 0.994576
-0.051757 -0.277749 0.959258
-0.8949 -0.244348 0.373426
-0.032097 0.810483 0.584882
0.62206 -0.219241 0.751648
-0.576421 -0.371968 0.727584
0.676676 0.666849 0.312125
-0.432717 0.093439 0.896674
0.427368 0.796556 0.427617
0.674796 -0.682116 0.281724
-0.97306 0.21406 0.08563
-0.096987 -0.438653 0.893408
-0.134055 -0.585592 0.799445
0.8802 0.403716 0.249523
-0.85473 0.39724 0.33412
0.431247 -0.265821 0.862186
-0.277807 -0.483077 0.830337
0.383876 0.21622 0.897713
0.135921 -0.788491 0.59984
0.764117 -0.400516 0.50568
0.176131 -0.034866 0.983749
0.118989 0.46099 0.879392
-0.027052 -0.951332 0.306979
0.49264 0.784786 -0.376055
-0.649159 -0.68019 0.340489
-0.808893 -0.23628 0.538391
-0.927995 0.239279 -0.285606
-0.298656 -0.948259 0.107747
-0.97844 0.068029 0.195004
-0.593787 -0.514183 0.618896
-0.564922 -0.660772 0.49421
-0.043672 0.399097 0.915868
0.565622 0.686326 0.457196
-0.321335 -0.856305 0.404333
-0.357725 0.250637 0.899563
-0.934206 0.22301 0.278433
-0.88001 -0.082744 0.467693
0.276055 -0.946042 0.1697
0.343247 0.029015 0.938797
0.786615 0.593586 0.169979
0.882598 0.087487 0.461917
0.599785 -0.057173 0.798116
0.752954 0.658067 -0.002857
0.857643 0.512675 0.04017
0.991536 0.080687 -0.101711
0.839739 -0.077549 0.537424
-0.369748 0.687043 0.625507
0.36302 0.92927 0.068358
0.915426 -0.364086 -0.171569
0.248293 -0.849341 0.465801
-0.623602 0.691405 0.364801
0.519134 -0.854416 -0.021737
0.568218 0.795442 -0.210716
-0.655179 0.567265 0.49895
-0.24031 0.137725 0.960876
-0.375109 0.557222 0.740808
-0.922186 0.072781 0.379836
-0.127335 -0.615062 -0.778129
0.355893 -0.600143 0.716358
-0.397042 -0.746786 0.533544
-0.495522 -0.064155 0.866223
0.569941 0.40841 0.713
0.807596 0.244975 0.536447
0.952961 0.229925 0.197484
-0.439936 -0.493741 0.750118
0.977029 -0.078438 0.198147
-0.64852 0.264676 0.7137
-0.71159 -0.680308 0.17556
