239
0.564842 -0.604714 0.561493
-0.749036 -0.130262 0.649598
0.648611 0.481757 0.589249
-0.345015 -0.93744 -0.046599
-0.9632 -0.254809 -0.085549
-0.227372 0.529675 0.817157
-0.419394 0.897326 0.137534
0.901833 0.375458 0.213841
-0.386333 -0.04986 0.921011
-0.548774 0.759731 0.348792
-0.494212 -0.597027 0.631912
-0.356637 0.411144 0.83891
0.497757 -0.22559 0.837465
-0.275694 0.872123 0.404221
-0.534116 -0.028038 0.844946
0.946571 -0.252814 0.200219
0.027249 0.915049 0.402422
0.338835 0.865855 0.368085
-0.068518 0.483129 0.872864
-0.520493 -0.697876 0.491991
0.36661 -0.792001 0.488192
-0.152695 0.228338 0.961533
0.59544 0.229469 0.769932
0.446577 0.673571 0.588957
-0.185773 -0.95954 0.211592
0.359127 0.580605 0.730702
0.362174 -0.322712 0.874464
0.179009 0.646087 0.741976
0.057201 0.572093 0.818192
-0.778903 0.559613 0.283095
0.175831 0.868582 0.463303
-0.902131 -0.200393 0.382103
0.495229 -0.046839 0.867499
-0.112605 -0.82767 0.549802
-0.227373 -0.738615 0.634626
-0.308516 -0.213741 0.926894
-0.645533 -0.649249 0.402199
0.812735 -0.078273 0.577352
0.199919 0.110408 0.973572
0.61013 0.70373 0.364013
0.882689 -0.147081 0.446349
0.775629 -0.533478 0.337344
-0.918117 -0.30879 0.248416
0.229795 -0.239407 0.943334
-0.706142 0.144255 0.69322
0.453587 0.291918 0.842047
0.865957 0.328469 0.37713
0.212049 -0.409176 0.887474
-0.419621 -0.810917 0.407838
-0.84795 -0.450876 0.278732
-0.109617 0.072239 0.991345
-0.601186 0.290515 0.744431
0.801415 -0.404987 0.440137
0.693679 0.326337 0.642116
0.900632 0.013781 0.434364
-0.432954 0.114902 0.894063
0.066409 -0.803647 0.591389
-0.201422 -0.979096 0.02829
-0.613082 -0.165132 0.772568
0.609864 0.060586 0.790187
-0.452123 -0.48118 0.751033
0.050147 -0.479239 0.876251
-0.512977 0.564353 0.646808
0.872402 -0.412301 0.262531
0.583384 0.625905 0.517597
0.528315 -0.834916 0.154266
-0.065914 -0.086893 0.994035
0.120296 -0.929045 0.349862
0.304997 -0.878889 0.366785
-0.926383 0.294156 0.23513
-0.662038 0.641629 0.387322
-0.102784 0.994704 0.000261
-0.467437 -0.192443 0.862826
-0.680989 -0.284217 0.674889
0.187218 -0.853169 0.48688
-0.871277 0.457823 0.176847
0.71816 0.162718 0.676587
0.070499 -0.167107 0.983415
-0.750601 -0.494392 0.438378
-0.975731 0.215578 -0.038403
-0.53013 0.681075 0.505074
0.296513 0.704168 0.645157
-0.375743 0.555528 0.741758
0.156747 0.778968 0.607157
-0.860345 -0.088541 0.501963
0.888999 -0.284239 0.359012
0.47426 0.760127 0.444167
-0.450543 -0.862716 0.229636
0.705838 0.561571 0.431776
0.805104 0.254016 0.535988
-0.295204 -0.500879 0.813619
0.189691 0.931943 0.309029
0.658342 -0.637204 0.400696
0.831364 0.528258 0.172561
0.028196 0.714183 0.699391
-0.31747 0.25404 0.913606
-0.795103 0.025983 0.605917
-0.056222 -0.993354 0.100436
-0.419907 0.856239 0.300885
-0.02172 0.334813 0.942034
0.013908 0.832319 0.554122
-0.410014 0.786675 0.461552
-0.409076 0.912048 -0.028738
0.78551 -0.606764 -0.121704
0.158005 0.274936 0.948391
0.619589 0.758334 0.202581
0.707563 -0.368554 0.602928
-0.034919 -0.958159 0.2841
0.729222 0.627694 0.272461
0.820348 0.090693 0.564627
-0.582917 -0.801078 0.13595
0.766644 0.411336 0.493011
-0.919235 0.381704 -0.096483
-0.120879 0.760266 0.638266
0.453285 -0.552947 0.69913
0.986145 -0.078801 0.145975
0.367784 -0.14591 0.918393
0.692932 -0.511532 0.508115
0.48263 -0.397723 0.78031
-0.71971 0.295389 0.628302
-0.38095 -0.72786 0.570172
0.590091 -0.465967 0.659293
0.60343 -0.745573 0.28283
-0.132804 -0.227581 0.964661
0.06779 0.014365 0.997596
-0.122232 0.936117 0.329764
-0.733221 -0.671063 -0.109828
-0.630135 -0.554434 0.543629
-0.229423 -0.07008 0.970801
-0.272906 0.929981 0.246289
0.288046 0.363365 0.886
-0.099539 0.630608 0.769692
-0.268065 0.783786 0.560197
0.00414 -0.890498 0.454968
0.123672 -0.694531 0.708754
-0.998999 0.042686 0.013387
0.721554 -0.193096 0.664886
0.611071 0.790783 0.03541
-0.805597 -0.243667 0.540037
0.462445 -0.823062 0.329718
-0.307574 -0.898184 0.314107
0.721611 -0.008597 0.692246
0.895032 0.172629 0.411238
0.336432 -0.487583 0.805653
-0.250936 0.667764 0.700801
-0.954952 -0.285642 0.080469
-0.788779 0.357732 0.499856
-0.984119 0.007277 0.177363
-0.671664 -0.009561 0.740794
0.611332 -0.29999 0.732311
-0.748302 0.496506 0.439917
-0.466566 0.276211 0.840252
-0.641158 0.432983 0.633595
-0.636938 0.555222 0.534825
-0.332114 -0.933739 0.133533
0.387166 -0.900695 0.197104
0.769584 -0.636889 0.045964
-0.127395 -0.506575 0.852732
-0.276736 0.093742 0.956363
-0.937049 0.342174 0.069686
-0.50346 0.429231 0.749859
-0.991104 -0.124464 0.047127
0.217169 -0.069157 0.973681
0.943494 0.217288 0.250208
0.563064 0.389645 0.72879
-0.556907 0.809507 0.185887
-0.909562 -0.412503 -0.050377
0.805373 -0.262045 0.531702
-0.550026 0.834959 0.017746
-0.236231 -0.365522 0.900327
-0.678419 0.697459 0.230866
0.812291 0.479749 0.3317
0.488073 0.823426 0.289404
-0.596398 -0.445913 0.667436
0.417338 -0.683468 0.598916
0.038454 0.969606 0.241632
-0.947086 0.129065 0.293888
0.512805 0.538111 0.66893
0.521985 -0.723958 0.451017
0.715953 0.695984 -0.054935
-0.754877 -0.582523 0.301377
-0.964475 -0.156333 0.212952
-0.197129 -0.969563 -0.145215
0.10974 0.428341 0.896929
-0.055644 -0.730033 0.681143
0.47714 0.127271 0.869563
-0.395518 0.684189 0.61274
0.832915 -0.53041 0.157855
0.07779 -0.318558 0.944706
0.947226 -0.113965 0.299623
0.86622 -0.499524 -0.011812
-0.113488 0.97941 0.166961
-0.726102 -0.394573 0.563106
-0.576732 0.13276 0.806074
-0.543193 -0.325175 0.774082
-0.198436 0.380501 0.90324
-0.81612 0.184235 0.547727
-0.272027 -0.831485 0.48439
0.412321 0.443023 0.796067
-0.889671 0.072646 0.450786
-0.344106 -0.621322 0.703953
0.29743 -0.633576 0.714224
0.351663 0.028955 0.935679
-0.850132 0.404038 0.33768
-0.80213 -0.579211 0.145268
0.472129 0.880305 -0.046445
0.089448 -0.981471 0.169451
0.23435 -0.943389 0.234726
0.656544 -0.746951 0.10495
-0.55501 -0.767951 0.319711
-0.002576 -0.613408 0.789762
-0.939454 -0.041605 0.340141
-0.394646 -0.351074 0.849118
-0.253617 0.964428 -0.07455
-0.179292 -0.63028 0.755382
0.328064 0.203862 0.922396
-0.155761 -0.907954 0.389047
0.727612 -0.647912 0.225367
-0.838864 -0.350816 0.416215
0.24701 -0.754542 0.607991
-0.891964 -0.437486 0.114044
-0.675822 0.733998 0.067167
0.047786 0.99616 0.073354
0.025348 0.178302 0.983649
-0.882673 0.245775 0.400604
0.827659 0.561077 0.013161
-0.266214 0.96005 0.086222
0.677405 0.701553 -0.221236
-0.346758 -0.913577 -0.212451
-0.98891 -0.090864 -0.11748
0.237056 0.51053 0.826537
0.976505 -0.174565 -0.12635
0.488769 0.863304 0.12574
0.958945 0.053911 0.278421
0.175957 -0.56411 0.806734
-0.07114 -0.367307 0.927375
0.618213 -0.120696 0.776689
0.321972 0.795882 0.512744
-0.130864 0.86369 0.486738
