-0.263811 0.735392 0.624181
-0.684082 -0.70994 0.167381
-0.085775 0.940807 0.327909
-0.96536 0.242345 0.096692
0.044026 0.228571 0.972531
-0.8254 0.442723 0.350303
-0.530198 -0.805537 0.264574
0.295338 -0.566735 0.769147
-0.18833 0.859641 0.474921
0.169512 -0.456791 0.873274
0.506258 -0.841377 0.189177
0.759318 -0.276681 0.588969
0.796526 0.077761 0.599582
0.010559 -0.343151 0.939221
-0.462125 -0.052301 0.885271
-0.34463 -0.884825 0.313553
0.027201 -0.159272 0.98686
-0.367409 -0.715932 0.593677
0.327206 -0.793092 0.513753
0.407616 -0.654592 0.636678
-0.778953 -0.570119 0.261144
0.537886 0.474512 0.69679
-0.998254 0.053451 0.025157
-0.285127 0.903285 0.320593
-0.558939 -0.642735 0.523907
-0.091762 -0.640471 0.762481
0.200831 0.832555 0.516255
0.661593 -0.606077 0.441548
-0.735069 0.255295 0.628091
0.331997 -0.923084 0.194148
-0.182933 -0.450905 0.873625
0.95645 0.153306 0.248398
0.723978 -0.447668 0.524832
0.131763 -0.502013 -0.854764
-0.800722 -0.59595 0.060721
0.937833 -0.189648 0.290695
0.043806 0.583105 0.811215
-0.516566 -0.397207 0.758542
0.114798 0.934692 0.336411
0.886621 0.124969 0.445292
0.297039 0.883427 0.362386
0.253428 -0.967195 0.017566
0.920112 -0.391094 0.020962
0.52869 0.842291 0.105034
-0.91791 0.10557 0.382486
0.46236 -0.480769 0.74504
0.22233 -0.723301 0.653762
-0.154827 -0.263033 0.952283
-0.688207 -0.724543 -0.03754
0.939509 -0.013612 0.342254
-0.129222 0.328234 0.935716
0.608722 -0.737363 0.292836
-0.921063 0.272039 0.278635
0.134407 -0.845513 0.516761
-0.94372 -0.085337 0.319548
0.798544 0.266814 0.539571
0.391372 0.393595 0.831812
-0.179525 0.97087 0.15869
0.091296 0.748131 0.65724
0.813344 -0.458928 0.357571
0.383882 0.213421 0.89838
0.135784 0.990737 -0.001824
0.338299 -0.37992 0.860938
0.368904 -0.91657 -0.154305
0.044426 0.413512 0.909414
0.868016 -0.101979 0.485951
-0.062745 -0.862207 0.502655
-0.04259 -0.982494 0.181359
0.605265 -0.794716 0.045608
0.110575 -0.626793 0.7713
-0.8714 -0.233982 0.431179
0.019829 0.874647 0.484355
0.378717 0.562449 0.735
-0.768294 -0.356651 0.53153
-0.661278 -0.305296 0.685205
0.2154 0.119854 0.969143
-0.136228 -0.060718 0.988815
0.023777 -0.759004 0.650652
0.569868 -0.557984 0.603245
0.205572 0.963207 0.173124
0.424938 -0.832054 0.35653
0.20529 0.636721 0.743264
-0.354352 -0.476953 0.804333
-0.435289 0.658519 0.613902
-0.974944 0.078757 0.208044
-0.130493 0.138288 0.981758
0.563397 0.82329 -0.069119
-0.497087 -0.229124 0.836903
0.061977 -0.997999 0.012488
0.984463 0.113676 -0.133827
-0.843231 0.285352 0.455561
0.650503 0.541 0.533071
-0.698719 0.584348 0.412709
-0.262317 -0.838228 0.478084
0.220331 0.479532 0.849414
-0.609159 0.397181 0.68642
0.492787 0.639056 0.590566
-0.080349 0.786424 0.612438
-0.635758 0.718816 0.281275
-0.889102 0.42675 0.165477
0.988918 0.13724 0.05663
-0.457065 0.505626 0.731734
0.046001 -0.933269 0.35622
-0.469196 0.826494 0.311069
0.497552 -0.2921 0.816774
0.039542 0.035197 0.998598
0.014366 0.986254 0.164608
0.620215 -0.384176 0.683916
0.33882 0.940624 0.020675
0.786456 0.600258 0.145522
0.206471 -0.075433 0.975541
-0.720263 -0.529902 0.447689
-0.774339 -0.165741 0.61068
-0.931663 -0.269738 0.243405
0.519413 -0.088721 0.849905
-0.842652 -0.409269 0.349909
-0.885718 -0.461963 -0.045758
0.299522 -0.247295 -0.921484
-0.300537 0.053667 0.952259
-0.469121 0.330756 0.818856
-0.335848 -0.314606 0.887823
-0.105778 0.661438 0.742503
0.546714 0.298664 0.782243
0.14806 -0.97027 0.191454
-0.306721 -0.139941 0.941456
0.238662 -0.900536 0.363423
0.30587 -0.425065 -0.851917
0.380944 0.903376 0.196961
-0.457435 0.148453 0.876764
-0.953765 -0.296594 0.048623
0.659903 0.009791 0.751287
0.374514 -0.796327 -0.474976
0.937697 0.313333 0.150154
0.855679 -0.289802 0.428752
0.641153 -0.197136 0.74166
0.885932 0.29935 0.354279
0.852434 0.457732 0.25266
-0.737835 0.025824 0.674487
0.986653 -0.031198 0.159822
0.683597 0.195031 0.703319
-0.600282 0.039052 0.798835
0.313131 0.721073 0.618064
-0.639394 -0.680839 0.357259
-0.287949 0.592051 0.752703
0.362201 -0.183205 0.913918
0.376277 0.01719 0.926348
0.414616 0.899889 -0.135254
0.532347 0.114391 0.838762
0.59019 0.687428 0.423223
-0.883323 -0.442221 0.155505
-0.702821 0.704643 0.097575
0.511029 -0.71417 0.478341
0.500552 0.809861 0.305898
-0.173466 -0.758683 0.627941
-0.616469 0.213471 0.757889
-0.742779 0.610485 -0.274932
-0.826839 0.118371 0.549841
-0.464673 -0.573016 0.675079
-0.435464 0.900016 -0.018501
-0.013868 -0.508615 0.860883
0.843136 -0.517795 0.144947
-0.45553 -0.776299 0.435721
0.781793 0.43524 0.446504
-0.593701 0.558025 0.579765
-0.546876 0.825945 0.136901
-0.731976 0.428637 0.529605
0.727233 -0.678462 0.104032
-0.733022 -0.588579 -0.340959
0.545882 -0.704406 -0.453679
-0.233758 -0.958791 0.161482
-0.640415 -0.135359 0.756007
0.679484 0.375405 0.630375
-0.150942 -0.928506 0.339254
-0.865867 -0.054935 0.497249
0.191621 -0.269568 0.943724
-0.628841 -0.481742 0.610315
0.650737 0.724813 0.226248
0.824543 -0.564409 -0.039647
0.764916 -0.098655 0.63653
0.971667 -0.216006 0.095936
-0.777733 0.584697 0.230785
0.218512 0.30775 0.926036
0.413498 0.778756 0.471762
-0.269131 -0.620505 0.736575
0.906468 -0.35867 0.222872
