193
-0.375877 0.762279 0.526922
-0.679777 -0.679423 0.276201
0.257211 0.103225 0.960826
-0.728421 0.680921 -0.075827
0.696211 0.093248 0.711755
0.4495 -0.880206 0.15227
0.158178 -0.543389 0.824444
0.822484 0.312346 0.475352
0.665649 0.605762 0.435849
0.182875 -0.794391 0.579224
0.58567 0.227606 0.777937
0.616729 -0.761229 0.200439
0.792812 0.481229 0.37399
-0.027181 -0.588261 0.808214
-0.215073 0.972996 0.083803
0.051712 -0.42067 0.905739
-0.212385 -0.607405 0.765475
-0.751493 0.380356 0.539062
-0.493713 0.610239 0.619561
0.330861 0.920482 0.207953
0.737056 -0.523394 0.42756
-0.558436 -0.80397 0.204405
-0.271295 0.873693 0.403806
0.266652 -0.95817 0.103957
0.114521 0.230024 0.966423
-0.103798 -0.730562 0.674911
-0.75426 0.088593 0.650571
0.706414 0.450792 0.545679
0.151188 0.973883 0.169394
0.436351 -0.335467 0.834901
0.55787 0.028383 0.829443
0.334365 -0.834726 0.43753
0.08754 -0.994095 0.064121
0.538615 -0.449658 0.712532
-0.952763 -0.288883 0.093754
0.182684 0.762505 0.620655
-0.572406 -0.54499 0.612648
-0.01124 0.395742 0.918293
-0.264589 0.531203 0.80487
-0.885968 -0.462924 0.027609
0.154324 -0.894415 0.419768
0.35214 -0.730191 0.585507
0.196812 -0.073689 0.977668
0.262508 0.964831 0.013817
0.033477 0.948782 0.314152
0.169642 0.39136 0.904466
0.057799 0.062063 0.996397
0.561806 0.581909 0.58801
-0.937255 -0.335034 -0.096463
-0.979772 0.096046 0.175563
-0.97368 0.226898 0.021535
0.987781 0.152444 0.032384
-0.637344 -0.623819 0.452375
-0.880367 -0.162759 0.445492
-0.239354 -0.955328 0.173371
0.635768 -0.677118 0.370555
0.606733 -0.283925 0.74247
-0.028676 -0.920243 0.390296
-0.600362 0.434491 0.671404
-0.438875 0.168618 0.882585
-0.154352 0.950109 0.271051
0.912071 -0.261238 0.316039
-0.089855 -0.995632 0.025343
-0.316966 -0.467372 0.825286
-0.134154 0.050257 0.989685
-0.868698 0.323121 0.375442
0.309304 0.474717 0.824
-0.88363 -0.414121 0.218405
-0.938758 0.280652 0.199919
0.79257 0.607945 0.047286
0.386731 -0.026897 0.9218
-0.933627 -0.230025 0.274642
-0.074826 0.225337 0.971403
0.078021 -0.702786 0.70711
-0.388591 -0.870941 0.300764
0.258146 -0.64752 0.716993
0.381273 0.69033 0.614879
0.222207 0.909633 0.350986
-0.059933 -0.975236 0.212893
0.250284 0.631167 0.734156
0.2479 -0.381898 0.890337
-0.531459 0.310821 0.787999
0.046964 0.681428 0.730376
-0.135055 -0.454769 0.88031
-0.336283 0.916205 0.217903
-0.91325 0.405487 0.039421
-0.365993 0.35332 0.860938
-0.871549 0.02991 0.489395
-0.031812 0.99122 0.128338
0.122028 -0.960888 0.248602
-0.242724 -0.301784 0.921961
-0.087646 0.889996 0.447465
0.856235 0.485383 0.176816
-0.826006 0.209164 0.523417
0.745482 0.617991 0.249688
-0.080642 0.549634 0.831504
-0.646057 -0.377256 0.663543
-0.604215 0.137032 0.78495
0.422607 0.836 0.35001
0.501634 -0.158454 0.850444
0.311684 0.278601 0.908424
-0.41443 -0.310457 0.855491
-0.192552 -0.125723 0.9732
0.427549 0.902307 0.055173
0.008284 -0.831716 0.55514
-0.802922 -0.575142 0.156616
-0.524038 -0.830185 -0.190204
-0.783107 -0.283864 0.553321
0.499853 0.723087 0.476752
0.982547 0.023996 0.184461
0.658199 -0.104182 0.7456
0.753892 -0.608151 0.248594
-0.865239 0.453208 0.214393
0.928267 -0.344479 0.140198
0.104624 0.869127 0.483397
0.456996 0.356366 0.814959
-0.677066 0.630154 0.380115
-0.484721 0.813013 -0.322577
0.710104 0.285484 0.643623
-0.677155 0.729521 0.096235
-0.145012 0.681768 0.717053
0.322848 -0.207963 0.92332
0.973745 -0.164052 0.157821
-0.171687 -0.836193 0.520869
-0.320387 0.031593 0.94676
-0.984736 -0.095777 0.145336
-0.507427 0.848475 0.150358
0.50231 -0.715689 0.485256
-0.403682 -0.585411 0.70309
0.910145 0.156819 0.383462
-0.259359 0.209214 0.942848
0.782849 -0.049106 0.620271
0.441359 0.156564 0.883567
-0.32528 0.658082 0.679059
0.606489 -0.572583 0.551652
0.586444 0.417601 0.694041
-0.062141 -0.281658 0.957501
-0.777064 -0.528892 0.34124
-0.924177 0.149623 0.35144
-0.573525 -0.819041 0.015513
0.88993 0.343495 0.30006
-0.786059 0.48407 0.384431
-0.001506 -0.109434 0.993993
-0.759197 0.612679 0.219647
-0.648564 0.541281 0.535144
0.453928 -0.599284 0.6594
-0.81717 0.573868 0.053931
0.999248 -0.038639 0.003152
-0.210097 -0.912151 0.351908
-0.190642 0.38573 0.902701
-0.501753 -0.013917 0.864899
0.687345 -0.412217 0.598025
-0.018616 0.796747 0.604026
-0.375305 -0.141762 0.915997
-0.470142 -0.689016 0.551564
-0.683105 -0.209904 0.699505
-0.547236 -0.202247 0.812175
-0.413812 -0.901683 0.125413
0.811316 -0.355188 0.464336
0.942204 -0.068006 0.328065
-0.691522 0.263945 0.672407
0.848873 -0.515542 0.116752
-0.394792 0.918395 0.026262
-0.52489 -0.759813 0.383633
-0.699472 -0.709484 0.085862
-0.791114 -0.090797 0.604892
-0.29102 -0.720931 0.62894
-0.671677 -0.730993 -0.120412
0.203173 -0.793292 -0.573941
-0.724549 -0.463344 0.510236
0.880119 0.008492 0.474677
-0.602452 0.751724 0.26826
-0.349677 -0.810838 0.469326
0.747166 -0.237409 0.620789
-0.847643 -0.355681 0.39369
0.438961 0.54085 0.717492
0.809609 0.150175 0.567434
-0.502908 -0.42405 0.75317
0.859579 -0.177497 0.479185
-0.946696 -0.036831 0.320016
0.355464 -0.499465 0.790051
-0.572606 0.819392 -0.026821
-0.65516 -0.037181 0.754575
0.603954 0.731208 0.317133
0.30737 0.813953 0.492954
0.131314 -0.249692 0.95938
-0.534653 0.707238 0.462559
0.305864 -0.910948 0.276804
-0.443809 0.827289 0.344423
-0.437636 0.49211 0.75253
0.109807 0.545985 0.830568
0.956648 0.194095 0.217144
0.84851 -0.440176 0.293728
