0.023979 -0.747021 0.664368
0.189711 0.086865 0.97799
-0.326346 0.80401 0.497058
-0.642018 0.410038 0.647829
-0.982744 -0.155244 0.100569
0.512886 0.858445 0.004515
-0.503029 -0.438055 0.74503
-0.62147 0.765864 -0.165008
-0.628701 -0.613552 0.477796
0.496577 -0.802152 0.331608
-0.128398 0.95906 0.252422
-0.729593 -0.619133 0.290464
0.95757 0.049776 0.283868
0.363105 0.791972 0.490851
0.489309 -0.417022 0.765943
-0.769609 0.390478 0.505202
-0.525396 -0.829578 -0.1891
-0.621668 -0.108619 0.775713
-0.868113 0.20325 0.452846
0.481684 -0.184506 0.856702
-0.912072 0.018105 0.409631
-0.647411 0.557479 0.519689
0.165061 -0.11302 0.979786
0.527374 -0.078748 -0.845976
0.179167 -0.503921 0.844963
0.997731 -0.040618 -0.053691
-0.158719 0.644622 0.747844
0.197975 0.951906 0.23384
-0.337452 0.940519 -0.039375
-0.035843 -0.936939 -0.347651
0.945357 -0.282216 0.163263
-0.318612 -0.211876 0.923902
-0.151403 0.481194 0.86344
-0.295326 -0.916066 0.271305
-0.320806 -0.002204 0.947142
-0.948161 0.172004 0.267217
0.522425 0.768587 0.369251
-0.636536 0.679141 0.365499
0.171327 -0.906979 0.384755
0.787277 0.310251 0.53286
-0.001013 -0.221001 0.975273
-0.465668 -0.089116 0.880461
0.739545 -0.244781 0.627021
-0.313865 0.375739 0.871957
-0.761904 -0.481233 0.433494
0.023246 0.195462 0.980436
-0.143499 0.989034 0.034931
0.316488 -0.213226 0.924321
-0.945263 -0.239397 -0.221735
0.787611 0.550409 0.27698
-0.592291 -0.73662 0.326469
-0.976312 0.215237 0.022071
0.182629 0.464475 0.866551
0.888672 0.431058 0.156366
0.004599 0.997477 -0.070843
-0.467051 0.252083 0.847536
-0.168394 -0.507139 0.845254
-0.1519 -0.972898 0.174342
-0.286329 0.947593 0.141715
0.86605 0.364882 0.341788
0.180996 0.63642 0.749807
-0.461395 0.87312 -0.157404
-0.642408 -0.753904 0.137626
0.33921 -0.383512 0.858985
0.778439 -0.523665 0.346133
0.186938 0.778084 0.5997
-0.487614 0.419991 0.765402
0.344579 -0.822067 0.453289
-0.282184 -0.834735 0.472852
0.797509 0.13072 0.588975
-0.498635 0.569999 0.653043
0.864803 -0.468481 0.180667
-0.44847 0.877142 0.171743
0.861574 0.153274 -0.483939
0.600555 -0.272989 0.751539
0.606718 -0.77161 -0.19108
-0.755206 -0.131399 0.642183
-0.758517 0.227235 0.610751
-0.623362 0.242538 0.743367
-0.81709 0.040471 0.575088
-0.014914 -0.569272 -0.822014
0.754984 0.475133 0.451937
-0.335597 -0.396187 0.854641
0.986169 -0.088437 0.140179
-0.144343 0.886851 0.438931
0.936567 -0.147439 0.317968
0.654343 0.626007 0.424206
-0.155332 -0.666341 0.729288
0.157086 -0.323487 0.933102
0.929637 0.325528 -0.172644
-0.689735 0.061364 0.721457
0.912848 -0.408241 0.00695
-0.353693 0.704793 -0.614953
0.009961 -0.008331 0.999916
-0.647171 -0.293363 0.703639
-0.316174 -0.710792 0.628338
0.201229 0.881222 0.427732
0.990543 0.103089 0.090539
-0.136335 -0.802388 0.581022
0.51151 -0.702835 0.494348
-0.534368 0.845172 0.011609
0.016803 0.38713 0.921872
-0.742857 0.641709 0.190716
0.890996 0.183968 0.415069
0.023805 -0.960891 0.275903
-0.852978 0.201087 -0.481657
-0.468026 -0.722988 0.508174
0.647499 -0.088944 0.756858
-0.666906 -0.743299 -0.052375
0.671957 0.28688 0.68277
-0.865702 -0.332963 0.37376
0.014002 0.724764 0.688855
0.509113 -0.574607 0.640805
-0.93693 -0.172353 0.304066
-0.494829 -0.590834 0.637228
0.026487 0.98954 0.141805
-0.196115 -0.281501 -0.939306
0.186539 -0.80279 0.566331
0.432496 0.827135 -0.358879
-0.151529 0.290872 0.944686
0.75694 -0.63026 0.172669
0.01885 -0.871652 0.489763
0.691506 -0.722274 -0.01186
0.494916 0.548029 0.674331
0.516295 0.666749 0.53748
0.671905 0.099213 0.733962
-0.333092 0.686303 0.646559
-0.881813 -0.470004 0.038761
-0.781646 0.055927 -0.62121
0.344734 0.677263 0.649979
0.793626 0.601307 0.092673
-0.157093 0.780804 0.604705
-0.161952 -0.322653 0.932559
-0.496952 0.698866 0.514417
0.524118 0.384986 0.759661
-0.775751 -0.623354 0.098189
0.877517 -0.341632 0.336528
-0.887104 0.006998 -0.461517
-0.932997 0.31949 0.165661
0.518095 0.01658 0.855163
-0.482577 -0.857263 0.179498
0.531103 0.206581 0.821738
-0.335718 -0.563846 0.754567
-0.321778 0.178849 0.92977
0.179994 -0.970266 0.16182
0.657414 -0.565111 0.498455
0.307683 -0.892826 -0.328926
0.182763 0.982659 0.031297
0.651121 -0.678434 0.340248
0.670276 0.702048 0.24054
-0.867722 0.359962 0.342763
0.817405 -0.57605 -0.003955
0.188139 -0.666199 0.721652
0.012596 -0.598335 0.801147
0.36538 0.87774 0.309952
-0.336135 -0.938715 0.076341
0.644206 -0.428039 0.633862
0.347327 -0.558728 0.753118
-0.973448 -0.002855 0.22889
-0.648919 -0.463003 0.603766
-0.14959 0.095266 0.984148
0.364956 0.347003 0.863942
0.954294 0.297296 0.03062
0.327999 -0.542868 -0.773117
-0.492814 -0.269772 0.827259
0.645922 0.471763 0.600188
-0.481058 0.802377 0.353234
0.342686 0.519775 0.78256
-0.159407 -0.112336 0.980801
-0.319792 0.907701 -0.271685
0.366393 0.163339 0.916011
0.3589 0.925776 0.118869
0.129896 0.915359 -0.38111
-0.00027 -0.42708 0.904214
0.775924 -0.392505 0.493844
-0.76667 0.531138 0.360706
0.022309 0.848439 0.528823
-0.85247 0.490401 0.181113
-0.772403 -0.315582 0.551182
0.350417 -0.025723 0.93624
-0.843879 -0.480905 0.237904
