0.671551 -0.178364 0.71917
-0.999965 -0.00835 -0.000866
-0.049529 0.575731 -0.816138
-0.758488 0.541652 -0.362366
0.531754 0.799818 0.278439
0.535896 0.549833 0.640702
-0.911709 0.357941 -0.201653
-0.004583 -0.82584 -0.563885
-0.384207 -0.17211 0.907063
-0.387635 -0.565368 0.728078
0.910204 -0.311573 -0.272856
0.478925 0.877594 0.021431
0.585395 0.801298 0.123428
-0.762711 0.607782 0.221071
-0.581824 0.224845 0.781617
-0.039656 0.616762 0.78615
0.249747 0.736763 0.628337
-0.987881 0.154404 -0.015827
0.95963 0.055704 0.275695
0.60581 0.60334 -0.518628
0.093341 -0.70296 0.705078
-0.541963 0.75399 0.371181
-0.025826 -0.792052 0.609908
0.110813 0.120989 0.986449
-0.785912 -0.587784 -0.191971
-0.571489 0.646654 0.505211
-0.046512 0.732535 0.679138
0.617102 -0.758709 0.208675
-0.509635 -0.728063 0.458471
-0.407319 -0.823851 0.394158
-0.239034 -0.946372 0.217353
0.393715 0.668123 0.631348
-0.693892 0.527679 0.489968
-0.04073 -0.999094 0.012361
0.46927 -0.854655 0.222148
-0.827212 0.382999 0.411135
0.26671 0.485307 0.832672
-0.826204 0.282827 -0.487233
0.877851 0.457971 0.140143
0.083122 0.979859 -0.181566
-0.420337 -0.000694 0.907368
0.608903 0.691074 0.389428
0.252305 0.1729 0.952076
0.512924 0.101871 0.852368
-0.056644 -0.274653 0.959874
-0.112548 -0.283685 -0.95229
-0.986826 -0.158653 -0.031676
-0.786088 -0.39613 0.474497
-0.038722 0.483722 0.874365
0.67061 0.703533 0.23521
-0.399337 0.914878 -0.059405
-0.507396 0.83087 0.228481
-0.064347 0.948554 0.310007
-0.176701 -0.752999 0.633853
-0.959104 -0.030477 0.281408
0.372456 -0.595298 0.711966
0.643164 0.12708 0.755109
-0.064622 -0.672702 0.737087
0.824721 0.010717 0.565438
0.120213 -0.99209 -0.036143
-0.737192 0.640491 -0.215216
0.260489 0.619923 0.740163
0.49052 -0.471903 0.732597
0.963768 -0.198877 0.17776
-0.535782 -0.525863 0.660611
0.68211 -0.728323 0.065354
0.4652 0.774553 0.428551
-0.285908 0.829454 0.479858
0.657649 -0.56321 0.500292
-0.592828 0.333202 -0.733166
-0.589403 0.517157 0.620607
-0.837286 -0.526227 0.148449
-0.391534 -0.887382 0.243422
-0.157533 -0.850983 0.501011
0.006831 -0.987592 -0.156895
-0.180343 0.964849 0.191161
0.330344 -0.475796 0.815163
-0.944439 -0.214978 0.248636
-0.321498 -0.692039 0.646313
0.752332 -0.429123 0.49985
-0.116716 0.882182 0.456215
-0.226913 -0.229359 0.946523
-0.447547 -0.4272 0.785622
0.385639 -0.215411 0.897151
0.277069 -0.343193 0.89747
0.526795 -0.777247 0.344055
0.632544 0.224238 -0.741353
-0.767357 0.00949 0.64115
0.514891 0.846393 -0.136037
-0.534746 -0.792594 0.292986
-0.003134 -0.431467 0.902123
0.721014 -0.309182 0.620117
-0.19258 0.539603 0.819598
0.847737 0.331323 0.414207
0.003941 -0.884304 0.466895
-0.825765 -0.467572 0.315418
0.712732 -0.400248 -0.576034
-0.170884 -0.384218 0.90729
-0.661911 -0.436551 -0.609341
0.73015 0.585035 0.353009
0.185322 -0.947009 0.262355
0.724707 -0.013951 0.688915
-0.944962 -0.316793 -0.081782
0.417483 -0.788834 0.451052
0.03538 -0.950386 0.309053
-0.331982 0.289295 0.897829
0.6437 -0.731776 -0.223954
-0.349574 0.91159 0.216337
0.202143 0.977859 -0.054122
0.63344 -0.454008 0.626602
-0.713299 0.242124 0.657709
-0.649308 -0.735072 0.195109
0.264715 0.336412 0.903744
-0.801095 0.279414 0.529315
0.988367 -0.029477 0.149202
0.164975 -0.892585 0.419613
0.410048 0.389178 0.824864
-0 0 1
0.765924 0.311628 0.56236
0.831493 0.463569 0.306143
-0.039326 0.175826 0.983635
-0.602196 0.794529 0.077994
0.958053 0.273272 -0.086355
-0.987443 0.069152 0.142039
-0.849688 -0.064267 0.523355
0.371111 0.865704 0.335906
0.115564 0.930625 -0.347248
-0.338664 0.586895 0.735432
0.402009 -0.700057 0.590177
0.754899 0.152268 0.63792
0.877714 0.312227 -0.3635
0.406961 0.534318 0.740869
-0.903708 -0.377369 0.202249
0.524863 -0.583321 0.619883
0.267146 0.935713 0.230377
-0.158935 -0.827856 -0.537954
0.443576 -0.348663 0.825636
-0.962823 0.236802 0.129984
-0.528531 -0.114555 0.841149
0.717526 0.692483 0.074991
-0.460311 0.62695 0.628528
0.74689 0.658939 -0.089192
0.605753 -0.038097 0.79474
-0.906207 0.046911 0.420224
-0.494917 -0.276119 0.823903
-0.984938 -0.107021 0.135808
-0.108916 -0.954978 -0.27596
-0.837646 0.539725 0.0839389
-0.857789 0.45762 0.234056
-0.944842 0.101278 -0.311474
0.915107 0.196118 0.352303
0.317547 -0.073163 0.945416
-0.308325 0.116395 0.944133
-0.668352 0.647975 0.365287
0.757386 0.457318 0.466076
-0.361099 -0.92834 0.088276
0.662218 0.287299 0.692045
0.62577 0.779233 -0.03476
-0.264191 -0.887778 0.376899
0.212736 -0.59624 0.774107
0.430361 0.884738 0.178963
-0.282319 -0.480884 0.830088
-0.449846 0.17377 0.876038
-0.886676 0.214267 0.40975
0.114022 0.116709 -0.986599
-0.556914 0.055543 0.828711
0.221157 0.891033 0.396422
-0.657267 -0.061795 0.75112
-0.545014 0.83543 -0.070832
-0.538998 -0.261802 -0.800588
-0.835592 0.506058 -0.213754
-0.155921 -0.981551 -0.110666
0.645817 0.571329 0.506462
-0.950297 0.308404 -0.042692
-0.326918 0.875277 -0.356392
0.365815 0.072837 0.927833
0.107519 -0.31893 0.94166
-0.916078 0.388689 0.098596
0.115252 0.579537 0.806755
0.513339 0.671977 0.533788
0.886036 -0.459734 0.059871
0.400681 0.23427 0.885761
0.052703 0.904618 0.422952
-0.234502 0.910634 0.340227
-0.12575 0.811038 -0.571318
-0.15809 0.057012 0.985777
0.911168 0.328456 0.248776
-0.397683 0.84403 0.359808
-0.272298 -0.059796 0.960353
-0.823958 0.123009 0.553139
-0.474644 0.485419 0.734222
0.33068 0.798288 0.503375
-0.462214 -0.661273 0.590827
-0.170014 0.791322 0.587286
-0.776371 0.518536 0.358285
-0.469754 0.339856 0.814757
-0.909282 -0.139893 0.391964
0.903125 0.428048 -0.033765
0.725889 0.543264 -0.42184
0.249824 -0.711975 0.656262
-0.458561 0.884575 0.085136
0.877022 -0.127488 0.463227
0.274825 -0.809869 0.518251
-0.748926 -0.609882 0.259139
0.113444 0.532491 -0.838799
0.538268 -0.201795 0.818258
0.544141 -0.681737 0.489025
0.753285 0.156378 -0.638833
0.059035 -0.153811 0.986335
-0.321088 -0.790028 0.522263
-0.293032 0.953679 0.068032
0.4705 -0.061668 0.880243
0.188066 -0.232593 -0.954218
0.653173 -0.667237 0.357995
0.318677 0.945266 0.070122
0.164295 -0.464936 0.869967
0.177456 -0.020237 0.983921
-0.435339 0.748009 0.500961
0.215091 -0.197482 0.956419
-0.82861 -0.235363 0.507946
0.639637 0.677748 -0.362659
-0.905859 0.254974 -0.338243
0.544073 0.412457 0.73066
0.591971 0.379612 -0.71096
-0.730904 0.67789 0.079029
-0.073654 0.987757 -0.137521
0.107588 0.712029 0.693858
0.78524 -0.153186 0.599943
0.330041 -0.921545 0.20452
-0.220581 -0.619552 0.753326
-0.228731 0.969796 -0.084727
-0.195955 0.670035 0.716
-0.604995 0.370578 0.704736
-0.796222 0.601348 -0.066415
0.116609 0.436254 0.892236
0.720993 0.315232 -0.617088
-0.843108 0.403062 -0.355962
-0.191898 0.393246 0.899184
-0.671517 -0.465328 0.576658
0.823869 0.566266 0.024133
-0.320468 0.719282 0.616388
0.96684 0.178602 0.182544
-0.680191 0.106666 0.725233
-0.949454 0.143329 0.279275
0.90355 0.03438 0.4271
-0.339694 -0.333082 0.879582
-0.336701 0.446174 0.829193
-0.040785 0.336369 0.940847
-0.846043 -0.17625 -0.503138
