0.23443 -0.668004 0.706267
0.178854 -0.342308 0.922408
0.175444 -0.797142 0.577741
-0.407474 -0.77321 0.485913
0.821132 0.56656 0.068939
0.375729 -0.717408 0.586645
-0.52284 -0.629536 0.574738
-0.211003 0.448051 0.868751
-0.127946 0.08203 0.988383
0.61038 -0.138622 0.779885
-0.639468 0.767488 0.045205
-0.163564 -0.425235 0.890181
-0.240716 0.788165 0.566437
-0.682524 0.647582 0.338819
-0.916189 0.347162 0.200191
0.365208 0.741983 0.562214
-0.872017 0.155164 0.464231
-0.740764 -0.60413 0.29376
-0.295692 0.633392 0.715108
0.077002 0.990603 0.113034
0.676284 -0.462437 0.573404
-0.965059 -0.140226 0.221356
-0.321031 0.125254 0.938749
-0.127678 0.708531 0.694033
0.487433 -0.277784 0.827796
0.922049 -0.386647 0.018173
-0.459637 -0.831953 0.310788
-0.587489 0.776523 0.227746
0.174411 0.793107 0.583577
0.973624 -0.218101 -0.066991
-0.894426 -0.228017 0.384722
0.374221 -0.920469 0.112675
-0.987972 0.042606 0.148649
-0.857676 0.337038 0.388326
0.252823 -0.927201 0.276366
0.918177 0.241801 0.313819
-0.887406 -0.417551 -0.195351
-0.855284 -0.034567 0.517005
0.546704 0.814466 0.19432
0.056823 -0.964818 0.256705
0.465773 0.430553 0.773097
0.872826 -0.441213 0.208581
0.320993 -0.214723 0.922419
-0.263803 -0.564427 0.782195
-0.33638 -0.92788 0.160893
0.701983 0.549136 0.453508
-0.768545 0.106435 0.63088
-0.025227 0.818012 0.574648
0.977329 0.072287 0.199002
-0.275932 -0.061301 0.95922
0.830078 0.037891 0.556359
-0.512937 0.757488 0.403867
-0.744781 -0.662778 0.077629
-0.357764 0.30692 0.881933
0.625264 0.338907 0.702984
0.377754 0.890887 0.252236
-0.583947 -0.706228 0.400309
0.277216 0.955281 0.10291
-0.461137 -0.009739 0.887276
0.115842 -0.896984 0.426616
0.124245 -0.159365 0.97937
-0.416988 0.70981 0.567706
0.920186 0.058752 0.387048
-0.676517 -0.276413 0.682584
0.279786 0.859792 0.427173
-0.992908 0.091624 -0.075756
0.708938 0.01234 0.705163
0.077429 0.897238 0.434706
-0.221537 -0.818351 0.530304
-0.703219 -0.695595 -0.147077
0.70571 -0.699856 0.110338
-0.935983 -0.012223 0.351832
0.179125 0.944023 0.27701
-0.439439 -0.897278 -0.042266
-0.757899 -0.385322 0.526419
-0.373083 0.485236 0.790794
0.291205 0.493198 0.819729
-0.792201 0.460362 -0.400606
-0.854837 0.506377 0.113294
-0.343742 -0.68236 0.645156
-0.943395 0.175018 0.281736
0.779289 0.564201 0.272737
0.878376 -0.131692 0.459471
0.523696 0.238404 0.817867
-0.029659 0.960001 0.278423
-0.598943 0.614849 0.513057
-0.154021 -0.715195 0.681743
0.66026 -0.301697 0.687776
0.741993 0.377937 0.553724
0.165824 0.361781 0.917397
-0.908236 -0.418416 0.006018
-0.58023 -0.145024 0.801437
-0.349437 -0.389693 0.852076
0.532154 -0.437989 0.724554
0.634492 0.696668 0.334773
-0.996765 -0.08035 0.001923
0.96518 0.252366 -0.068841
-0.305249 0.949108 0.077574
0.794357 -0.309994 0.522399
-0.820917 0.567906 -0.05982
0.396422 0.111895 0.911224
-0.280887 -0.89109 0.356457
-0.504359 -0.85394 0.128099
-0.522226 0.366715 0.769935
-0.655741 0.240004 0.715823
-0.446092 -0.521264 0.727521
0.954177 -0.1084 0.278918
0.25013 0.654078 0.713875
0.186134 -0.535071 0.824047
-0.410089 -0.202219 0.889345
-0.952387 0.261905 -0.156094
-0.117509 0.988297 0.097268
-0.683162 -0.555541 0.473987
-0.171292 0.267932 0.948088
-0.022891 0.405658 0.913738
-0.81009 -0.211144 0.546966
-0.641734 0.434992 0.631632
-0.617993 -0.786161 -0.006027
0.213301 0.170725 0.961954
-0.081508 -0.906691 0.413846
0.348793 0.306408 0.885696
-0.337676 0.84545 0.41375
-0.06966 -0.588105 0.805779
0.722754 0.190561 0.664314
-0.612065 -0.461932 0.641868
0.26582 -0.025471 0.963686
0.032063 -0.459384 0.887659
0.388306 -0.56077 0.73127
0.573775 0.065245 0.81641
-0.502147 0.180023 0.845837
-0.230214 0.937198 0.262032
0.891503 -0.294227 0.34446
-0.13942 -0.961067 0.238565
0.596266 0.510258 0.619761
0.022254 0.221469 0.974913
-0.091236 0.574007 0.813752
0.959772 0.251822 0.124191
-0.136395 0.892317 0.43031
0.659962 -0.609247 0.439624
0.051156 -0.693191 0.718936
-0.627681 0.049739 0.77688
0.766426 -0.150114 0.624545
-0.77035 0.29957 0.562867
-0.024838 -0.286513 0.957754
0.071051 0.030667 0.997001
-0.494622 0.559738 0.664863
-0.522058 -0.339341 0.782498
0.468969 0.792408 0.390075
0.503896 -0.73933 0.446632
-0.808651 0.508137 0.296445
0.830756 0.402991 0.383982
0.453249 -0.078432 0.887927
-0.546763 0.82759 -0.127065
0.345986 -0.410159 0.843838
-0.223299 -0.246686 0.943018
-0.842109 -0.515814 0.157444
-0.480864 0.874812 0.05894
-0.730307 -0.0826069 0.678107
0.534913 -0.598457 0.59642
-0.737839 0.482615 0.471886
-0.824547 -0.435111 0.361664
0.76065 -0.593231 0.263606
-0.418924 0.874912 0.242965
-0.078788 -0.104613 0.991387
0.615405 -0.733793 0.287793
-0.001472 -0.997294 0.073508
0.429182 0.59598 0.678683
0.194376 0.979299 -0.056492
0.839736 0.221905 0.495582
0.06355 0.692664 0.718455
0.189733 -0.977422 0.092993
-0.019752 -0.817541 0.575531
0.105203 0.540666 0.834633
-0.744403 0.652367 0.142413
0.543345 0.663383 0.51449
0.440257 -0.849083 0.291943
0.315407 -0.83929 0.442843
-0.634168 -0.743007 0.213943
-0.911207 -0.344951 0.225189
