0.589307 0.02527 0.807514
0.292565 -0.620306 0.727754
0.07911 -0.97691 0.198465
-0.020208 -0.760803 0.648669
-0.161156 0.978814 0.126299
-0.159098 -0.98722 0.009181
-0.38295 0.828919 0.407728
0.056014 0.812624 0.58009
0.823492 0.013744 0.567161
0.459032 0.883309 -0.095159
-0.458347 0.858556 0.22978
-0.882924 0.368144 -0.291401
0.207658 -0.198755 0.957797
-0.554867 -0.800977 0.224851
0.206871 -0.505005 0.837959
0.0917059 -0.63991 0.762959
-0.593791 0.379593 0.709451
0.791274 -0.17505 0.585869
0.937617 -0.176026 0.299816
-0.221405 -0.918411 0.327874
0.894901 0.122466 0.429131
0.956328 0.022194 0.291453
-0.376331 -0.461324 0.803465
0.484553 0.622064 0.615016
0.07045 0.457718 0.886302
-0.627173 -0.695572 0.350477
0.893832 -0.082058 0.440829
-0.343003 -0.938694 -0.034675
0.369113 0.339382 0.865203
0.613441 0.789212 -0.028896
-0.681866 -0.564127 0.465639
-0.760031 -0.591689 0.268806
-0.291347 -0.618433 0.729834
0.935803 0.219661 0.275721
0.597002 0.479721 0.643006
0.26333 -0.942391 0.206291
0.396359 0.822585 0.407742
0.925588 0.374764 -0.053271
0.583811 -0.743898 0.325239
0.118703 -0.368752 0.921917
0.777401 0.511795 0.365668
0.304974 -0.34865 0.886247
-0.61732 -0.482854 0.621102
-0.687211 0.449544 0.570658
-0.927958 0.044561 0.370012
0.430298 0.497171 0.753435
-0.543257 0.756 0.365153
0.48311 -0.317765 0.815862
-0.817254 -0.211162 0.536196
0.382468 -0.178189 0.906624
0.394046 0.874372 -0.283199
0.697769 0.700115 -0.151517
-0.10125 0.950844 0.292651
0.651598 -0.255603 0.714203
-0.845222 0.156061 0.511122
-0.44781 0.857041 -0.254847
0.867071 0.492316 0.076239
0.400639 -0.912531 0.082317
-0.286782 -0.946589 0.147396
0.24568 -0.821222 0.51501
0.937139 -0.348829 -0.009384
0.612447 0.198561 0.765168
0.396617 -0.476744 0.784481
0.729865 0.108702 0.674894
0.553318 -0.659514 0.508803
-0.389112 -0.895076 -0.217785
0.987386 -0.074631 0.139639
-0.104017 -0.64303 0.758745
-0.065851 0.571059 0.818264
-0.847078 -0.02875 0.530691
-0.170514 0.24943 0.953263
0.509519 0.855138 0.095546
0.779601 0.593124 0.201061
-0.623509 0.615122 0.482558
0.139086 0.14152 0.980116
0.732801 -0.352325 0.582125
0.999324 0.012828 -0.034451
-0.512066 0.113467 0.851419
0.876389 0.415673 0.243223
-0.816855 0.338614 0.466999
0.483763 -0.576193 0.658768
-0.685951 -0.299026 0.663366
-0.736109 -0.111184 0.667669
0.548349 -0.148277 0.822999
-0.434192 -0.270519 0.859242
0.02702 -0.216312 0.97595
-0.310546 -0.14225 0.939854
0.529771 0.712143 0.460647
0.979875 0.194888 -0.043181
0.753282 0.657116 0.027649
0.856192 0.324971 0.401658
-0.127805 0.800274 0.585856
0.285763 -0.919942 -0.268414
0.654654 0.73966 0.155985
0.058258 -0.854073 0.51688
0.467401 0.179838 0.86556
-0.518439 0.853859 0.046316
-0.598408 -0.199107 0.776057
-0.042485 -0.933508 0.356031
-0.975039 -0.073725 0.209438
-0.911399 0.221304 0.346954
-0.015992 0.893899 0.447983
0.195996 0.319517 0.927089
-0.159299 -0.223634 0.961567
0.577432 -0.423197 0.698195
0.666926 0.666916 0.332313
-0.751542 0.080873 0.654709
-0.374323 0.021929 0.927039
0.171332 -0.742296 0.647798
-0.943673 -0.251794 0.214663
0.129549 0.604597 0.785926
-0.757115 0.506249 0.412903
-0.34709 0.933162 0.093469
-0.037602 0.115639 0.992579
0.85237 -0.273346 0.44581
0.2635 -0.020553 0.96444
0.945541 0.305106 0.113411
-0.02738 -0.98888 -0.146171
0.688545 0.317009 0.652236
-0.541398 -0.650603 0.532545
0.749948 -0.651814 -0.112767
-0.205463 -0.750902 0.62764
-0.026539 0.999287 -0.02684
-0.215485 0.063995 0.974408
-0.873926 -0.300873 0.381744
-0.304093 0.375739 0.875413
-0.633226 -0.00232 0.773963
-0.380803 -0.713989 0.587544
-0.535565 -0.383809 0.752237
0.702743 -0.076838 0.707282
-0.304946 0.76414 0.568417
-0.007267 0.703269 0.710886
-0.684876 0.65983 0.309143
0.806236 0.22331 0.547829
0.014279 0.293268 0.955924
-0.346841 0.203828 0.915508
0.867998 -0.489652 -0.082586
-0.104583 -0.977363 0.183912
0.3736 -0.710797 0.595979
0.651805 -0.515121 0.556598
-0.100484 -0.064387 0.992853
0.214061 -0.975936 0.041546
-0.539341 0.550343 0.637365
-0.805108 0.542949 0.238762
0.308647 0.161531 0.937361
-0.206738 0.876134 0.435486
0.828815 0.551215 -0.096063
0.746288 0.418321 0.517747
0.69018 -0.609606 0.389912
0.796956 -0.600877 0.061711
0.442036 -0.78094 0.441291
-0.190282 -0.504054 0.84245
0.204662 0.846743 0.49106
-0.492468 -0.092158 0.865437
-0.614419 0.7687 0.177733
0.535582 0.795129 0.284467
0.871421 -0.394447 -0.291611
-0.120696 0.418923 0.899965
-0.754471 -0.387478 0.529749
-0.471693 0.701877 0.533736
-0.211637 -0.963513 -0.163867
0.315773 0.622907 0.715733
-0.479342 0.298107 0.825447
-0.305841 -0.830429 0.465671
-0.473974 -0.776653 0.414921
-0.43147 0.470812 0.769526
-0.12708 -0.856303 0.500595
0.354189 0.744943 0.565341
-0.736314 0.27256 0.619316
0.701623 -0.684604 0.19759
-0.878401 -0.425089 0.218428
0.135791 -0.920801 0.365632
0.98505 0.115694 0.127637
-0.194868 0.677996 0.708765
-0.915633 -0.130722 0.380167
0.085726 -0.040022 0.995515
0.25587 0.481875 0.83805
0.567874 -0.81164 0.136967
-0.074904 -0.377258 0.923074
0.66904 -0.743116 0.012803
-0.633736 0.196881 0.748075
0.00877 -0.516997 0.855942
-0.373863 0.627646 0.682852
0.882098 -0.454353 0.124365
0.529764 0.355058 0.770249
-0.274182 -0.345145 0.897607
0.952708 -0.265092 0.148573
-0.802208 -0.463047 0.376896
-0.253031 0.535254 0.805902
-0.974506 0.107365 0.197007
0.78256 -0.450544 0.429662
0.190653 0.729987 0.656331
0.648086 0.57729 0.496711
0.087582 0.943934 0.318306
0.432055 -0.000782 0.901847
0.941326 -0.2905 -0.171797
0.799542 -0.541412 0.260011
-0.465176 -0.564894 0.681546
0.255089 0.906445 0.336582
0.310472 -0.877856 0.364658
-0.985477 0.168528 0.020808
