0.120991 0.74146 0.659999
0.847422 0.479319 0.228319
0.315904 -0.93845 0.139699
-0.843177 0.536053 -0.041231
-0.841635 0.326593 0.430101
0.386307 0.845502 0.368637
-0.230229 0.931786 0.280659
0.667724 0.473052 0.574775
-0.81306 -0.057818 0.579302
-0.80083 -0.515296 0.30519
-0.636074 0.390464 0.665543
0.919194 -0.047935 0.390878
-0.337715 -0.141077 0.930616
0.208679 0.41932 0.883529
-0.035436 -0.833747 0.551009
0.452192 0.735824 0.50407
0.115825 -0.441743 0.889633
-0.099546 -0.405407 0.9087
0.209384 0.975701 0.06454
-0.793839 0.555994 -0.246353
0.773282 0.484131 0.409453
0.731131 -0.226668 0.643482
-0.128993 -0.197021 0.971876
-0.538982 0.776083 0.327403
-0.889007 -0.45646 -0.036201
-0.040424 -0.924024 0.380192
-0.026356 -0.555735 0.830942
0.466215 -0.793431 0.391294
-0.812179 -0.572279 0.113413
0.604988 -0.374928 0.702437
-0.693291 -0.717354 0.068921
-0.567418 -0.755144 -0.328321
0.978198 -0.054484 0.200399
-0.397813 0.636484 0.660783
-0.627834 -0.626933 -0.46128
-0.919872 -0.027734 0.391236
0.765955 0.123831 0.630856
0.310882 -0.659738 0.684176
0.968152 -0.234427 0.087893
-0.789715 0.510257 0.34057
0.731651 -0.539216 0.417053
0.050597 -0.272139 0.960927
-0.014335 0.635934 0.771611
0.463847 -0.675942 0.572668
0.089279 0.973485 0.21061
0.516209 -0.033013 0.855826
0.501645 0.600737 0.622468
0.987235 0.119717 0.105043
-0.777647 -0.401083 0.484146
-0.212268 -0.745218 0.632133
0.295353 -0.493657 0.817967
-0.598311 0.798941 -0.060978
0.392058 -0.174727 0.903195
-0.197433 -0.0097 0.980268
-0.078943 0.773042 0.629423
0.730082 -0.673529 0.115496
0.318285 0.005277 0.94798
-0.990441 -0.104315 0.090248
0.722422 0.631794 0.280967
0.256082 0.811842 0.524723
-0.278113 0.957609 0.075092
-0.727946 0.085326 0.680305
0.035502 -0.937509 -0.346146
-0.647461 -0.446128 0.617871
-0.371196 -0.62457 0.687115
-0.902856 -0.399312 0.159375
-0.447691 0.221497 0.866321
-0.959934 -0.278184 0.03376
0.221354 0.96765 -0.121064
0.358875 0.5296 0.768592
-0.113098 0.323632 0.939399
-0.09906 0.984356 0.145709
0.03882 0.980076 -0.19479
0.050026 0.857988 0.511228
-0.398741 0.039335 0.91622
-0.156966 0.501519 0.850788
-0.400331 -0.899739 0.173794
0.031607 0.9995 -0.000498
-0.638826 0.627113 0.44568
0.831103 -0.534288 -0.154289
0.745835 -0.387089 0.542118
0.316386 0.683867 0.657439
0.257673 -0.313041 0.914117
0.136515 0.077708 0.987586
0.627 0.10681 0.771663
0.004948 -0.062392 0.998039
0.633161 -0.727003 0.265657
-0.537137 -0.611812 0.580663
0.381755 0.352808 0.854277
-0.681518 -0.575115 0.452522
-0.223092 -0.851467 0.474589
0.93129 -0.224638 0.28677
-0.484917 0.4024 0.776485
-0.02503 -0.711624 0.702114
-0.865318 -0.199785 0.459685
-0.393261 -0.749264 0.532869
-0.312197 0.795654 -0.519102
-0.606457 -0.292409 0.739396
0.532565 0.44432 0.720385
0.90121 -0.398049 0.1714
0.926049 -0.181962 -0.33064
0.796709 0.312174 0.517496
0.88286 0.315061 0.348274
0.690769 -0.060455 0.720544
-0.388329 -0.921287 -0.020773
0.144341 -0.987038 0.070148
-0.204044 0.656735 0.725993
-0.748882 -0.253329 0.612372
-0.572636 0.049581 0.818309
-0.47959 0.852997 -0.205887
-0.442764 -0.313681 0.839979
0.923715 -0.380859 -0.041188
-0.854895 0.120468 0.50462
-0.401879 -0.841829 0.360301
-0.488195 -0.854039 -0.179676
0.189541 -0.134178 0.972662
0.174829 0.593136 0.785891
0.309407 -0.890386 0.333887
0.682344 0.297344 0.667827
-0.516922 -0.13245 0.845724
0.541691 0.270498 0.795866
-0.307526 -0.476035 0.823904
0.305434 0.926325 0.220525
-0.722861 0.462749 0.513162
0.847941 -0.387155 0.362087
-0.78311 -0.615798 -0.086785
0.146696 -0.619722 0.77099
0.851276 -0.222711 0.47511
-0.695287 0.668651 0.263593
0.648222 0.749528 0.134225
0.580252 -0.802698 -0.137777
-0.678139 -0.102657 0.727728
-0.975557 0.034157 0.217077
0.179792 0.909639 0.374475
0.880175 0.338317 -0.332918
0.997811 -0.066136 0.00038
-0.282823 0.768607 0.573806
0.077102 0.279584 0.95702
0.261889 0.218369 0.940069
0.435707 0.141941 0.888826
-0.3033 0.352736 0.885204
-0.759477 0.260362 0.59616
0.460951 -0.523946 0.716243
-0.255724 0.174968 0.950785
-0.726187 0.683318 0.075683
-0.949492 -0.183291 0.254695
0.822789 -0.051403 0.566018
-0.938184 -0.304878 -0.163893
0.14776 -0.767829 0.623382
-0.476543 0.720384 0.503938
-0.490816 -0.472867 0.731776
-0.263546 -0.31653 0.911237
-0.446165 0.894935 0.00525
-0.693635 -0.66977 0.2651
0.573379 -0.206986 0.792713
0.947072 0.131939 0.292654
0.610778 -0.531421 0.586976
-0.358099 0.843562 0.40021
-0.22593 -0.926001 0.302453
-0.556434 0.554169 0.619095
-0.160997 0.86883 0.468204
-0.558823 -0.799267 0.22111
-0.611612 0.226661 0.757994
-0.340925 0.51576 0.785978
-0.968544 0.212825 0.12895
-0.191625 -0.606798 0.771411
0.440102 -0.354094 0.825183
0.872725 0.13312 0.469713
-0.058165 0.133809 0.989299
0.898741 -0.365493 -0.242237
0.602705 -0.667363 0.437462
-0.412877 0.886562 0.208663
0.141248 -0.879617 0.454227
0.027346 0.469138 0.882701
-0.555576 -0.723715 0.409356
0.139615 -0.953561 0.266888
-0.550622 -0.834407 0.024082
