0.224904 -0.401512 0.88781
0.787469 0.085979 0.610328
-0.957139 0.032865 0.287759
-0.164432 -0.095375 0.981767
0.609564 0.54033 0.580065
0.084713 -0.97689 0.196241
0.718783 -0.279697 0.636491
0.546215 -0.594261 0.590341
-0.671982 -0.62617 0.395413
-0.695701 0.711541 0.098537
-0.143861 0.532872 0.833878
-0.320168 -0.391298 0.862773
0.237103 0.943802 0.23026
0.71536 -0.604637 0.350248
0.049857 -0.669987 0.740697
-0.483787 -0.396577 0.780177
-0.372862 -0.535733 0.757604
-0.387734 -0.756442 0.526742
0.27206 0.32806 0.904633
-0.711389 0.048301 0.701137
0.342035 0.5669 0.749424
0.837469 0.538067 -0.095545
0.301529 -0.250647 0.919922
-0.446641 0.836739 0.316828
-0.766493 -0.590723 0.252059
-0.526784 0.646454 0.551902
0.531417 -0.832099 0.158769
0.478292 -0.219344 0.850368
-0.374804 0.660458 0.650628
0.89954 -0.3651 0.239853
-0.48586 0.228415 0.843662
-0.143958 0.975515 0.166271
-0.561474 -0.817678 0.127077
-0.873192 -0.321246 0.366519
-0.748364 0.20086 0.632145
-0.475261 0.52961 0.702596
-0.290351 0.955154 0.058106
0.853443 0.315795 0.414618
-0.847435 -0.200226 0.491694
-0.315503 0.536382 0.782785
-0.793669 0.516222 0.321876
-0.79175 0.610687 -0.013883
-0.857529 0.494053 -0.143376
0.831631 -0.196333 0.519465
-0.079573 -0.76834 0.635076
-0.052104 -0.995038 0.084766
0.383423 -0.891018 0.24305
-0.728781 -0.229297 0.645214
0.737751 0.426183 0.523537
-0.409614 0.390127 0.824632
0.143707 -0.54322 0.8272
-0.568195 0.822538 0.024207
-0.218132 -0.532661 0.817735
-0.40522 -0.888941 -0.213496
-0.140414 -0.397378 0.906849
-0.869925 -0.434908 0.232563
0.987295 -0.153272 0.041914
0.181418 0.203675 0.962083
-0.896631 -0.035877 0.441322
-0.052574 -0.970281 -0.236202
0.760765 -0.620287 0.191001
0.137336 -0.990166 0.026654
-0.94163 0.328193 -0.074987
0.484275 -0.493083 0.722736
-0.867785 0.350647 0.352131
-0.418888 0.763698 0.491221
-0.8205 0.280133 0.498303
-0.95535 0.281878 0.088603
0.329855 -0.846582 0.417725
0.640913 0.767365 0.019531
0.103429 0.745585 0.658336
-0.032525 -0.532935 0.845531
-0.654142 -0.103286 0.749287
0.509973 0.483066 0.711741
0.999666 0.025071 0.006197
0.016935 -0.101863 0.994654
0.004285 0.218888 0.975741
-0.693232 0.361758 0.623346
0.979911 0.137268 0.144678
0.868582 -0.022904 0.495015
0.438115 0.062447 0.896747
-0.426608 -0.639753 0.639313
-0.805173 0.571882 0.156995
-0.677187 -0.505625 0.534567
-0.515921 -0.756715 0.401508
0.535908 0.308922 0.785729
-0.284117 -0.924961 0.252438
-0.331838 0.232246 0.914301
-0.026379 -0.86343 0.503779
0.096399 0.052956 0.993933
0.978387 0.204456 -0.030936
-0.124261 -0.651289 0.748586
0.437892 -0.735658 0.516776
0.585651 -0.680297 0.440692
-0.260673 0.770841 0.581252
-0.54513 -0.514262 0.662093
0.647501 0.37416 0.663888
-0.773202 -0.356954 0.524159
-0.337898 -0.852717 0.39837
-0.625753 -0.733322 0.265841
0.925784 -0.114133 0.360414
0.955631 -0.202141 0.214263
-0.340427 -0.092911 0.935669
0.213201 -0.927131 0.308178
0.283493 0.703559 0.651642
-0.418774 0.906648 -0.051172
-0.834229 0.084165 0.544957
0.638333 -0.436806 0.633823
-0.167953 -0.98293 -0.075109
0.373402 -0.095014 0.922791
-0.078298 0.383344 0.920281
-0.081989 0.06195 0.994706
-0.228485 -0.969099 0.092957
-0.505574 -0.095904 0.857437
-0.714316 -0.689602 0.119176
0.921755 0.38348 -0.057538
-0.458902 -0.847556 0.266567
0.779255 0.261285 0.569641
0.156841 -0.869117 0.46908
-0.024111 0.651827 0.757984
-0.902652 0.157246 0.400615
0.638108 0.698813 0.323232
0.548945 0.681628 0.483779
0.689039 -0.52661 0.497902
-0.061884 -0.253237 0.965423
0.692912 0.582369 0.425111
0.681108 0.204493 0.703047
0.931132 0.228926 0.283878
0.76358 -0.093769 0.638869
0.565017 0.139274 0.813239
0.788712 0.570847 0.228183
0.046764 0.846208 0.530796
-0.311967 0.920624 0.234794
-0.557998 -0.642723 0.524925
-0.933228 -0.156092 0.323607
-0.161303 0.931865 0.324976
0.281354 0.071843 0.956911
0.297396 -0.859879 -0.414925
-0.987159 0.097648 0.126419
-0.447355 0.884628 0.131554
-0.625655 0.218176 0.748969
0.56735 -0.333522 0.752913
0.628191 -0.732694 0.261793
0.870983 0.483969 0.084629
-0.670524 0.596655 0.44091
0.217209 0.484058 0.847648
0.558165 0.807755 0.189692
0.886059 0.397842 0.237954
0.202786 -0.092629 0.974832
-0.10681 -0.963707 0.244663
0.16071 0.623878 0.764819
0.392197 0.762901 0.513969
-0.877955 0.285144 -0.384562
0.222433 -0.667355 0.710747
-0.619003 0.511307 0.596155
-0.218021 -0.81239 0.540822
0.546998 -0.056479 0.835226
-0.001662 0.996856 0.079215
-0.57987 0.787317 0.209482
0.265723 -0.95461 0.13458
0.317876 -0.529671 0.786386
-0.167306 0.229154 0.958904
-0.419806 -0.24692 0.873381
0.982602 0.08878 -0.163129
-0.558986 0.381177 0.736368
0.095785 0.366634 0.925421
0.402603 0.226565 0.886893
-0.577879 -0.252381 0.776118
0.945247 0.309069 0.10481
0.101768 -0.78253 0.61424
-0.20497 0.662712 0.720278
0.275231 -0.770739 0.574639
-0.13545 0.857945 0.495564
0.401274 -0.378464 0.834113
-0.421118 0.066734 0.904548
0.943816 0.057525 0.325427
-0.489204 -0.796063 -0.356319
-0.645536 -0.376394 0.664538
-0.081623 0.76587 0.637794
0.778347 0.626701 0.037721
0.675161 0.020034 0.737399
-0.330114 -0.865219 -0.377388
0.035041 0.51799 0.854669
0.673222 -0.734696 0.083625
0.566419 -0.727772 -0.386675
0.640938 -0.171171 0.748264
-0.756247 0.446492 0.478263
0.876316 0.148724 0.458204
0.801886 0.473409 0.364503
-0.942095 -0.272984 0.194774
0.162678 0.907853 0.386445
0.047062 -0.397013 0.916606
-0.244352 -0.247455 0.937581
0.389429 -0.641483 0.660942
-0.248029 0.391095 0.886299
0.488526 -0.800105 0.348101
-0.696288 -0.697776 -0.1682
-0.266898 -0.691729 0.671026
-0.162214 -0.902863 0.398153
-0.493189 -0.869098 -0.037854
0.778421 -0.378308 0.500943
0.029208 -0.934003 0.356069
0.813205 -0.469028 0.344543
-0.887156 0.460473 0.030328
-0.399661 -0.909967 0.110595
-0.890277 0.41138 0.19538
0.396312 0.411444 0.820762
0.982681 -0.03398 0.182165
-0.78609 -0.478863 0.390835
-0.008134 0.923397 0.38376
0.223715 0.818299 0.52947
0.12531 -0.249384 0.960263
0.453134 0.633426 0.627249
0.696351 -0.663332 -0.274017
-0.574347 0.060002 0.81641
0.334727 0.940458 0.059137
-0.79295 -0.075842 0.604547
-0.255631 0.067431 0.96442
-0.942342 0.224463 0.248211
