-0.439415 -0.868417 0.229709
0.823014 -0.525935 0.214568
-0.786354 -0.180669 0.590767
-0.055675 0.408211 0.911188
-0.875408 0.483363 0.004552
0.625001 -0.773116 0.108007
-0.28519 -0.950378 0.124291
0.717558 -0.21163 0.663569
-0.095617 -0.542961 0.834297
-0.690144 0.672254 -0.26791
-0 0 1
-0.919833 0.359461 -0.157146
0.563848 0.799028 0.208877
-0.518131 -0.187054 0.834596
0.134801 0.34772 0.927857
-0.244962 0.276234 0.929348
0.417556 -0.345255 0.840503
-0.921942 -0.320209 0.217918
-0.664493 0.142052 0.733669
-0.432254 -0.566311 0.701746
0.086282 -0.725482 0.682812
0.841534 0.354101 0.407963
-0.650266 -0.291345 0.701621
-0.856815 -0.495771 0.1417
0.444836 0.398464 0.802089
-0.066833 0.997696 -0.011678
-0.613156 0.356703 0.704842
-0.474401 -0.880152 0.016602
0.072038 0.911409 0.405146
0.331169 -0.911004 0.245762
-0.629802 -0.77622 -0.028841
-0.335789 0.588856 0.735183
0.75327 0.383547 -0.5343
0.149868 0.805673 0.573089
-0.570367 -0.736805 0.363041
-0.397091 -0.885646 -0.240729
0.32434 -0.896175 -0.302776
0.979196 -0.177902 0.097604
0.758794 0.648726 -0.058192
0.972233 0.193762 0.131225
0.932113 -0.198562 0.302882
0.433186 -0.682729 0.588415
-0.245291 -0.625745 0.740456
-0.194664 -0.949834 -0.24479
0.798887 0.524174 0.294994
-0.201447 0.7278 0.655535
-0.121159 0.968932 -0.215619
0.333899 0.267943 -0.903724
0.607831 0.304523 0.733354
-0.388052 0.916561 0.096599
0.196002 -0.968812 -0.151613
0.46637 -0.881486 0.074039
0.630521 -0.771655 -0.083613
0.21474 0.659572 0.720313
-0.189302 0.064402 0.979805
0.950222 -0.068665 -0.303914
-0.243452 0.453833 0.857185
-0.318996 -0.944808 -0.074692
-0.388177 -0.819314 0.421952
0.648042 0.672941 0.356641
-0.697806 0.464375 0.545365
0.90445 -0.018114 0.426195
-0.370808 0.132667 0.919185
0.349655 0.738393 0.576643
-0.679443 -0.573189 0.458051
0.850791 -0.379644 0.363352
0.852621 0.516815 0.077073
0.128912 -0.924175 -0.359557
-0.534373 0.018516 0.845046
-0.167485 -0.144591 0.975214
0.730083 -0.541265 0.417146
-0.510881 -0.667289 0.541965
0.800187 -0.029825 0.599009
-0.508865 0.832835 0.217811
0.514298 -0.812366 0.274879
0.323878 0.271716 0.906241
0.765511 -0.641325 0.051919
-0.044866 0.21488 0.975609
0.089506 -0.582072 0.808196
-0.237452 -0.917596 0.318801
0.971183 -0.003132 0.238313
0.538583 0.646739 0.540054
-0.60998 -0.773867 0.170453
0.644499 -0.704315 -0.297591
0.385926 -0.816329 0.42973
0.062949 -0.836759 -0.543941
-0.242035 0.787787 -0.566402
-0.270485 0.828534 0.490275
-0.426075 0.404972 0.808986
-0.136635 -0.347428 0.927699
0.410755 -0.69949 -0.584803
0.571938 -0.694032 0.437272
0.84414 -0.211448 0.492664
-0.506261 0.232938 0.830325
-0.872165 0.167545 0.459628
-0.014793 -0.715511 -0.698445
-0.358974 -0.070854 0.930654
-0.031186 -0.932811 0.359013
-0.867464 0.451324 0.209315
0.954576 0.121431 -0.2721
-0.731334 -0.628478 0.26489
0.262984 -0.962897 0.060567
-0.675233 -0.080701 0.733177
0.999128 0.012808 0.039735
0.149362 0.146944 0.977803
-0.175928 -0.846808 0.501962
-0.790573 0.043958 0.610788
-0.469489 0.781233 0.411406
0.277738 -0.639188 0.717147
0.584565 0.485985 0.649695
0.599813 -0.547717 0.583293
0.707017 0.518417 0.48101
0.259827 -0.470686 0.843175
-0.81868 -0.456953 0.347788
-0.872166 -0.261802 0.413263
0.076232 0.548057 0.83296
0.906267 0.366801 0.210089
0.937433 0.348084 -0.007545
-0.597471 0.634601 0.490214
-0.525079 0.535574 0.661402
0.508896 0.180128 0.841771
0.928305 -0.264755 -0.261064
0.74043 -0.38568 0.550468
0.502603 -0.009901 0.864461
0.057989 -0.406644 0.911744
0.838342 0.163978 0.519898
-0.768277 0.622001 0.151214
0.189614 -0.073186 0.979127
-0.731844 -0.661456 -0.163952
0.558232 -0.204044 0.804204
0.739711 0.339549 0.580977
0.595758 -0.381145 0.706966
-0.322471 -0.737809 0.593001
0.832891 -0.367425 -0.413875
-0.885349 -0.055148 0.461645
0.406574 0.582117 0.704158
-0.001381 0.979192 0.202931
0.658604 -0.024255 0.752099
-0.104251 -0.734889 0.670127
-0.294631 -0.454828 0.840431
-0.983665 -0.157467 0.08722
0.925641 0.17982 0.332946
-0.483726 -0.383858 0.786551
-0.118718 0.596641 0.793678
0.030793 -0.847404 0.530055
0.951353 -0.301843 -0.061793
0.265697 0.481114 0.835424
0.279288 0.863588 0.419778
0.444845 -0.520296 0.728975
0.185475 -0.898734 0.397337
0.988289 -0.096373 -0.118311
0.371881 -0.152769 0.915623
0.221407 -0.284462 0.93277
0.604273 0.485353 -0.631891
0.710623 0.147507 0.687936
0.333643 0.070773 0.940039
-0.759652 0.266269 0.593321
-0.128027 -0.99112 -0.035924
0.027159 -0.209357 0.977462
0.472354 0.782498 0.405682
0.7553 -0.548298 -0.359013
-0.085028 -0.982083 0.168177
