0.577844 0.384635 0.719828
0.333557 -0.903963 -0.267566
0.410825 -0.754464 0.511866
-0.124708 -0.944453 0.304068
0.494021 -0.81828 -0.293874
-0.482654 0.464304 0.742609
-0.254452 0.677689 0.689921
-0.925638 -0.377203 -0.030208
-0.168365 -0.032325 0.985195
0.681542 -0.141019 0.718063
0.303472 0.539037 0.785712
-0.072831 -0.180299 0.980912
0.166311 -0.703584 0.690876
0.713838 0.320441 0.622698
0.232271 0.775838 0.586623
0.090482 0.352292 0.931506
-0.469844 0.017161 0.882583
-0.43158 -0.183007 0.883316
0.724783 -0.383267 0.572535
-0.911001 0.312001 0.269689
0.519021 0.628442 0.579377
-0.298015 0.949476 0.098399
-0.766338 -0.482979 0.423624
0.94066 0.311765 -0.13402
-0.645957 -0.760861 0.061892
0.410635 0.403229 0.817793
0.342046 0.936758 0.074093
0.668751 0.587026 0.456259
-0.632786 -0.492229 -0.59774
-0.976597 -0.213196 -0.028377
0.361833 0.236152 0.901836
0.068018 -0.59006 0.804489
-0.867958 -0.353126 -0.349214
-0.23559 0.79666 0.556624
-0.5753 -0.176234 0.798731
-0.842663 -0.317509 0.434864
0.952782 -0.302649 0.024687
-0.168467 0.956416 0.238511
-0.505472 -0.332402 0.796245
0.761569 0.423046 0.490963
-0.721586 0.068374 0.68894
0.040876 0.17576 0.983584
-0.394185 -0.914084 0.0952331
-0.709855 0.474528 0.520508
0.038888 0.998839 0.028419
-0.235385 -0.477257 0.846652
-0.140885 0.589517 0.795375
-0.375059 0.3671 0.851216
-0.928034 -0.231881 0.291519
0.252975 0.383432 0.888247
0.500411 0.098409 0.860177
0.140887 0.51797 0.843717
-0.668854 -0.706497 0.23129
0.33637 0.067092 0.939337
0.099065 -0.147101 0.984148
0.845894 -0.286126 0.450106
-0.519831 0.836304 -0.174274
0.080264 0.986554 -0.142368
0.458325 -0.878571 -0.134354
0.682109 0.669242 0.294691
0.082177 -0.814512 0.574297
0.788263 -0.44737 0.422494
-0.129504 0.140996 0.981503
-0.258123 -0.886782 0.383394
0.785962 0.512389 0.346007
-0.311161 -0.599763 0.737199
-0.662533 -0.28825 0.691348
-0.912959 0.394631 0.103792
-0.954717 -0.053424 0.29268
0.33509 -0.674141 0.658217
-0.820379 -0.037974 0.570558
-0.636972 -0.544615 0.545584
-0.198921 -0.710107 0.67541
0.647666 -0.536479 0.541035
0.249378 -0.79743 0.549469
-0.512122 0.732379 0.448723
-0.546221 -0.76368 0.344144
0.043793 -0.957098 0.286435
0.356156 0.659707 0.66177
-0.540099 0.310249 0.782329
-0.034071 0.927911 0.371241
0.394528 0.757725 0.519808
0.067169 0.766769 0.6384
-0.749052 0.557893 0.357318
0.258731 0.863856 0.432216
0.975602 0.108667 0.190766
0.801229 -0.591693 0.089059
-0.567349 0.823473 0.002776
0.312714 -0.417159 0.853339
-0.483283 -0.584483 0.65178
-0.91957 -0.18228 -0.348088
0.868852 0.076692 0.489095
0.471724 0.526084 0.70761
-0.253143 0.269868 0.929026
0.736315 0.674088 0.058707
0.787282 -0.032366 0.615743
-0 -0 1
0.299132 0.919248 0.255935
0.570331 -0.046953 0.820072
-0.939234 -0.004956 -0.343241
-0.410678 0.60587 0.68137
0.641108 0.204341 0.739747
0.132049 -0.989106 -0.065063
-0.877066 0.226701 0.423512
-0.41456 -0.473481 0.777146
0.215087 0.976083 -0.031608
0.534191 -0.215512 0.817431
0.299427 -0.868808 0.394355
0.623329 0.771225 0.129124
-0.193368 0.429884 0.881935
0.001009 0.979441 0.20173
0.208399 -0.943973 0.255902
0.169375 0.034638 0.984943
0.87029 -0.104825 0.481256
0.602613 -0.739527 0.299928
0.899145 -0.043832 -0.435451
0.719567 -0.693453 -0.036682
-0.870606 -0.474551 0.129796
-0.262967 -0.943958 0.199477
0.368198 -0.903554 0.219134
0.702083 -0.594329 0.392241
0.456998 0.871327 0.178723
0.256794 -0.963295 0.07823
0.953496 -0.244233 0.176621
0.638226 -0.309224 0.705016
-0.010809 -0.708701 0.705427
-0.301793 0.105441 0.947525
-0.980294 0.066512 -0.186013
0.204725 0.210189 0.955985
-0.529286 -0.680678 0.506491
0.032468 -0.318507 0.947364
-0.869238 -0.402666 0.286854
-0.333004 -0.060504 0.940982
0.557212 0.780981 0.282104
-0.630584 0.619381 0.467687
-0.844458 0.480042 0.237593
-0.533732 -0.827512 0.174222
0.413745 0.835022 0.362703
0.784403 0.589721 0.192199
0.26593 -0.112913 0.957357
0.838913 -0.540661 -0.062533
-0.58231 -0.444496 0.68069
-0.948601 0.129373 0.288824
0.409977 -0.531165 0.741473
0.774945 -0.216696 0.59372
0.876786 0.440202 0.193569
-0.791059 -0.221591 0.570196
-0.361774 0.82999 0.424543
-0.086761 -0.807944 0.582837
-0.515164 -0.856985 -0.013506
-0.3076 0.523361 0.794655
-0.637673 0.704235 0.312131
-0.771801 0.31447 0.552659
0.890391 -0.352988 0.287408
-0.070772 0.84421 0.53132
-0.614467 0.772827 0.158647
0.825919 -0.50238 0.255877
0.134198 0.937371 0.321446
-0.339484 -0.339584 0.877174
0.416212 -0.908388 0.039995
-0.041111 -0.472063 0.880606
0.548518 0.713263 0.436329
-0.967266 0.215327 0.134276
0.024139 0.635527 0.771702
-0.82475 0.398129 0.401597
-0.555084 0.572048 0.603857
-0.129334 0.894905 -0.427103
0.148404 0.345262 -0.926699
0.496591 -0.618179 0.609304
-0.123273 -0.598856 0.791313
-0.406609 -0.796562 0.44739
-0.091109 0.989566 -0.111614
-0.077015 0.311504 0.947119
-0.246729 -0.207572 0.946593
0.457949 -0.8159 0.352974
-0.58284 0.148124 0.798973
0.661 -0.741317 0.116307
-0.812688 0.144009 0.564624
0.570551 -0.465749 0.676424
0.677403 0.044762 0.734249
-0.71572 -0.116325 0.688631
0.563113 -0.685951 0.460841
0.424592 -0.079417 0.901895
-0.404825 -0.869917 0.281712
-0.508305 -0.260563 -0.820812
0.892916 -0.438092 0.103812
0.141187 -0.447496 0.88307
0.771558 0.626868 -0.108328
0.243449 -0.569783 0.784907
-0.370652 -0.707743 0.601429
-0.095323 0.732872 0.673656
-0.024121 0.480498 0.876664
-0.687232 0.241923 0.684971
-0.608146 -0.01772 0.793628
0.374605 -0.252011 0.892279
-0.926841 0.173763 -0.332826
0.47636 -0.375268 0.795144
0.18865 0.662162 0.725226
0.200113 -0.89252 -0.404182
-0.430208 0.198767 0.880575
0.729956 -0.642047 0.234391
0.846352 0.531628 0.032555
0.750036 -0.632633 -0.192932
-0.940688 -0.278848 -0.193262
0.173072 0.974114 0.145422
-0.989798 0.036172 0.137813
0.095505 0.866931 0.489192
-0.632046 0.409755 0.657737
0.207483 -0.286488 0.935348
0.770823 0.14926 0.619317
0.998741 0.043031 0.025778
-0.980659 -0.140414 0.136354
-0.887901 -0.139808 0.438275
0.781416 0.562544 -0.270061
-0.666026 -0.633273 0.394177
-0.991321 0.129511 -0.022573
-0.398149 0.721695 0.566245
0.832091 0.255982 0.492035
-0.726421 -0.390763 0.565347
-0.053576 -0.893334 0.446189
-0.244556 -0.812814 0.528701
