157
0.419441 0.354855 0.835552
-0.79266 -0.007969 0.609612
0.876291 0.45583 0.155989
0.586852 -0.790349 0.175936
0.661 0.750195 0.016889
0.877188 -0.4656 0.117295
0.301366 -0.271059 0.914169
0.428186 0.534866 0.728406
-0.130281 0.708905 0.693167
-0.334871 0.257431 0.906417
0.60647 0.76359 0.221639
-0.562869 -0.225451 0.795204
0.030692 0.226 0.973644
0.019228 -0.84626 0.532422
0.959873 -0.22899 -0.16189
-0.154918 0.141447 0.977749
-0.623262 0.553866 0.552066
-0.804922 0.194897 0.560461
-0.37928 -0.918617 0.110859
-0.272498 0.788636 0.551178
-0.50897 0.342503 0.789709
0.538456 0.027372 0.842209
0.054581 0.758992 0.648808
-0.580483 0.711648 0.395723
0.59639 -0.292221 0.747614
0.114818 0.882979 0.455153
0.712747 0.078793 0.696981
0.436898 -0.396085 0.807612
-0.806263 0.109023 -0.581424
-0.154167 -0.777952 0.609117
0.339057 0.843493 0.416605
-0.074005 -0.448179 0.890875
-0.897812 -0.438382 0.041889
-0.312251 0.630311 0.71078
-0 0 1
0.034598 0.230951 -0.97235
-0.856659 -0.361062 0.368468
-0.405237 0.827251 0.389152
0.568246 -0.634882 0.52347
-0.0815819 0.853102 0.515326
0.226808 0.290916 0.929476
-0.784568 0.384248 0.486628
-0.147684 0.35095 0.924675
-0.076203 -0.989617 -0.121866
-0.313868 -0.675827 0.666891
-0.460776 -0.546988 0.698921
0.666409 -0.107398 0.73781
-0.744362 0.646801 -0.166052
-0.897871 0.009376 0.440159
-0.682858 0.699295 0.211403
0.264479 -0.487292 0.832224
0.052862 0.604471 0.794872
0.844771 0.08313 0.528632
-0.325449 0.451641 0.830725
0.390654 0.159751 0.90657
0.21471 -0.808954 0.547259
0.524457 0.745678 0.410985
-0.843836 -0.19576 0.499618
-0.164368 -0.983849 0.070885
0.242382 0.476892 0.844882
0.116984 -0.36172 0.924918
-0.138706 0.54121 0.829368
-0.935921 -0.301644 0.181833
-0.971254 0.039877 0.234683
-0.363153 -0.184791 0.913221
-0.744752 -0.39491 0.537951
0.23911 0.779799 0.578567
0.908208 -0.111247 0.403463
0.426715 -0.579583 0.69426
-0.275305 -0.508655 0.815768
-0.455059 0.691335 0.561228
0.477845 -0.171777 0.861485
0.317032 -0.872564 0.371649
-0.904659 0.199155 0.376735
0.341086 -0.045047 0.938952
0.07928 -0.562609 0.822913
0.202577 -0.960365 0.191471
-0.282275 0.959327 -0.003591
0.210057 0.938259 0.274856
-0.117622 -0.907491 0.403268
-0.524684 0.825267 0.208905
0.813934 -0.543189 -0.206051
0.397978 -0.737811 0.545204
-0.732703 0.559482 0.38746
-0.475621 0.879581 0.011055
-0.461505 -0.714855 0.525354
0.987147 0.086479 0.134393
-0.251543 -0.931713 0.261988
0.988693 0.116889 -0.093935
0.792602 -0.609402 -0.02028
0.936478 0.083885 0.340546
-0.214126 0.906982 0.362676
-0.34381 0.91858 0.194951
-0.674007 0.179785 0.716513
0.046032 0.425863 0.903616
-0.487803 0.522497 0.699318
-0.936784 -0.152433 0.314959
-0.558647 -0.813656 0.160865
0.851566 0.271952 0.448194
0.049616 -0.721219 0.690928
0.595446 -0.471714 0.650331
0.583444 0.580687 0.567799
-0.734006 -0.554621 0.391957
-0.709077 -0.677031 0.197076
0.757041 0.624673 0.191502
-0.604358 -0.400339 0.688826
-0.720437 -0.213805 0.65974
0.8155 -0.490345 0.307444
0.245594 0.64113 0.727074
0.726864 0.441699 0.525899
0.79448 0.607126 -0.014119
0.733845 0.262908 0.626379
-0.646619 0.762617 0.017298
0.40551 -0.895326 0.184262
0.425572 0.872645 0.23954
0.296178 0.951291 0.085584
-0.184331 -0.092307 0.97852
0.919186 -0.300765 0.254239
-0.997311 0.072156 0.012812
-0.423788 -0.372885 0.825445
0.189819 0.086268 0.978022
0.962139 0.268005 0.049614
-0.026294 -0.974529 0.222714
-0.662242 0.372728 0.650007
-0.331388 0.04931 0.942205
0.963087 -0.263071 0.05707
0.725373 -0.486407 0.487074
0.420171 0.693486 0.585264
0.062311 -0.997433 0.035268
-0.875605 0.378143 0.300538
0.670386 -0.654727 0.349163
-0.122024 -0.629386 0.767453
0.927014 0.273994 0.256072
0.153631 -0.13871 0.978344
0.246276 -0.665 0.70507
-0.907703 0.412261 0.078201
0.497319 0.866205 0.048612
0.590142 0.407654 0.696815
0.113865 -0.922492 0.368841
0.435272 0.840429 -0.322827
-0.013168 0.949489 0.313523
0.576675 0.221356 0.786414
0.737703 -0.3012 0.604213
-0.595779 -0.713951 0.36786
-0.221504 -0.320137 0.921113
-0.495972 -0.044828 0.867181
-0.83183 -0.508989 0.221333
-0.299178 -0.828745 0.472943
0.685344 0.617726 0.38564
-0.512712 0.152645 0.844882
0.845151 -0.306691 0.43779
0.502702 -0.784285 0.363577
0.819118 0.457784 0.345659
0.972879 -0.102806 0.207214
-0.144087 0.976824 0.158284
-0.608294 -0.571433 0.550857
-0.658295 -0.023737 0.752386
