-0.54903 0.388552 0.739995
0.848279 0.196096 0.491904
-0.113873 -0.545597 0.830275
-0.018977 -0.961886 0.272792
0.359061 -0.92353 -0.134785
-0.701706 -0.148966 0.696719
-0.186373 -0.687556 0.701806
-0.243261 0.920361 0.306201
-0.037466 -0.380928 0.923845
-0.729372 -0.581512 0.360361
0.298567 0.75607 0.582423
-0.997476 -0.002937 0.070938
-0.249414 -0.805595 0.53741
0.270879 0.960721 0.060334
-0.965669 -0.147543 0.21381
0.842206 -0.405942 0.354823
0.173371 0.956801 0.233396
0.160844 0.523379 0.836782
0.194399 -0.942451 0.272019
-0.055739 -0.996406 -0.063784
-0.037251 -0.795804 0.604407
0.974359 0.223444 -0.026398
-0.292647 0.810541 0.507328
-0.179836 0.322856 0.929206
0.683705 0.190188 0.70454
-0.764021 0.057967 0.642582
-0.76572 0.336978 -0.547831
0.378242 0.894283 0.239147
0.124809 0.690764 0.712228
0.34831 0.420698 0.837671
-0.940355 0.340192 0.000989
0.209792 -0.0965889 0.972963
-0.906264 -0.422583 0.010416
0.05144 -0.967695 -0.246821
-0.069151 0.993013 -0.095625
0.034252 -0.666739 0.744503
0.275464 -0.957748 0.082691
-0.361337 -0.207377 0.909082
-0.109555 -0.893166 0.43618
0.894978 -0.012134 0.445945
0.190789 0.329072 0.92483
-0.534431 0.828376 0.167861
-0.423941 0.839127 0.340792
-0.640559 -0.538956 -0.547001
-0.916419 -0.342495 0.207058
-0 -0 1
-0.886614 0.054164 0.459327
0.26499 0.870513 0.414714
0.175369 -0.323505 0.929833
0.63274 -0.681804 0.367129
-0.765149 -0.363636 -0.531334
-0.970129 0.194177 0.145412
0.788467 0.058388 0.612299
0.76621 -0.58053 0.275513
0.870913 -0.470376 0.142326
-0.776179 -0.303867 0.552459
-0.42259 -0.783124 0.456217
0.313653 -0.442883 0.839926
-0.373494 0.356561 0.856368
0.245586 -0.623501 0.742249
-0.445617 -0.010189 0.895166
0.451739 0.79038 0.4138
0.940395 0.140636 0.309643
-0.701553 0.40564 0.5859
0.584034 -0.784552 0.208285
-0.831108 -0.523578 0.187419
0.747657 -0.656709 0.098704
-0.674593 0.228725 0.701861
-0.007222 0.432533 0.901589
0.099783 0.819031 0.565006
-0.712355 -0.684266 0.155984
0.287999 -0.850081 0.44093
-0.039453 0.613141 0.788987
-0.252588 -0.916807 0.309296
-0.83132 -0.110694 0.544659
-0.943159 -0.291086 -0.160376
0.092396 -0.887959 0.450547
-0.958279 0.03326 0.283892
0.380803 -0.002552 0.924653
0.033675 -0.190144 0.981178
0.024499 0.233 0.972168
-0.456817 0.888318 -0.047
-0.723117 0.680392 0.119027
0.559461 0.820073 -0.120349
-0.618071 0.023277 0.785778
-0.811806 0.235767 0.534214
-0.324113 -0.540428 0.776459
-0.143917 0.129676 0.981057
0.470064 -0.779721 0.413612
0.065032 0.915022 0.398127
-0.247312 -0.385247 0.889056
-0.900173 -0.198371 0.387733
-0.565186 -0.792087 -0.230571
-0.788365 0.555076 0.265274
-0.155914 -0.97995 0.12405
-0.24613 -0.035413 0.96859
-0.517112 0.19633 0.833096
0.355272 -0.229977 0.906031
-0.561371 0.556628 0.612395
-0.569319 -0.644946 0.509824
0.169283 -0.981351 -0.091069
-0.854882 -0.484726 -0.184978
0.10838 -0.509719 0.853487
-0.158406 -0.206755 0.965484
-0.599423 -0.732299 0.323157
-0.885891 0.214915 -0.411107
-0.11689 0.878666 0.462907
-0.627106 -0.344684 0.698521
-0.987139 0.145235 -0.066804
0.186188 0.106336 0.976743
-0.438083 -0.854141 0.280226
0.540234 0.093249 0.836332
-0.358776 -0.926521 0.11331
0.398092 -0.882887 0.249063
0.635023 0.374607 0.675585
0.612708 -0.444136 0.653706
-0.989713 -0.074739 -0.121994
-0.448773 -0.374323 0.811471
-0.96198 0.076862 -0.26208
-0.521025 -0.520189 0.67671
-0.816692 0.408024 0.408081
0.793163 -0.143365 0.591894
0.708849 -0.518557 0.478154
0.521371 -0.133957 0.84275
0.31716 0.60953 0.726555
-0.338383 0.163535 0.926689
0.488927 0.505006 0.71128
-0.766198 -0.519719 -0.377933
-0.909465 0.234279 0.343492
-0.388638 -0.671378 0.63104
0.439407 -0.5455 0.713688
-0.686466 0.572551 0.448274
0.170575 -0.772575 0.611581
0.667807 -0.036623 0.743433
0.935264 -0.283228 0.21228
0.846502 -0.529765 -0.052758
-0.633958 0.713307 0.298814
0.657768 0.751759 0.046897
0.479744 0.663161 0.574511
0.621713 0.675988 0.395617
-0.831058 -0.403844 0.382431
-0.227475 0.669771 0.706868
0.367204 -0.715828 0.593929
-0.728837 -0.650216 -0.214513
0.872836 0.345107 0.345047
0.619102 -0.785226 0.011574
-0.799864 -0.599974 -0.015757
-0.39745 0.685046 0.610529
0.49275 -0.34715 0.797925
-0.207081 0.503798 0.838633
-0.687838 -0.48399 0.540956
-0.898378 0.38957 0.20286
0.547192 -0.626404 0.555156
-0.084485 0.770409 0.631927
0.655103 -0.246348 0.71425
-0.54394 -0.182866 0.818956
-0.522336 0.716297 0.462692
0.356813 0.203417 0.91176
0.508086 0.293336 0.809816
0.475764 0.877606 0.058785
-0.394116 0.531527 0.749767
