0.823648 -0.120234 0.554209
-0.000571 -0.414922 0.909857
-0.525044 -0.552081 0.647715
-0.602784 0.338108 0.722727
-0.230083 0.528257 0.817316
0.993949 -0.002277 0.109817
-0.59442 -0.408845 0.692467
-0.346389 -0.789856 0.506105
-0.15747 0.980988 0.113429
0.4957 -0.366394 0.787424
0.636112 -0.061308 0.769157
0.963549 -0.03897 0.26468
0.907232 0.262112 0.328979
-0.279026 -0.501651 0.818835
0.41979 -0.247602 0.873195
0.39855 0.832654 0.384506
-0.183674 -0.395914 0.899731
0.246827 0.348342 0.904287
-0.250293 0.663664 0.704914
0.275326 0.914649 0.295994
-0.977557 -0.196578 0.075761
-0.46928 -0.880138 -0.071648
0.099188 -0.284857 0.953425
0.751125 -0.627642 0.204637
0.254346 -0.260763 0.931295
0.938931 0.299129 0.170087
-0.347887 -0.862384 0.367789
0.998059 0.035247 -0.051338
0.117111 -0.991942 0.048334
0.983002 0.165008 0.080501
0.957506 -0.288398 -0.002798
0.376814 -0.739773 0.557447
0.350599 0.774967 0.52584
-0.118078 0.741225 0.660789
-0 0 1
0.65715 0.275438 0.701633
-0.511715 0.58699 0.627368
-0.581286 -0.640374 0.502023
0.170086 -0.101048 0.980235
0.869565 -0.235339 0.434133
0.631699 0.431022 0.644342
0.474958 -0.078874 0.876467
0.413718 0.096999 0.905223
-0.613034 -0.770794 0.173397
-0.44205 -0.679747 0.585266
0.686669 -0.724237 0.062977
0.857621 -0.485742 0.168942
-0.44538 -0.458382 0.769105
-0.482148 0.855919 0.186914
-0.621372 0.753504 0.214776
-0.703537 -0.702038 -0.110358
-0.324987 0.933325 0.152603
0.021261 -0.154111 0.987825
0.407263 -0.511659 0.756533
-0.725367 0.466165 0.506491
0.446088 0.647872 0.617469
0.267522 0.189693 0.944695
-0.50752 -0.308277 0.804605
0.770424 -0.27903 0.573227
-0.355604 0.420951 0.834473
-0.86204 -0.421314 -0.281748
-0.868334 -0.108356 0.483999
-0.553087 -0.149062 0.81968
0.894374 -0.446982 0.017396
-0.23397 0.878372 0.416799
-0.378954 0.803778 0.458623
0.524226 0.365558 0.769126
-0.026663 0.97343 0.227427
-0.209489 0.374714 0.903163
0.668623 0.112637 0.735022
-0.938653 -0.277957 0.204135
0.711713 0.487687 0.505594
0.8811 -0.363187 0.302915
-0.278588 -0.713623 0.642752
0.347172 0.565313 0.74826
0.220046 -0.764463 0.60595
-0.387511 0.694899 0.605765
-0.915773 -0.194715 0.35135
0.719881 -0.523267 0.45603
-0.609945 -0.715553 0.340514
0.711541 -0.172389 0.681169
0.755022 -0.005641 0.655675
0.014694 -0.924794 0.380184
0.548487 0.054561 0.834377
0.931225 -0.331084 0.152327
0.850425 0.217821 0.478886
-0.888749 -0.421274 0.180702
-0.29581 -0.073874 0.952386
-0.442175 0.896324 0.032944
-0.933934 0.150794 0.324081
-0.011711 -0.997372 -0.071501
0.911183 -0.388958 -0.135855
0.963479 0.129992 0.234116
0.798821 -0.512276 0.315369
-0.905197 0.312767 0.287743
-0.631871 0.684534 0.363528
0.219386 0.497685 0.839154
-0.761076 0.324246 0.561808
-0.336034 0.25943 0.905416
0.633295 -0.744901 0.209905
0.077088 -0.97363 0.214714
-0.58026 0.014477 0.814303
-0.081244 -0.964671 0.250619
0.108519 0.936142 0.334457
-0.109403 -0.747613 0.655062
0.248917 -0.539533 0.804328
0.54878 0.767252 0.33191
0.935957 -0.204316 0.286773
-0.036896 -0.848986 0.527125
-0.154455 -0.900772 0.405899
-0.808825 -0.571856 0.137053
-0.239114 -0.930295 0.278163
-0.161911 0.048427 0.985616
-0.743004 0.555434 0.373415
-0.839516 0.478718 0.256987
-0.797179 -0.020354 0.6034
-0.10703 0.848646 0.51802
-0.191803 -0.629133 0.753262
-0.315114 0.092871 0.944499
0.378946 0.422816 0.823181
0.637046 -0.318416 0.701986
0.562815 -0.748128 0.351488
-0.047077 -0.994925 0.088928
-0.881411 0.064064 0.467985
-0.831374 -0.275551 0.482586
-0.540844 -0.212293 -0.813892
-0.146331 -0.971678 -0.185553
0.742237 -0.62863 -0.232182
0.918894 0.092829 0.383428
0.803526 0.593924 0.040009
-0.508538 0.708221 0.489705
0.716433 0.694415 -0.06717
-0.474849 0.301905 0.826663
-0.62801 0.459224 0.628265
0.676517 -0.641214 0.362174
-0.723647 -0.349303 0.595249
-0.805602 -0.51111 0.299618
-0.140985 -0.116519 0.983131
-0.869001 -0.358374 0.341182
0.234185 -0.957086 0.170714
-0.775053 -0.437299 0.45614
-0.793505 -0.573374 -0.203939
-0.702639 -0.584213 0.406195
0.690996 -0.42211 0.586811
-0.33117 0.896939 -0.292961
-0.346284 -0.937786 0.025382
-0.702983 0.069622 0.707791
-0.312829 -0.939869 -0.137052
-0.979694 0.06164 0.190789
-0.883443 -0.450927 -0.12725
0.2751 -0.845202 0.458207
0.175612 -0.417258 0.891659
-0.545761 0.833181 -0.089184
0.180553 0.783136 0.595062
0.313672 -0.649485 0.692661
-0.659962 -0.502275 0.558722
0.11147 0.253014 0.961019
-0.051183 0.322321 0.945246
0.75078 0.330208 0.572095
0.15166 -0.662465 0.733579
-0.407305 -0.196221 0.891964
0.436022 0.869351 0.232622
0.526873 -0.692225 0.493183
0.401006 0.266961 0.876314
0.283717 0.024687 0.95859
0.490586 0.8274 -0.273376
0.175981 -0.923382 0.341169
0.360966 -0.881142 -0.305438
-0.077883 0.475018 0.876523
0.882801 0.468705 -0.031267
0.07853 -0.544334 0.835185
-0.504582 0.793486 0.34026
0.976573 -0.168694 0.133592
-0.82616 0.394249 0.402526
0.961189 -0.224232 -0.160733
0.830503 -0.546829 -0.10603
-0.375185 0.568243 0.732349
-0.93815 -0.020911 0.345596
-0.718388 -0.652042 0.242403
-0.606184 -0.795302 -0.005966
-0.702176 0.231925 0.673171
-0.368138 -0.594711 0.714698
-0.389647 0.912583 -0.123969
0.134804 0.082546 0.987428
0.044568 0.692898 0.719657
-0.198662 -0.822485 0.532964
-0.295617 -0.695167 -0.65525
0.495272 0.511174 0.702429
-0.185431 0.213731 0.959132
0.907374 -0.074227 0.413719
0.057646 -0.765854 0.640425
-0.458228 0.13601 0.878367
-0.250783 -0.240635 0.937658
-0.648195 -0.254409 0.717718
0.944338 0.328975 -0.000939
-0.351831 -0.355535 0.865916
0.565169 -0.204495 0.799229
0.586179 0.578512 0.567201
0.681203 0.679574 0.272288
-0.372556 -0.90845 0.189529
0.819138 0.379316 0.43027
-0.026165 0.162223 0.986407
0.024951 0.796555 0.604051
-0.971289 -0.105277 0.213341
0.422062 -0.809992 0.407158
-0.802288 0.148521 0.578165
-0.588898 0.177551 0.788464
0.085883 0.411306 0.907442
-0.066114 0.924054 0.3765
-0.084374 -0.279098 0.956549
-0.491845 0.457572 0.740754
-0.181071 -0.982971 -0.031322
0.121424 -0.857961 0.499158
-0.485373 -0.761623 0.429352
-0.212072 -0.969342 0.124107
-0.769836 -0.186729 0.610315
0.068458 0.877246 0.475134
0.762628 0.538052 0.359025
-0.495713 -0.863224 0.095463
0.48178 -0.842347 0.241535
0.465517 -0.614766 0.636676
0.642751 0.637739 0.424453
-0.017866 -0.654311 0.756015
0.558192 -0.475328 0.680062
-0.991755 0.125691 0.024979
-0.198238 0.942868 0.267772
0.504705 0.717775 0.479657
-0.443188 -0.030197 0.89592
0.333843 -0.11927 0.935053
-0.861774 0.238608 0.447674
0.769932 0.167411 0.615774
-0.723282 0.685257 0.085363
-0.684805 -0.093267 0.722733
0.801387 -0.596138 0.048974
0.580019 0.795703 0.174458
0.806128 -0.386121 0.448406
0.607014 -0.573368 0.550257
0.280112 -0.959957 0.004409
-0.096263 0.61885 0.779588
0.592046 -0.80343 -0.063098
0.336733 -0.393916 0.855243
-0.057395 -0.557312 -0.828317
-0.253843 0.783149 0.567663
-0.624429 0.595294 0.505681
0.849252 0.047409 0.525856
0.185545 0.637042 0.748165
0.232009 0.863199 0.448397
-0.09853 -0.529134 0.842798
