-0.749301 0.176699 0.638221
0.49812 -0.760664 0.416253
0.972632 -0.075182 -0.21985
-0.807927 -0.291538 0.512112
0.307713 -0.163543 0.937319
-0.644615 0.304444 0.701274
0.729762 -0.569205 0.378752
-0.416122 -0.371635 0.829897
0.406434 -0.291966 0.865776
0.455726 -0.102042 0.884252
0.06098 -0.919335 0.388721
-0.823794 -0.555048 0.115263
0.60414 -0.629793 0.488238
-0.969495 -0.244593 -0.015902
-0.145508 -0.268567 0.952208
-0.259447 0.556216 0.789501
-0.521471 0.420229 0.742614
0.489369 -0.41565 0.76665
-0.570377 -0.327129 0.75343
0.826626 0.27742 0.48962
0.486324 0.802658 0.345297
-0.91485 -0.378629 -0.140319
0.028919 0.942265 0.333618
-0.880264 -0.118775 0.459377
-0.657348 -0.648657 0.383585
0.564509 0.479119 0.672142
-0.612312 0.610188 0.502737
0.329226 0.295269 0.896898
0.585494 0.68117 0.439551
-0.995634 0.082965 0.042765
0.600935 0.793213 -0.098436
0.101615 -0.701286 0.705601
0.770145 -0.30093 0.562422
0.183486 0.958919 0.216351
0.500202 0.628619 0.595513
0.150491 0.748446 0.645896
0.451817 0.401259 0.796776
-0.510457 0.828283 -0.231043
-0.21587 -0.091507 0.972125
0.282427 -0.697099 0.659006
0.907068 -0.032495 0.419727
0.741813 0.011941 0.6705
-0.740178 0.67239 -0.005229
-0.114232 -0.945987 0.303415
-0.010219 -0.987802 -0.155378
0.312013 -0.444989 0.839424
0.277638 0.461338 0.842665
0.785489 0.447589 0.427401
0.745437 -0.63769 0.194104
0.347731 -0.78632 0.51067
-0.302132 0.930554 0.206848
-0.096156 0.059576 0.993582
0.356681 -0.9212 0.155464
-0.622124 -0.778655 -0.081602
-0.386546 -0.060839 0.920261
-0.171217 -0.562177 0.809099
-0.748909 0.350764 0.562228
-0.842202 -0.535178 -0.065417
-0.737115 0.496613 0.458297
-0.450615 -0.874856 0.177688
0.62606 0.735666 0.258543
-0.707244 0.013836 0.706834
-0.259594 0.88211 0.393056
-0.27074 0.085469 0.958851
-0.849621 0.210061 0.483755
0.885488 0.335574 0.321404
0.34424 0.886561 0.309046
0.033788 -0.295974 0.954598
-0.579811 0.777878 0.242334
0.955663 0.213237 0.203073
-0.334242 -0.934586 -0.121781
0.719975 -0.672187 -0.172631
-0.832591 0.541867 0.114769
-0.023973 0.379106 0.925043
0.953898 0.090769 -0.286077
-0.082855 0.53837 0.838626
-0.269773 -0.671473 0.690178
-0.473923 -0.880565 -0.001448
0.209322 -0.581705 0.786005
-0.201479 0.798724 0.566962
-0.661908 -0.430695 0.613498
-0.490129 0.268696 0.829202
0.081761 0.030877 0.996174
0.638897 0.132394 0.757814
0.132768 -0.145936 0.980345
-0.990499 -0.086337 0.107043
-0.322119 0.25649 0.911291
-0.512097 -0.491968 0.704077
0.370815 0.11561 0.921483
-0.083317 -0.88082 0.466062
0.839741 0.087478 0.535895
-0.704056 -0.682185 0.197307
0.744549 0.20582 0.635047
-0.087152 -0.696399 0.712343
-0.287713 -0.926682 0.241829
0.98732 -0.086535 0.133085
0.216253 -0.314149 0.924416
-0.197676 0.403682 0.893289
0.206083 -0.944361 0.256345
-0.798476 0.527742 0.289698
-0.428629 0.557467 0.710991
0.011963 -0.9996 0.02564
0.161597 -0.982271 -0.095026
0.640166 -0.360808 0.678237
0.65752 0.541629 0.523741
0.16518 -0.809103 0.563976
-0.365197 0.415871 0.832876
-0.164478 -0.985453 -0.042774
-0.905564 -0.25181 0.341387
0.619987 -0.065871 0.781842
-0.841916 0.367136 0.39546
0.014573 -0.581541 0.813387
0.706642 -0.184656 0.683051
-0.492814 0.868791 -0.048332
0.193694 0.902813 0.383942
-0.911579 0.390641 -0.128152
0.076231 0.856129 0.511109
-0.246283 -0.407762 0.879247
0.513407 0.053713 0.856463
0.872149 -0.221728 0.436111
0.327034 0.695127 0.640193
0.561021 -0.237404 0.793029
0.3957 0.555888 0.731034
0.37251 -0.866902 0.331237
0.036114 -0.977733 0.206722
-0.782746 -0.120584 0.610547
-0.487181 -0.855209 -0.176837
-0.512356 -0.724298 0.461393
-0.953853 -0.250575 0.16546
-0.355865 -0.768692 0.531481
-0.320449 -0.23739 0.917038
-0.609427 0.144022 0.779652
-0.708833 -0.273144 0.650345
0.698411 -0.47268 0.537396
-0.254431 -0.872721 0.416681
0.036724 0.654289 0.755352
0.839085 -0.539878 0.066849
0.153441 0.346053 0.925583
0.494518 0.234063 0.837058
-0.725132 -0.500525 0.472926
0.913742 0.404111 -0.042075
-0.141348 -0.981109 0.132081
0.613188 0.313527 0.725053
0.947177 -0.150494 0.283208
0.819492 -0.10692 0.563029
0.000834 -0.806378 0.5914
0.200348 0.174001 0.96415
0.83249 -0.491315 0.256067
-0.308173 0.687919 0.657113
-0.368862 0.784885 0.497892
-0.816013 0.402009 -0.415345
0.558935 -0.526686 0.640464
-0.831503 0.04037 0.554052
0.830341 0.498317 0.249426
-0.041665 -0.118938 0.992027
-0.349131 -0.530691 0.772318
0.391333 -0.565736 0.72581
0.420167 0.761025 0.494268
-0.314372 -0.947281 0.061883
0.215798 0.612431 0.760499
-0.586939 -0.589749 0.554706
-0.830316 -0.402754 0.385182
-0.894436 0.387028 0.224041
-0.618954 0.484668 0.618055
0.964351 0.041011 0.261431
0.263688 0.817386 0.512199
-0.90782 0.313802 -0.278194
-0.415595 -0.837345 0.355153
-0.781097 -0.551567 0.29268
0.186013 -0.979032 0.08304
-0.4351 -0.641446 0.63185
-0.719741 -0.600135 -0.349013
-0.886085 -0.409825 0.216556
-0.332883 0.942644 0.024722
-0.473612 0.659624 0.5836
-0.091641 0.884614 0.45723
0.967729 -0.242329 0.069124
0.024778 0.208374 0.977735
-0.150421 0.235712 0.960111
-0.923674 0.223995 0.310889
-0.613313 0.787292 0.063391
-0.74522 -0.646037 -0.165175
0.096425 0.507299 0.856359
0.917327 -0.395263 -0.047732
0.457025 -0.668108 0.587162
0.711443 0.383326 0.58899
-0.032953 0.779181 0.625932
-0.420798 0.850086 0.316674
-0.141626 0.677207 0.722034
-0.677138 0.651383 0.342323
-0.640178 -0.146916 0.754048
-0.525068 0.743422 0.41428
-0.067282 -0.435402 0.897718
-0.631404 0.710641 -0.310352
0.910059 0.16006 0.382327
-0.916675 0.056204 0.395662
-0.487376 -0.195634 0.850995
0.118712 -0.454244 0.882932
0.633424 -0.764187 0.121624
0.262138 -0.00356 0.965024
-0.568458 -0.772853 0.282053
-0.993909 -0.080902 -0.07483
-0.137314 0.951248 0.276175
0.221325 -0.879624 0.421042
0.735025 0.677861 -0.015552
-0.187988 -0.78974 0.583928
-0.464553 0.875153 0.135273
0.96264 -0.239817 -0.125747
-0.551398 -0.017753 0.834054
-0.440762 0.110898 0.890747
