180
-0.641184 -0.48353 0.595887
-0.834347 -0.450819 0.317219
-0.361347 -0.457178 0.81266
0.54961 -0.811723 0.197573
0.675072 0.214956 0.705742
-0.586051 -0.192322 0.787119
-0.935493 0.314957 0.160174
0.706576 0.601741 0.372368
-0.927191 -0.323356 -0.189095
0.952635 0.135572 0.272226
0.028073 -0.560917 0.827396
0.537523 0.718559 0.441295
-0.270212 0.645831 0.714065
-0.689579 0.582299 -0.430591
-0.036953 0.154229 0.987344
0.643135 0.75306 -0.138842
0.55575 -0.609228 0.565671
0.585675 -0.147191 0.79707
-0.428975 0.813662 0.392345
0.675891 -0.73395 0.066995
0.415401 -0.847898 0.329411
0.515759 0.844439 0.144618
-0.35352 -0.795954 -0.491407
-0.353612 -0.928069 -0.11682
0.112963 -0.824069 0.555113
-0.23483 0.188911 0.953503
0.770232 0.440241 0.461444
0.786718 -0.266319 0.55691
0.794301 0.257585 0.550214
0.11114 0.303936 0.946188
0.868688 -0.483756 -0.106592
-0.312084 0.02135 0.949815
0.800102 -0.53015 0.280675
-0.696412 0.327238 0.63869
0.786152 0.068407 0.614236
0.171406 0.985161 0.008785
-0.003476 -0.986452 -0.164015
0.699293 -0.579134 -0.419039
0.857612 -0.086695 0.506938
-0.631374 0.510128 0.584069
0.759366 0.626579 0.175389
-0.446385 -0.797479 0.405915
0.968987 -0.130916 -0.209585
0.960277 -0.2071 0.187021
0.98029 0.168398 -0.103309
-0.482135 -0.846339 0.2264
0.980253 -0.197634 -0.006656
-0.753748 -0.614864 0.231961
0.886655 0.103937 0.450599
0.69581 -0.676882 0.240164
-0.359028 0.742954 0.564906
-0.636233 0.760023 0.132564
0.540657 -0.417955 -0.730071
-0.821526 0.219941 0.526043
0.242841 0.725422 0.644043
-0.914765 0.102798 0.390689
0.293248 -0.292538 0.91018
-0.504034 -0.862731 0.040547
0.320545 0.576345 0.751716
0.478938 -0.311291 0.820802
-0.161454 0.771639 0.615228
-0.168138 0.520862 0.836919
0.424621 -0.744362 0.515385
0.207389 -0.975132 0.078148
-0.074833 0.33822 0.938087
0.835553 0.472872 0.279719
0.385951 -0.912245 0.137298
-0.42349 0.3056 0.852798
-0.927873 -0.308473 0.209516
-0.067697 -0.837651 0.541994
0.442263 0.840192 0.313817
0.046936 -0.868316 -0.493786
0.128902 0.623945 0.770764
-0.711927 -0.561926 0.421187
0.552286 0.341325 0.760577
0.734744 -0.115074 0.668513
-0.564451 -0.650307 0.508425
0.532353 -0.464164 0.707921
0.152786 0.113312 0.981742
0.964454 0.068133 -0.255318
0.23792 -0.933115 0.269612
-0.866168 -0.492881 -0.082588
0.308043 -0.914259 -0.263135
0.216951 -0.596657 0.772614
-0.480396 0.853651 0.201248
0.045262 0.765657 0.641655
-0.612148 -0.718907 0.329313
-0.366735 0.492253 0.789425
0.159385 0.847498 0.506304
-0.717256 -0.084327 0.691688
0.353506 -0.461181 0.813846
-0.35719 0.932017 0.061307
0.050122 -0.051655 0.997406
-0.648752 0.301167 -0.69887
-0.019661 -0.493423 -0.869567
0.047416 -0.975704 0.213902
0.771283 -0.634243 -0.053472
-0.479774 -0.560872 0.674715
0.072398 -0.713351 0.697058
-0.597558 0.733741 0.32334
0.500777 0.020177 0.865341
0.67216 0.403632 0.620711
-0.598606 0.023628 0.800695
-0.243951 0.858677 0.450734
0.123669 -0.940898 -0.315304
-0.538053 -0.387364 0.748631
0.481862 0.201545 0.852754
0.615365 0.572269 0.542064
-0.52345 0.852054 -0.001981
0.835863 -0.461824 -0.296733
-0.25519 0.363659 0.895896
0.745139 -0.622079 -0.240387
0.206282 0.454159 0.86671
0.896058 -0.377282 0.233964
-0.102213 -0.678074 0.727851
-0.459192 -0.085714 0.884192
-0.065613 0.655668 0.752193
-0.223448 -0.348349 0.910343
0.998279 -0.014496 -0.056821
-0.990218 0.026867 -0.136916
0.269942 -0.851106 0.450278
-0.448788 0.126745 0.884605
0.621776 0.736848 0.265424
0.878676 0.293881 0.376248
0.266909 -0.73061 0.628465
0.901331 0.08406 -0.424895
0.943091 -0.053748 0.328162
-0.334504 -0.938486 0.085739
-0.179929 0.97659 0.11789
0.77878 -0.407362 -0.47703
0.069123 0.933392 0.352138
-0.416646 -0.27816 0.865467
0.776269 0.629468 -0.034306
-0.133141 -0.010865 0.991038
0.567143 -0.728177 0.384846
-0.271169 -0.898884 -0.344201
0.830307 -0.548348 0.099526
0.385853 0.402261 0.830243
0.232199 -0.094965 0.968021
-0.298544 -0.618501 0.726862
-0.683187 0.448446 -0.576326
0.110119 0.92546 -0.362487
-0.825667 0.022569 0.563707
-0.540234 0.677381 0.499301
0.588086 -0.227692 -0.776087
-0.892437 0.287063 0.348067
0.721263 -0.128401 -0.680656
-0.305171 -0.91149 0.275783
0.435017 0.665909 0.606074
0.925302 -0.376539 0.045109
-0.688903 -0.299092 0.66027
0.078466 -0.916514 0.392232
-0.894416 0.236479 -0.379602
-0.462995 0.595898 0.656156
-0.083261 -0.206543 0.974888
-0.887201 -0.262369 0.379522
-0.397918 -0.715734 0.573922
-0.265585 -0.851346 0.45241
-0.273696 -0.166973 0.947212
-0.165477 -0.519933 0.838026
-0.144029 -0.973408 0.178136
0.297198 0.258214 0.919238
-0.807948 -0.191727 0.55719
0.807701 -0.406174 0.427366
-0.217949 -0.760415 0.611774
-0.188767 -0.962752 -0.193588
0.107496 -0.249676 0.962344
-0.028828 -0.390994 0.919942
0.407833 -0.140518 0.902179
0.658617 0.750317 0.056989
0.778543 0.383349 -0.496905
0.867138 0.482289 -0.124376
0.333487 0.068505 0.940262
0.64876 0.044432 0.759695
0.16444 -0.433909 0.885823
0.502911 0.513537 0.695241
0.983534 0.159115 0.085693
0.018963 -0.999461 0.026811
0.401399 -0.607975 0.685015
0.940818 0.338839 -0.007016
