-0.470217 -0.404728 0.784277
-0.960619 -0.012497 0.277588
-0.419046 0.587867 0.691963
0.029239 -0.840816 0.54053
0.882595 0.264975 0.388348
0.304613 -0.055242 0.950873
0.579982 -0.646938 0.495067
0.58068 -0.813091 0.041164
0.795859 -0.203414 0.57029
-0.609519 -0.04104 0.791709
0.165771 -0.965979 -0.198505
-0.411551 -0.896875 0.161988
0.527237 -0.444416 0.724235
0.984184 0.169611 0.051133
0.261239 -0.958754 0.112003
0.781073 -0.571389 0.251874
0.196403 0.42764 0.882355
-0.24391 0.683328 0.688164
0.652536 -0.68318 0.327813
-0.009152 -0.990541 -0.136914
-0.545447 0.622273 0.561484
-0.450194 0.886474 0.10719
0.467881 0.016348 0.88364
0.480189 -0.596101 0.643492
-0.060265 -0.997403 0.039428
0.873962 -0.247915 0.418005
0.121512 -0.992528 -0.01108
-0.926623 -0.083404 -0.366624
-0.197703 -0.263376 0.944218
-0.580103 -0.621544 0.526464
-0.698672 -0.582776 -0.415005
0.264289 0.893805 0.362305
0.694122 -0.703834 0.151039
0.09919 -0.316314 0.943455
-0.317365 0.215408 0.923514
-0.420958 -0.639019 0.643777
-0.028889 -0.195468 0.980285
0.159748 0.066221 0.984934
0.607236 0.196292 0.769892
0.79849 0.545811 0.253978
-0.416117 -0.822114 -0.388556
-0.157198 0.118347 0.98045
-0.949997 0.306552 -0.05943
-0.348987 0.840687 0.41407
-0.888839 -0.389613 -0.241179
-0.302997 -0.844377 0.441838
-0.940483 0.104184 -0.323478
0.361621 -0.520468 0.773526
0.419812 0.724077 0.547239
-0.159127 -0.067001 0.984982
0.076498 -0.754307 -0.65205
0.502289 -0.77528 0.382944
0.990538 0.067537 -0.119467
-0.867325 0.440188 0.232339
-0.764178 -0.306765 0.567386
-0.834617 0.064262 0.547069
-0.911287 0.119995 0.393899
0.80559 0.587127 -0.079415
-0.710803 -0.663619 0.233174
0.165878 -0.879654 0.445751
-0.189991 0.907549 0.37451
0.420933 -0.178789 0.889297
-0.732954 0.011487 0.680181
-0.096522 -0.970698 0.220068
-0.633345 0.668169 0.390415
0.037034 -0.937113 0.347056
0.139579 -0.125845 0.982182
-0.314235 -0.134458 0.939775
-0.87329 0.059361 -0.48357
0.338179 0.314461 0.886989
-0.735891 0.196439 0.647979
-0.362649 -0.93185 -0.011844
-0.147192 0.296373 0.943662
0.127242 -0.464242 -0.876521
0.94936 0.219461 0.224839
0.656768 0.341198 0.672487
0.881717 -0.443644 0.160481
0.924929 -0.287176 0.249071
-0.967335 0.14256 0.209616
0.048318 0.530674 0.846198
-0.216035 -0.647012 0.731235
-0.058609 0.864474 0.49925
0.175103 0.254228 0.951161
0.776768 -0.012952 0.629653
-0.378632 0.723688 0.576987
-0.075084 -0.381353 0.921375
-0.537004 -0.842546 0.041751
-0.321515 0.04202 0.945972
0.094151 0.79656 0.597183
-0.903936 0.284337 0.319456
0.784542 0.307543 0.538434
0.233152 -0.429847 0.87228
-0.234667 -0.966365 0.105214
-0.590109 -0.716934 0.371183
0.22377 0.579202 0.78387
0.805664 0.43318 0.404055
0.501179 0.350509 0.791179
-0.143894 -0.526522 0.837896
0.839378 -0.421004 0.343803
0.369113 0.474758 0.798974
-0.287731 -0.744213 0.602791
0.415329 -0.731091 0.541301
-0.274169 -0.920251 0.279231
-0.810518 0.407675 0.420549
-0.765504 0.554639 0.326158
-0.867898 -0.252239 0.427934
-0.221518 0.809089 0.544339
-0.61719 0.142527 0.773798
-0.898805 -0.071951 0.432404
-0.999404 0.005329 -0.034093
-0.687985 -0.472725 0.550643
0.181482 -0.591929 0.785293
0.144523 0.957304 0.250365
-0.719702 0.370051 0.587444
0.479008 0.868685 0.126243
-0.445245 -0.832978 0.328489
-0.606777 0.316949 0.728947
-0.393363 -0.27782 0.876403
-0.713941 0.699435 0.032853
0.565579 0.709071 0.421115
0.024829 0.366698 0.930009
-0.274683 -0.411688 0.868943
0.400155 -0.356754 0.844158
0.680172 0.683814 0.264129
0.393113 -0.885551 0.247511
-0.760749 -0.64214 -0.094427
-0.450634 0.435493 0.779278
0.685724 0.725022 -0.064228
-0.977644 0.146565 -0.150768
0.739504 0.167351 0.652018
-0.941439 0.310088 0.132429
-0.338511 0.907551 0.248518
-0.593514 0.793365 0.135328
0.562649 0.605598 0.562741
-0.291713 0.954142 0.0672
0.316692 0.129905 0.939591
-0.448507 -0.744903 0.493924
-0.349467 -0.536532 0.768119
-0.687282 0.68931 0.229118
0.539414 0.486485 0.687288
0.264633 -0.251039 0.931101
-0.809682 -0.127295 0.572897
-0.199709 -0.97639 -0.082338
-0 -0 1
0.401746 0.608774 0.684101
0.846633 0.127064 0.516786
-0.830685 0.247278 0.498815
-0.468987 -0.08804 0.878806
0.692736 -0.155927 0.704134
-0.493351 0.748715 0.442754
-0.470483 0.269834 0.84014
0.339394 -0.844244 0.414807
-0.890221 0.454241 0.034236
-0.125888 -0.911056 0.392592
-0.276645 0.540139 0.794806
-0.712452 -0.578356 0.397388
-0.6326 -0.767299 -0.10521
-0.302336 0.382854 0.872935
-0.54174 -0.512502 0.666228
-0.075878 -0.739287 0.669102
0.109705 -0.728476 0.67623
0.058199 -0.486118 0.871953
0.26377 0.811577 0.521314
0.566119 -0.106989 0.817351
-0.688776 0.525744 0.49918
-0.89561 -0.358166 0.263817
0.306351 -0.66504 0.681081
-0.21972 0.933783 -0.282441
-0.632602 -0.355309 0.688164
-0.080186 0.982552 -0.167813
0.688282 0.469489 0.553036
-0.146427 -0.829026 0.539698
-0.024299 0.947022 0.320249
-0.810115 0.582568 -0.065794
-0.575881 -0.791032 0.206467
0.6387 -0.498585 0.586068
-0.006484 -0.624785 0.78077
-0.676992 0.334048 -0.655816
-0.897609 -0.430767 0.093478
-0.477675 0.09453 0.873436
0.93833 0.339066 0.067605
-0.694491 -0.179234 0.69682
0.104567 0.89252 0.438718
0.250347 0.706252 0.66222
-0.805787 -0.422007 0.415473
-0.960194 -0.258059 0.106929
0.237251 -0.78539 0.571729
0.723138 -0.54228 0.427789
-0.428107 0.9008 -0.072695
-0.506149 0.814315 0.284085
0.073858 0.675768 0.733404
0.551249 -0.806246 0.214689
0.556156 -0.280255 0.782398
0.009152 0.188482 0.982034
0.977998 0.039193 0.2049
-0.803782 0.579555 0.134354
-0.94348 -0.188102 0.272878
0.467731 0.184696 0.864358
0.86331 0.498037 0.081579
0.648102 0.032118 0.760876
-0.817858 -0.518155 0.250245
-0.582328 0.478366 0.657313
0.535848 0.800359 0.268873
-0.099563 0.618117 0.779755
0.771846 -0.38108 0.508952
-0.987028 0.154916 0.04216
-0.554199 -0.231658 0.799499
-0.337104 -0.918151 -0.208229
