0.643319 -0.226017 0.731476
0.062921 0.821594 0.566589
-0.820731 0.369712 0.435562
-0.369135 -0.854648 0.365125
-0.461397 0.822099 0.333564
-0.153475 -0.96314 0.220922
-0.176881 -0.770724 0.612125
0.262203 -0.934983 0.238864
0.436965 -0.023846 0.899162
-0.076836 -0.294676 0.952503
0.922463 -0.01121 0.385922
-0.327424 0.28814 0.899871
-0.091134 0.771183 0.630057
0.217615 0.843477 0.491111
0.845368 0.478687 0.237089
-0.919728 0.377527 0.107584
-0.623287 -0.450316 -0.639319
0.766053 0.036275 0.641753
0.768653 -0.41495 0.486815
0.865566 -0.500785 0.003207
-0.224986 0.689891 0.688064
-0.973448 -0.068357 0.218462
0.449602 -0.463323 0.763669
0.995466 0.074386 -0.059274
0.227385 -0.372764 0.899635
0.891951 0.33156 0.307395
0.702945 0.517579 0.487831
0.630518 0.658222 0.411329
-0.225447 -0.240989 0.94398
-0.071941 0.8713 0.485449
-0.950317 0.232392 0.207103
0.851964 -0.495316 0.169764
-0.023907 0.171471 0.984899
0.891487 -0.161057 0.423452
-0.011588 -0.808614 0.588226
0.372587 0.46037 0.805754
0.047385 -0.178222 0.982849
-0.761486 -0.480926 0.434568
-0.773817 0.623699 -0.110489
0.014419 -0.999892 0.002987
-0.887486 0.37347 0.26998
-0.441504 0.174067 0.880213
0.085263 0.430463 0.898572
-0.141214 -0.988268 0.058174
-0.58872 -0.689653 0.421647
0.266524 -0.722487 0.637948
-0.132787 -0.565118 0.814254
0.442215 0.648619 0.619467
-0.339451 -0.750773 -0.566668
0.517222 -0.297701 0.802406
0.218698 -0.888317 0.403811
-0.219855 0.809271 0.544743
-0.297884 0.118427 0.947228
0.108313 0.958632 0.263234
0.580763 0.59053 0.560346
0.075255 -0.339438 0.937613
-0.483972 0.479569 0.731973
0.409122 -0.894746 0.179023
-0.422664 -0.899748 -0.108667
0.289242 0.060601 0.955336
0.588392 -0.405176 0.699733
-0.852444 -0.044261 0.520942
-0.354113 0.591004 0.724788
0.424622 0.143804 0.893877
0.270516 0.944676 0.185493
-0.696957 0.609851 0.37727
-0.561194 0.825993 0.052887
0.620669 -0.694117 0.364652
-0.480387 0.614898 0.625403
0.768097 0.204258 0.606881
0.373617 -0.861112 0.344814
-0.20342 0.393805 0.896403
-0.608911 0.493995 0.620642
0.90768 -0.353476 0.226213
0.294279 -0.502496 0.812956
0.040744 0.714037 0.698921
-0.427853 -0.902226 0.054127
-0.589586 0.719493 0.36704
0.740841 0.36975 0.56075
0.029893 -0.986078 -0.163573
-0.733861 0.639048 0.230359
0.528139 0.780578 0.334316
0.962387 0.073514 0.261546
-0.802446 0.498281 0.328324
0.992023 0.075296 0.101095
-0.987709 0.081235 0.133539
-0.996486 0.07737 -0.032072
-0.501788 -0.647739 0.573274
-0.184039 -0.411072 0.892832
-0.965892 -0.227116 0.124382
-0.724167 0.366349 0.584269
-0.583378 0.209884 0.784614
0.30082 -0.099628 0.948463
0.404264 0.874718 0.26728
0.402727 -0.202399 0.892662
0.403009 0.30569 0.862634
-0.89828 0.238167 0.369283
0.547076 -0.829026 0.115862
-0.680918 -0.431415 0.591804
0.2121 -0.226392 0.950663
-0.091106 0.639148 0.763669
-0.817075 0.231523 0.528002
0.669903 0.131965 0.730627
0.748167 0.575848 0.329614
-0.276841 -0.823075 0.49589
0.162698 -0.816655 0.553719
0.919769 0.368433 0.135211
0.486208 0.519007 0.703018
-0.177595 0.231272 0.956542
0.516855 -0.560541 0.647035
0.911429 0.175549 0.372129
0.029336 -0.606665 0.794416
-0.88636 0.098256 0.452451
0.523667 0.373952 0.765462
-0.353295 0.721341 0.595692
-0.934365 -0.219348 0.280799
-0.453331 0.874993 0.169935
-0.219582 0.547699 0.807347
0.746443 -0.607182 0.272312
-0.047982 0.335627 0.940772
0.218859 0.513269 0.829853
-0.634439 -0.061761 0.770502
-0.290739 -0.511061 0.80888
0.082766 0.904623 0.418099
-0.398626 -0.590267 0.701913
-0.972178 0.229922 0.044795
-0.239145 -0.650903 0.72051
0.108895 -0.949508 0.294238
-0.560442 -0.828038 -0.016077
-0.713678 -0.608196 0.347509
0.181254 0.643502 0.743675
-0.860485 -0.505292 -0.065157
0.427851 -0.694029 0.579023
-0.879208 -0.20625 0.429481
-0.518424 -0.793741 0.318139
-0.00217 -0.985012 0.17247
0.196711 -0.623628 0.756566
-0.348712 0.444971 0.824864
-0.792377 0.08379 0.60425
-0.972773 -0.228818 -0.036812
0.132617 0.114003 0.984589
-0.028833 -0.459979 0.887461
0.16708 -0.984518 -0.052987
-0.049551 -0.938031 0.342991
0.365231 -0.606639 0.706113
0.343188 -0.827252 -0.444833
-0.44247 -0.760096 0.475893
0.653498 -0.72773 0.208207
0.781387 -0.621543 -0.05585
0.761002 0.624 -0.177481
0.777558 0.628772 -0.006972
0.968114 -0.21953 0.120672
-0.075068 0.489951 0.868512
-0.800945 -0.187737 0.568544
0.55114 0.815116 0.178413
0.271419 0.217759 0.937503
-0.613616 -0.21438 0.759945
0.926638 0.374568 -0.032269
0.855284 0.507445 -0.104829
-0.4092 -0.885531 0.219979
0.817223 -0.471708 0.331118
-0.862206 -0.360057 0.356314
0.056668 -0.888857 0.454666
0.856336 0.102062 0.506233
0.330379 0.609769 0.720438
0.474501 -0.732442 -0.488239
-0.547711 -0.518746 0.656441
-0.951027 0.088781 0.296085
-0.907448 -0.37105 0.19713
-0.471639 0.331687 0.817032
0.938359 -0.198858 0.282734
0.325975 -0.802855 0.499164
0.841905 -0.060171 0.536261
0.147242 -0.981761 0.120272
0.822135 0.499684 -0.272782
-0.109449 -0.123179 0.986331
0.544204 -0.128947 0.828984
0.560545 0.050967 0.826554
-0.674078 0.73706 -0.048595
0.596467 -0.618562 -0.511477
-0.368597 -0.181423 0.911714
-0.051608 0.943521 0.327268
0.292984 -0.953945 0.06442
-0.478235 -0.28736 0.829889
-0.201874 0.898916 0.38884
0.656486 0.295137 0.694205
0.677781 -0.72652 -0.113053
0.519522 -0.807227 0.280144
0.375484 0.826186 0.420035
0.585263 -0.779111 -0.224619
0.493898 0.724047 0.481478
-0.542566 0.055565 0.838173
0.200441 0.748815 0.631743
-0.744776 -0.076086 0.662963
0.976419 -0.070363 0.204096
-0.705722 -0.275436 0.652757
0.664735 -0.048309 0.745516
-0.71927 0.49399 0.488492
-0.183018 0.957663 0.222228
-0.403558 -0.000715 0.914954
0.151504 -0.053708 0.986996
0.661275 0.705772 0.254168
0.431897 -0.901904 0.005881
0.928663 -0.365816 0.061349
-0.67286 -0.73549 0.079465
-0.807449 -0.431095 -0.40272
0.706374 -0.562876 0.429193
-0.334497 -0.352761 0.873883
-0 -0 1
0.809711 -0.249671 0.531067
-0.711357 0.228963 0.664491
-0.128683 -0.986266 -0.103535
0.372706 -0.350586 0.859174
-0.260088 -0.063436 0.963499
-0.642416 -0.568772 0.513615
-0.343841 -0.716085 0.60745
0.574907 -0.637903 0.512408
0.094325 -0.725941 0.681258
-0.326942 0.902475 0.280443
0.247711 0.369725 0.895513
-0.441382 -0.447004 0.778055
0.052555 0.574742 0.816645
0.751771 -0.145565 0.643157
0.647022 0.720716 -0.248858
-0.227629 -0.910308 0.345724
0.676855 0.730621 0.089778
0.864377 -0.323858 0.384666
0.953977 0.222847 0.200667
-0.604844 0.357094 0.711792
-0.840786 0.514143 0.169517
-0.285286 -0.958187 -0.022149
0.772747 0.613126 0.16413
-0.288435 -0.945913 0.148508
0.111136 0.275855 0.954753
-0.791648 -0.340295 0.507437
0.652415 -0.495063 0.573819
-0.150871 0.057813 0.986861
-0.504045 -0.118018 0.855576
0.837495 0.277836 0.470542
-0.925961 -0.05763 0.373195
0.546935 0.21846 0.808169
-0.314201 0.942832 0.11111
-0.119027 -0.870589 0.477397
-0.549057 -0.822023 0.151044
0.479719 -0.761561 0.43577
-0.581783 -0.374312 0.722093
-0.681657 0.084275 0.726802
0.708424 -0.331665 0.623004
0.128807 -0.497305 0.85796
-0.07348 -0.698357 0.711968
0.246593 0.906699 0.342182
