0.422226 0.425328 0.800513
0.876266 -0.41569 0.243637
-0.139483 0.1143 0.983606
-0.419246 0.190592 0.887641
-0.237501 -0.400699 0.884892
0.591757 -0.065414 0.803458
-0.376035 -0.294353 0.878609
0.593138 0.136647 0.79342
0.869216 -0.408194 -0.279
-0.640243 -0.226781 0.733934
-0.933207 -0.234945 0.271893
-0.210968 -0.702611 0.679581
0.974595 0.205208 0.089743
0.10838 -0.291277 0.95048
-0.177274 -0.061613 0.982231
-0.728619 0.356849 0.584613
0.405199 -0.803014 0.437015
-0.634574 -0.761102 0.134309
0.941158 0.01645 0.337565
0.780028 -0.515838 0.354213
0.872403 0.00939 0.488698
-0.605258 -0.669635 0.43041
-0.258016 0.904952 0.338364
0.222375 -0.835885 0.501842
-0.019899 -0.749647 0.661539
0.370184 0.908967 0.191685
0.914221 -0.258949 0.31168
0.95161 -0.274953 0.137256
-0.526949 -0.50506 -0.683549
0.148861 0.98184 -0.117601
0.717761 -0.688572 -0.103378
0.668356 0.406503 0.622942
-0.411608 -0.911167 -0.018811
0.45556 -0.846579 0.275262
-0.933169 -0.359031 -0.017077
0.917474 0.34081 0.205159
-0.382147 -0.873197 0.302473
-0.737931 -0.096032 0.668008
0.121574 0.374656 0.919159
0.338751 0.13922 0.930519
0.311135 0.330355 0.891101
0.78701 -0.258628 0.560113
-0.291405 0.535498 0.792669
-0.466167 -0.819996 -0.332105
-0.978673 -0.067614 0.193978
-0.971159 -0.219172 0.093885
0.818516 0.487295 0.304262
0.040127 -0.846085 0.531536
-0.057062 0.922358 0.3821
0.034536 0.177952 0.983433
-0.208711 0.411526 0.887179
0.998351 0.054393 -0.018376
-0.806541 0.05414 0.588693
-0.377658 -0.617519 0.68996
-0.942683 0.259894 0.209292
-0.741457 -0.541535 0.39621
-0.271942 -0.856888 0.437939
0.193027 0.640898 0.74296
0.46572 0.65425 0.595871
-0.812198 0.384195 0.439008
-0.391067 -0.46114 0.796503
-0.477408 -0.86486 0.155235
0.213487 -0.529235 0.821178
-0.852064 -0.398846 0.338981
-0.355032 0.934828 -0.007032
0.248417 0.487582 0.83699
-0.862489 -0.502678 0.058541
0.900854 -0.429177 0.065337
0.881244 0.177242 0.438172
-0.811143 0.215145 0.543838
-0.862995 -0.25504 0.436113
0.722758 -0.686 0.08381
0.784951 0.61716 0.054454
0.667912 -0.350652 0.656458
-0.682329 0.511602 0.522198
-0.209789 -0.935268 0.285067
0.864103 0.485579 0.132434
-0.614993 0.650665 0.445442
-0.345907 -0.119312 0.930652
0.288121 -0.212294 0.933765
0.530089 -0.426325 0.732975
0.863409 0.336756 0.37566
-0.550715 -0.780544 0.295743
0.297377 0.72098 0.625903
-0.064832 -0.338205 0.938837
0.621096 0.733833 0.275188
0.619099 0.565574 0.544833
-0.077831 -0.631237 0.771675
0.657664 -0.605063 0.448751
0.416514 -0.321551 0.850365
-0.524274 -0.509695 0.682164
0.025415 -0.995239 0.094088
-0.463722 0.712205 0.526997
-0 -0 1
-0.199735 0.674884 0.710378
0.320631 -0.040143 0.946353
-0.894061 0.072533 0.442035
0.726374 -0.447889 0.521321
0.986157 0.04382 0.15992
-0.200723 0.97825 -0.052324
0.451673 -0.145037 0.880316
-0.586519 0.786934 0.19165
0.78723 0.296565 0.540665
0.377798 -0.485485 0.788399
0.605542 -0.773329 0.187834
0.883993 -0.155534 0.440869
0.030443 0.964745 -0.261421
0.691874 0.230613 0.684199
-0.14989 -0.81602 0.558251
0.811596 -0.559539 0.168014
0.694296 0.664225 -0.277053
-0.379207 0.636435 0.67168
-0.523654 -0.349313 0.777024
0.527041 0.83336 0.166551
-0.899133 0.423757 0.109494
-0.500734 -0.177069 0.847297
0.363841 0.58118 0.727908
-0.415361 0.872245 0.258194
0.205175 0.955848 0.210375
-0.815316 -0.531678 0.229301
0.944319 0.184063 0.272731
0.928039 0.084144 -0.362855
0.073402 -0.460389 0.884677
0.143301 -0.12071 0.98229
-0.654077 -0.387611 0.64957
0.793832 0.122062 0.595762
-0.600335 0.424154 0.678005
0.151916 -0.962375 0.225292
-0.682563 0.67407 0.282379
-0.367829 0.82163 0.43546
0.174305 0.051286 0.983355
-0.747759 -0.625767 -0.221973
-0.893669 0.2404 0.378899
0.487849 -0.867308 0.098896
-0.088549 0.777797 0.622246
-0.082639 0.28816 0.95401
-0.114578 0.565593 0.816687
-0.610498 0.792001 0.005047
0.389115 0.781882 0.487083
0.089359 -0.631809 0.769956
0.567182 -0.738416 0.364755
-0.287651 0.946439 0.146665
0.991646 -0.113186 0.06186
0.279688 -0.642762 0.713184
0.671218 0.736364 0.085055
0.300573 0.884239 0.357459
-0.642068 -0.536436 0.547709
-0.805689 0.559463 0.194591
-0.245165 -0.559497 0.791743
-0.096446 0.992354 0.07702
0.326517 -0.927171 0.183686
0.001983 -0.675319 -0.737523
0.190527 0.226673 0.955154
0.691141 -0.174369 0.70137
-0.278965 0.895038 -0.347973
0.6938 0.6059 0.389265
-0.453551 0.485275 0.747529
0.70358 -0.655521 0.274348
0.214018 0.833824 0.508856
0.462113 0.238821 0.854059
-0.210867 -0.234274 0.949026
0.345657 -0.734437 0.584058
-0.032484 0.436423 0.899155
-0.140387 0.961954 0.234384
0.082069 0.99504 0.056217
-0.541018 0.579042 0.609926
0.034517 0.973618 0.225557
0.822465 -0.568596 -0.015811
-0.087505 -0.495172 0.864377
0.317275 0.938301 -0.137576
0.793699 -0.084223 0.602452
-0.848151 -0.103318 0.519582
0.96369 -0.116922 0.240064
-0.752659 -0.650039 0.104657
0.703693 0.02759 0.709968
0.567757 0.333181 0.752756
0.564431 -0.254809 0.785169
0.250961 -0.37652 0.891768
-0.955293 0.090143 0.281583
-0.698772 0.079745 0.710886
0.125859 0.918608 0.374593
0.446977 -0.595014 0.667959
-0.56698 0.134082 0.812746
-0.089019 -0.904365 0.417372
0.75376 0.458001 0.471255
-0.465305 0.005034 0.885136
0.96166 -0.271813 -0.036449
-0.525881 0.772152 0.356693
-0.449719 -0.777267 0.440011
0.098302 -0.917551 0.385275
0.765252 0.403448 -0.501617
-0.286253 0.760385 0.582988
-0.33558 -0.751092 0.568548
-0.257851 0.242518 0.935253
-0.988166 0.10431 0.11246
0.158498 -0.749199 0.643101
-0.529313 0.308496 0.790353
-0.474992 0.874757 0.095826
0.596555 -0.528986 0.603569
-0.308012 0.06135 0.949402
-0.373718 0.365565 0.852465
-0.911067 -0.37573 0.169659
0.551956 0.705525 0.444498
-0.251602 -0.967086 -0.037957
-0.674736 0.243261 0.696818
0.17533 -0.854342 -0.489243
0.511812 -0.679693 0.525419
0.832906 -0.355367 0.424243
0.560924 0.827865 -0.0018
0.080928 0.546873 0.833295
-0.608787 -0.051492 0.791661
-0.764164 -0.253996 0.592907
-0.498431 -0.654402 0.568616
-0.758917 0.539172 0.365156
0.112433 0.761429 0.638423
0.474006 0.041206 0.879557
-0.033537 -0.172182 0.984494
0.027714 0.855279 0.517427
