-0.9009575108 -0.1527454165 -0.4061334774
0.1312099176 0.09851333457 -0.9864477079
0.5814422738 0.4584276378 0.6721376222
-0.9984643267 0.0540884903 0.01197595797
0.9395065401 -0.2733274448 -0.2064450749
-0.8496976476 0.3770675305 -0.3685566241
-0.6622564779 0.3681668681 0.6525867871
0.2118649826 -0.7173233625 0.6637472581
0.8767198416 0.2969243985 -0.3784154079
0.78523425 -0.5943529539 0.1736425602
0.6347286568 -0.05213608692 0.7709742931
0.6482845449 -0.7606565927 -0.03359608288
0.05852967268 0.4363542919 -0.8978692607
0.5855317771 0.2023388175 -0.7849914273
0.1593052709 -0.9763827721 -0.145940101
0.9679923465 0.2293661619 -0.1018920062
-0.555574789 0.7933999563 -0.2487029616
-0.326971845 -0.3048724668 0.894506675
0.08422230781 0.619728151 0.780284321
0.3771653558 0.673596135 0.635621382
0.6709814909 0.7340193447 -0.1048782174
0.402272143 -0.775439517 -0.4866936188
-0.444616823 0.2957085319 0.8455012388
0.1170634211 0.9531306343 0.2789948915
0.4421801201 -0.5657602931 -0.6959827815
0.2798855973 0.794647945 -0.5387009336
-0.2059369797 0.4754181769 0.8553172029
0.783762294 0.4234994504 0.4542740165
0.8294986687 -0.1004262474 0.5494056128
-0.3267160648 -0.4521303764 -0.8299606832
-0.5415681137 -0.6502620848 0.5327881373
-0.1264794306 -0.8182302913 -0.5608049073
-0.1130864934 -0.07370711385 -0.9908474688
-0.3549605206 0.9318171863 -0.07562909598
-0.1397532195 0.2228886699 -0.9647744184
0.09136581053 0.9956924734 -0.01577298304
0.1911418162 0.9372966693 -0.2914442655
-0.8420609249 0.1769444853 0.5095331666
0.6437304307 -0.08980252925 -0.7599648929
-0.6046823102 -0.6625405831 -0.4420399071
0.7975418565 -0.451988288 -0.3995417059
0.3161479267 -0.8516977972 0.4179250539
0.8601127579 0.5058244627 -0.06593676284
-0.1873127899 0.1969303873 0.9623576992
0.4768453287 -0.3103496463 0.8223756012
-0.6647864964 0.5983871681 -0.4472043282
0.7335829394 0.2021658225 0.6488336083
-0.008351726826 0.8648539778 -0.5019540275
-0.9363881924 0.3405649109 -0.08480975558
0.7762707315 0.5955857425 0.2065947114
-0.3782721233 0.04725935229 -0.9244872927
0.9249396124 0.3384188003 0.1730879228
0.6953267986 -0.3569995431 0.6237563382
-0.5026412993 -0.2105973568 -0.8384512374
-0.6973884411 -0.4023803603 0.5930762244
0.3520388383 0.5637557972 -0.7471599945
0.3720641793 0.8426869172 0.3891619278
-0.8348093081 0.5382318222 0.1157580435
-0.1326980493 0.8922719314 0.4315576765
0.3809233976 0.9239449137 -0.03497372888
0.4714792202 -0.569446161 0.6733783592
-0.4343407153 0.8765868616 0.2072284178
-0.1062456608 0.965431561 -0.2380205044
0.4049106752 0.002335043135 -0.9143532647
-0.1799862093 0.713802132 0.6768245569
-0.952807919 -0.009118382215 0.3034368545
-0.7521122046 -0.5656511414 0.3381804518
0.9540545489 -0.1120160943 0.277907021
-0.6407830602 0.6954305917 0.3252281691
-0.7971539104 -0.10615608 0.5943707006
-0.5679106264 -0.8061148986 -0.1663018062
0.2323877465 -0.4808431574 0.8454500537
-0.4694361234 -0.8289034888 0.3042182314
-0.07791448554 -0.6813963125 0.7277557271
-0.0601005912 -0.3616249824 -0.9303844856
