-0.5408565405 -0.7501697534 -0.3804202199
0.5997052538 -0.4603998618 0.6545117079
-0.9113438926 -0.4113649203 -0.01520564688
0.3844856733 0.4340751746 -0.814708236
-0.1311920194 -0.2088283694 0.9691126695
-0.9385842387 -0.139580104 -0.3155582696
-0.1971109799 0.3732579521 -0.9065460621
-0.9083183206 -0.1496248615 0.3906023927
0.4680802016 0.07708510001 -0.8803174497
0.0442709033 -0.9841121008 -0.1719402806
0.506381354 -0.2872549215 -0.8130575222
-0.5331289861 -0.6457081524 0.54665754
0.7461945271 -0.04418393891 -0.6642601202
0.9533469595 -0.2240977767 0.2022616158
0.1210685446 0.3540402587 0.9273607188
-0.7812183283 0.5261362732 -0.3359740251
0.5029668198 -0.7643872856 0.4034060681
-0.3520991371 -0.9303309846 -0.1025205185
-0.8633925725 0.5038292518 0.02663363864
-0.144159647 0.8895655506 -0.4334641016
0.206418171 -0.5067610066 -0.8370094509
-0.7999419206 -0.5016362931 0.329323478
0.2890656447 -0.6626759637 0.6908701906
0.1234432599 -0.7863507624 -0.6053216005
0.7515841988 0.1766444915 0.6355453688
-0.4587730105 -0.2105881545 -0.8632380633
-0.933838008 0.2324664759 0.2718564187
-0.8182214298 0.1788063734 -0.5463899456
0.7394908684 -0.3966154258 -0.5439204534
-0.1828382755 0.009018934906 -0.9831016345
-0.9976798488 -0.0535823742 0.04199819694
-0.6976641783 -0.7150480404 -0.04439587944
0.7979114949 0.4811800848 0.3630467907
-0.07400712417 -0.6347354367 0.7691773989
0.3623198886 -0.8712265463 -0.3311926983
-0.1932548119 0.1584345212 0.9682722139
0.4669105329 -0.6422730942 -0.6078485228
-0.4987768679 0.1601528953 -0.8518055448
-0.2325419965 -0.6470031366 -0.7261619387
-0.2198838062 -0.8405336198 0.4951306349
0.2972443419 -0.9496279139 0.09926039714
0.6953317331 0.3240929843 -0.6414651342
-0.1956009578 -0.8781974147 -0.4364740155
0.5670962407 0.4996431139 0.6547966192
-0.6763829751 0.6721001801 0.3013095069
0.4854419849 0.8423827358 -0.2339602654
0.1031856289 0.9800139256 -0.1700747826
-0.6249020427 0.7789852917 -0.05176246015
