0.8781945599 0.2023309636 0.4334010799
-0.01329579921 -0.6899043247 -0.7237784498
0.2916353901 -0.739378404 0.6068511967
0.4169666428 -0.9079299618 0.04245000916
-0.1126329742 0.5268306695 -0.8424744856
0.973859361 -0.07139072173 0.2156416236
-0.0590427762 -0.8222054179 0.5661203065
-0.6418910789 -0.734470947 -0.220291332
-0.2533600076 0.8364993124 0.4858781812
0.1013796441 0.8936976356 0.4370660178
-0.7681020851 -0.3761197057 0.5182211438
-0.432970635 -0.02299954864 0.9011145598
0.1606964735 0.2726380568 -0.9486016727
0.7149572146 -0.4828362531 0.5056731493
-0.8716627641 -0.4574842001 -0.1758187483
-0.2588919077 0.2105080494 -0.9426883585
-0.5455562263 0.7913466675 0.2759327015
-0.9750915834 0.1793167362 0.1305446745
0.1827247515 -0.9301906724 0.3183661071
0.8348871388 -0.4952579962 -0.2401728182
-0.5173036187 -0.3539311122 0.7791853014
-0.6994791913 -0.510782816 -0.4998297468
0.3431676841 0.8729856596 -0.3466006041
0.5452957658 -0.7622604254 0.3487285072
0.5762736254 -0.2819492443 -0.7670810468
0.3556357707 0.1384866083 0.9243076641
-0.5815039383 0.1188091549 -0.8048214426
0.7250749506 0.05325108647 -0.6866080671
-0.01213530785 -0.04923579494 -0.9987134578
0.6350018251 -0.5556977179 -0.5366309053
0.4592171908 -0.4574291024 0.7614973328
-0.4140569281 -0.4908572221 -0.7665611833
0.5248431512 0.6419361344 -0.5589791284
0.8859292022 -0.4223714183 0.1916555078
0.1021612452 0.9895245924 -0.1020007891
0.6227992662 0.7697345579 -0.1401063323
0.8258135624 -0.248857174 -0.5060652795
-0.8510739922 -0.4915185417 0.1846146881
0.981776473 0.1858134714 -0.03985361769
-0.4249648242 -0.7474698514 -0.5105817461
-0.0976447745 -0.3931133957 -0.91429063
-0.8292539525 0.1405084022 -0.5409207623
-0.2495544176 0.2889588723 0.9242431297
-0.3343496019 0.5875985279 0.7368434798
0.3390589943 0.9261593381 0.1651298849
0.9214386389 0.07768304647 -0.3806785771
-0.2386210402 -0.585896985 0.7744576955
-0.1334945111 0.9757857959 0.1732665463
0.7136829088 -0.6996561022 0.03373491233
0.6567367594 0.225534613 0.7196047298
