-0.4457400737 -0.124976953 -0.8863952549
0.6770210986 0.4938227739 -0.5456935954
0.08445271075 0.8579192447 -0.5067961219
-0.7546925888 -0.01984782446 0.655778286
0.7365208912 -0.5035112914 -0.451678377
-0.9082768052 -0.3460549835 -0.235115277
0.7958947542 -0.4593151457 0.3944377482
0.910232437 0.4120337332 -0.04129301748
0.3613347695 0.8028274917 -0.4742417137
-0.8426781668 0.5244578327 -0.121809232
0.7454125935 0.6545732988 -0.1260708611
0.1787158613 -0.7884808607 0.5885223643
0.3698111963 -0.3479525716 -0.8614921283
-0.9005929711 0.1951938913 -0.3883704998
-0.1329835591 -0.456415045 0.8797730842
-0.8144238282 0.5508210587 0.1825102446
0.2930091323 0.6382106287 0.7119219352
-0.9846189693 0.1191806077 -0.1277555011
0.1890733939 0.2253213385 0.9557622854
0.6573757087 0.2182544341 0.7212642925
-0.6062498296 -0.7046229154 0.368737971
-0.3135193259 -0.9488660387 -0.03686289284
0.4028793524 0.3813510598 -0.8320213919
0.1141544822 0.9528263834 0.2812305766
-0.2356681318 -0.1864790151 0.9537746634
0.2336625044 -0.9693369128 0.07607748377
0.8998329414 -0.2789203944 -0.3354162953
0.7686891632 -0.2553846989 -0.586426147
0.8257266752 0.2503319849 -0.5054793321
-0.03493280998 -0.9993139175 -0.01230419074
-0.588355406 0.1727718005 0.7899289976
0.01633239652 0.717979833 0.6958722672
-0.2625389315 -0.9340011892 0.2423119642
0.8198074401 0.005522545977 0.5726126637
0.01066915545 -0.02797905286 -0.9995515703
-0.6860844634 0.727521584 0.0006737878554
0.5769872803 -0.4382623232 -0.6892110087
-0.282322395 0.8946915973 -0.3461517168
-0.2638272996 0.4012090921 -0.8771695505
0.6702772571 -0.6871860596 0.2801851498
0.9866182093 -0.06231414488 -0.1506700251
0.1117342863 0.4844434455 0.8676577651
-0.9083113079 0.007207091835 0.4182327412
-0.9417971058 -0.07914455614 -0.326732843
-0.5195188792 0.6682489494 0.5324880053
0.283445336 -0.09365578752 -0.954404178
-0.1618051433 0.9632985618 0.2141844451
-0.07906652226 0.876379671 0.4750864735
-0.9424169318 0.3291986301 0.05897956117
0.3621095444 -0.6069013341 0.7074937799
0.6092901428 -0.744186514 -0.2737735455
-0.9879069078 -0.150368524 -0.03780540265
0.5131994872 0.8466332028 -0.1408492322
0.7318028095 0.5376066865 0.4188599988
-0.3020939417 0.1201550167 -0.9456754318
-0.5956211652 -0.79334639 -0.1258448767
0.8330893721 0.4574217519 -0.3110103519
0.1734175204 0.6814577501 -0.7110145558
0.2610132382 -0.7273949573 -0.6346405798
0.3859386564 0.8721312426 0.3007298609
0.5815917394 0.483758141 0.6540100226
-0.04107370471 0.2496041413 -0.9674764718
0.4756444969 -0.7362463114 0.481356086
0.630275119 -0.05965743154 0.7740763949
0.3803073652 0.3974534774 0.8351030124
-0.08973582788 0.6077957782 -0.7890068271
0.8212761704 0.2795514672 0.4973494034
-0.6096947295 0.516304255 -0.6014168713
0.5223326551 -0.3220821325 0.7895769103
0.3501659145 -0.849731396 -0.3941324485
0.1638630305 -0.5403951161 -0.8253011728
-0.4860755593 0.8607765993 -0.1509774712
-0.7935948185 -0.5905279986 -0.1465740323
-0.2089082458 -0.8289750998 -0.5188040369
-0.0191623639 0.9642056317 -0.2644622914
-0.423056018 0.8976247546 0.1236665094
-0.4426897632 -0.6052438109 0.6615933063
0.6395423706 0.2718196673 -0.7190963946
0.4828193124 0.7097957924 0.5129088073
-0.4895452647 -0.08194663645 0.8681187606
-0.08568829578 0.2977090931 0.9508032456
-0.9487354123 -0.2084302373 0.2376088246
0.7431022871 -0.2657080015 0.6141646757
