-0.8802581489 -0.3369072469 0.3341243754
-0.6678446219 0.236874689 -0.7056018301
0.7902153259 0.2211403944 -0.5715388566
-0.2177147701 0.8251230542 -0.5213177766
0.7848168553 0.6166364287 0.06182247452
-0.2163472475 0.5996156643 0.7704900542
-0.5883069797 -0.5628227332 -0.5806250672
0.4079785584 -0.9129221893 0.01125042798
-0.464418272 -0.1939030977 -0.8641280329
0.9479196595 -0.1843817946 -0.259714599
-0.8986196334 -0.3837787051 -0.2125950611
0.2745083505 0.9120341292 0.304694786
-0.8399831861 0.1012231327 -0.5330873517
-0.7819121382 0.6179390546 -0.08224799646
0.01335601597 -0.7536747798 -0.6571118193
-0.9125572759 -0.4037084272 0.06525889979
-0.2680843038 0.2900499097 0.9186957363
-0.5866128625 0.7883371177 -0.1854991599
-0.6911476566 -0.04060720499 -0.7215718756
0.6171452256 -0.6923222647 -0.3739273357
-0.4938993738 0.7371667686 -0.4611383348
0.4248284099 -0.6762742728 -0.6018088817
0.8878833438 -0.4020904273 0.2235765108
0.9504888182 -0.1360812929 0.27937947
-0.6266320443 -0.7718574092 0.1075565937
0.4526976356 -0.3841577626 0.8046661818
-0.8938281743 -0.1492573198 -0.422839742
0.3475247406 -0.8939838935 0.2828769218
-0.2235542626 -0.3236166528 -0.9193996703
0.3536134437 0.4616155626 -0.8135530744
0.8311414417 -0.1484833902 -0.5358699345
0.03097920771 -0.4359078633 -0.8994579609
0.6485629569 0.314771307 0.6930260567
-0.6489495896 0.2607176205 0.7147662223
0.3526892068 -0.6410761099 0.6816390135
0.4281461096 -0.864678455 -0.2627205326
-0.2454358457 0.8463746851 0.4726638743
0.9220871292 0.06523565984 -0.3814441437
0.7149801286 0.4937094745 -0.4950296663
0.5980544825 0.3653744477 -0.7133248551
0.4670702022 0.173060327 -0.8671191091
-0.4941741284 -0.6075246496 0.6218566803
-0.4784178408 0.1055863232 0.8717613767
-0.2124388492 -0.2584661292 0.9423720048
-0.1516617789 -0.9761896485 0.1550886038
-0.2603855174 0.2271781431 -0.9383972899
0.7037242925 0.6300326579 0.3283762631
0.6273157237 -0.7735428566 -0.09003572496
0.9939273907 -0.1099191261 0.005111523108
0.001239856882 -0.1721280788 -0.9850737979
0.2488841589 0.05000410962 0.967241575
-0.4039037675 -0.8850009024 0.2315926366
0.7923489005 -0.3715932535 0.4838405459
-0.7140812174 0.6048554669 -0.3524739411
-0.8276624613 0.392616614 0.4010324731
0.9830005939 0.1393508049 -0.1195457467
0.01538150935 -0.1061418123 0.9942320277
0.02320603605 0.904673788 0.4254724636
-0.7868568962 -0.4029580528 -0.4674195466
0.08495232054 0.9896801388 0.1153963868
0.4891400904 -0.08388609362 0.8681619061
0.6424715488 -0.5035238954 -0.5776625275
-0.06965337298 0.6931416396 -0.7174280975
-0.06994689217 -0.8451999408 0.5298532744
-0.9258301268 0.3744340355 0.05135882877
-0.1779501358 -0.5854570741 -0.7909322117
0.9796917394 0.1223761066 0.1588338257
-0.07537345365 0.9463177177 -0.3143272492
0.449077517 -0.4459382955 -0.77425346
-0.3496995582 -0.9361235623 -0.03718729685
0.2333841491 -0.01805665285 -0.9722169492
0.08151411434 0.4927209621 -0.8663610694
0.5845145046 0.7165786472 -0.3806019394
0.4806990246 0.7673216265 0.4244360603
-0.7802135797 -0.5786705153 0.2375020102
-0.5951805614 0.5235919405 -0.6095995236
-0.3425583427 -0.8012982881 0.4904842866
-0.4254604047 -0.45726415 -0.7809564272
-0.1676948194 0.958765672 0.2294489784
0.2108900298 0.6786117535 -0.7035705248
0.5646273119 0.8093339422 0.161785564
0.2576227328 0.7637897068 0.5918241389
0.1969281069 -0.4847392051 0.8522013986
0.141939628 -0.9887675273 0.04681793467
-0.6848511447 -0.01587018888 0.7285101555
-0.7945935344 0.5756008864 0.1931443364
