0.03434083092 0.8863506429 -0.4617393692
0.5805012248 -0.8088783059 0.09345701821
-0.2615111844 0.8169427566 0.5140198759
-0.5919002584 0.0773115348 -0.8022948403
0.2489048004 0.6866923805 -0.6830080344
-0.4477933064 -0.7860084336 -0.4262298641
-0.549006249 -0.6902142998 0.4713770878
0.4848823464 -0.4264639402 0.7635559036
-0.2735115993 -0.01241784344 -0.9617885434
-0.8102576089 0.1947285761 0.5527778839
-0.1678928061 0.3374984126 -0.9262325988
-0.725824441 -0.6713108029 0.1500689402
-0.08561609167 -0.05689982698 0.9947021135
-0.4958339008 -0.2765167191 -0.8232176182
0.7458152536 0.6307189274 0.2143670733
-0.7986950177 -0.4247339336 0.4262479964
-0.2189680784 0.9593226101 0.1781940246
-0.7999946857 0.5908539068 0.1044038493
0.7111032687 -0.5349063064 -0.4562974738
0.1856230717 0.9547877516 0.2322163316
-0.9104316383 -0.3082559175 -0.2758487292
-0.2834477706 0.9171132063 -0.2802868676
0.7784661226 0.1694388137 0.6043847982
-0.5362527893 0.7993772392 0.2709778136
0.1512776553 0.3564186269 0.9219982828
-0.938206907 0.2697310707 0.2168246969
0.102371853 0.8197925732 0.563436013
0.5199609091 0.4358303961 -0.7346376787
0.658681586 0.5124493093 0.5509394464
-0.2085032985 0.2841210626 0.9358427199
0.9997915365 0.02041553194 -0.0002993559372
0.4403640795 -0.5580348317 -0.7033324989
-0.9251900589 -0.369650889 0.0859160942
0.926319948 -0.3491455736 0.1415228688
-0.7329349843 0.587234904 -0.3434552027
-0.3397637242 -0.9042544001 0.2586205551
0.4336292537 0.116221386 -0.8935649164
-0.08703268287 0.6038984769 0.7922953627
0.7362957014 0.1485829854 -0.6601452389
-0.0238357851 -0.995194408 0.09497339458
0.1291249001 -0.6616321783 0.7386268482
0.767579546 -0.2982175131 0.5673517034
0.4483277241 -0.7138914159 0.537923134
-0.9338864878 0.04977968686 -0.3540875749
0.3459540912 0.5967593225 0.7240124846
0.1938412042 0.3943225387 -0.8982957882
-0.5468556748 0.2222734787 0.8071823658
-0.5012008147 -0.8626086008 -0.06858677078
-0.930825474 -0.08973776789 0.3542754155
