0.9867795292 0.1614478211 -0.01416904233
-0.0160588873 -0.5419666189 -0.8402465686
-0.1063763146 0.9134295042 -0.3928493611
-0.5483301528 0.7884093886 0.2788273292
-0.6553934947 0.1151487195 0.7464583977
-0.3322816342 -0.45650189 -0.8253453459
0.5262249106 0.8396863448 0.1342169358
0.6485134497 -0.3118386387 0.6943968383
0.7389102043 0.4937144042 0.4585387628
-0.1246779726 0.7523253511 0.6468863651
0.5962953103 0.5060823015 -0.6231473397
-0.1930099058 -0.7308779676 -0.6546484344
0.3618464954 0.8386878288 0.4070256006
-0.399569972 0.4948852159 -0.7716427027
0.4349580533 -0.1709141706 0.8840813527
-0.1425085649 0.08001218513 0.986554286
0.5127983323 0.7579911903 -0.4030970426
-0.2988025706 0.5297347165 0.793787222
-0.6598119982 -0.01147846949 -0.7513430453
-0.5754985902 0.6175261179 -0.5361556362
-0.8996915839 0.3779824098 0.2183674695
-0.7023714743 0.6671179299 -0.2482498331
-0.2652625787 0.8810245048 0.3917034417
-0.2904068887 0.7424831313 -0.6036411506
-0.3978595291 0.2411521544 0.8851855362
0.7604173565 0.6267979764 0.1699698226
-0.08450109853 0.9849273433 0.1509228041
0.05049495384 0.9026416763 0.4274204765
0.7630840495 -0.6389480221 -0.09720163785
-0.5408512473 0.8403763069 -0.03532125568
0.394311584 0.9070200761 -0.1477597923
-0.4602664015 0.6836123817 0.5664176473
-0.8227478457 -0.1957582628 -0.5336334743
0.08553575535 0.9851343338 -0.1489764375
-0.3916873625 -0.3855676967 0.8354152029
0.6405543463 0.2123126878 -0.7379793032
-0.4070112504 -0.1458734391 -0.90169994
0.9582111551 -0.07048438776 -0.277242373
0.2195144952 0.8812382278 -0.4186078979
-0.6707035114 -0.7306244342 0.1278465328
-0.1580472056 0.05109501674 -0.986108706
-0.4090860267 -0.07624039993 0.9093052426
-0.907890296 -0.3508303647 -0.2294629939
-0.8008146634 0.4214811222 -0.4254991639
-0.1163100701 -0.2633795119 -0.9576550529
-0.2327526616 -0.9634496352 -0.1326310631
-0.8885725434 0.4427460655 -0.1200614703
-0.9593821169 -0.04047331033 -0.2791914485
-0.6042641921 0.4215566943 0.6761321909
0.8414375159 -0.1221156732 0.5263750271
-0.4899233083 -0.6260818245 -0.6066273164
-0.9876295042 0.1541635033 -0.02866315881
0.7211608666 -0.5566217989 -0.4124308155
0.1505830745 -0.3625177984 0.9197312561
0.8368148978 0.05203297807 -0.5450077027
-0.1081639746 -0.5305932803 0.8406969284
-0.1393818004 -0.2374785163 0.9613410779
0.604940278 0.324294771 0.727241474
-0.4438034362 0.8297346921 -0.3384949789
-0.8217351353 0.2636188754 0.5052291124
-0.8859857516 -0.4584746812 0.06949974638
-0.02484127432 -0.7657343167 0.6426771097
0.3315745216 0.68060428 -0.653326986
0.9161430149 0.2529608875 -0.3109546039
0.7684553282 0.5314751998 -0.356385354
-0.2566611182 0.9595344468 -0.1158391806
