-0.7622697781 -0.147220611 0.6302942782
-0.8643014319 0.1051961552 -0.4918503876
-0.4125548921 0.8799769298 0.2354550148
-0.5565763643 0.4563454574 0.6942417261
-0.4430437209 -0.186246121 -0.8769405018
-0.2225462679 -0.955292954 -0.1946497641
0.1704077927 -0.03542087099 -0.9847367903
0.9679336 0.2491644905 -0.03196251973
0.05630376057 -0.9226806306 0.3814319605
0.6852133625 0.5833577628 0.436092156
0.04572789321 0.6702638644 0.7407127054
0.3354984765 -0.443839778 0.8309314194
-0.2927133004 -0.5581495177 0.7763942553
-0.6221543325 -0.7393599036 0.2574313878
-0.9119249157 0.3747437388 0.1672126738
-0.6494856738 0.6861943971 -0.3275753486
