0.05912266562 -0.2438029831 -0.968020979
-0.5626699798 -0.672539482 -0.4807214775
0.7498102478 0.5722632429 0.3321134944
-0.1044583099 0.6382959856 0.7626707653
-0.7858093412 0.5378313561 -0.3053540759
-0.04290493215 -0.7988985542 -0.5999335521
-0.3353231351 0.08154757277 -0.9385671997
-0.1907489556 0.7566974229 -0.6253189954
0.5350656515 -0.1978153607 0.8213244375
-0.2887047943 -0.9477741588 0.1355495687
0.9193674037 -0.2097167269 -0.3328400089
-0.4104755395 -0.907455596 -0.08963354743
0.3188303153 -0.8981588483 -0.3027505793
-0.1031730431 -0.9429899392 0.316425817
0.8301598089 0.3033522563 0.4677735566
-0.9446117592 -0.244775602 0.2186173121
-0.5307918528 -0.3377881668 -0.7772767611
0.4239214761 0.8396965927 0.3394115707
0.2811043782 -0.3320752986 0.9003923171
-0.2437601313 0.5632991918 -0.7894776874
-0.182804921 -0.6381781429 -0.7478709907
0.4500249389 0.5677762362 0.6892805669
-0.4291796104 0.655214457 -0.6216903388
-0.4507545414 0.3464087336 0.8226915173
-0.0416362696 0.4315457995 -0.9011296488
0.6981466786 0.5311104039 -0.480117646
-0.3963293849 -0.3330135091 0.855584608
-0.7655374287 -0.1191332534 0.6322655401
0.9937892436 -0.07951776056 0.07784513499
-0.600545471 0.7261147684 -0.3348170849
-0.2688513148 -0.6882744657 0.6737931659
-0.6794277805 0.3329778096 -0.6538376476
0.2891535033 0.8378163356 -0.463091826
0.5565753095 0.06034252856 0.8286028627
0.1290891919 0.06693693154 0.9893712285
0.9499466717 0.1354043165 0.2815439431
-0.8291715623 -0.307930937 0.4665330195
-0.471342124 0.4421722043 -0.7630991705
0.9569670376 -0.2773158405 -0.0854986172
-0.9372507444 0.1193074515 -0.3276076527
-0.2121325128 0.4319309907 0.8766044811
0.1926109636 -0.9656880638 0.1742055686
-0.3483990964 -0.1856050191 -0.9187866164
-0.5933073981 0.5123562861 0.6208682368
-0.5499958565 0.781254159 0.295205855
0.1793777132 0.8975646782 0.402742206
-0.0001655154706 -0.6466578149 0.7627802062
-0.8218598826 0.1221923124 0.556430923
-0.3570875517 -0.08787231076 0.9299284582
-0.8595984518 -0.04913285605 -0.5086024618
-0.09045027273 0.9842667907 0.1517815299
0.4371667262 -0.8804475214 0.1835685583
0.8946033057 0.3832387799 0.2298107113
0.3245320486 -0.9446627809 -0.04786626992
-0.918340051 0.3428159824 -0.1978098911
-0.163021703 -0.2697819643 0.9490213992
-0.8642148477 0.503120681 -0.001509094727
0.6637167517 0.460207463 0.5896517315
0.04272996675 0.9966179987 -0.07019055872
-0.9842585243 -0.1745549439 -0.02767180637
0.08089067946 -0.1874821224 0.9789316379
-0.04573088985 -0.4653781216 -0.883929799
0.5968020863 0.8004819149 -0.05528086245
0.984737225 -0.01618994007 -0.1732930567
0.9110036925 0.06947517246 -0.4065039639
-0.7160997295 -0.1907587483 -0.6714255561
-0.9087804102 -0.416411833 0.02682072663
-0.3044127647 0.1657439354 0.9380094971
0.5566920685 -0.8297207364 -0.04071167377
-0.8376535723 -0.4754021488 0.2689410526
-0.5744982892 -0.1519482381 0.8042782159
0.2155934408 -0.7852549015 -0.580425885
0.7314353549 -0.664911017 -0.1513131227
0.6244059699 0.7554730089 0.1984381961
0.6645129366 -0.2744724328 -0.69504492
-0.4724594559 -0.8357228054 0.2799097266
-0.1315682526 0.8992633125 -0.417151399
0.07932035671 -0.9127967335 -0.4006374974
0.323847169 0.757860916 0.5663654679
-0.1154127239 -0.01888707968 0.9931380475
-0.3781887417 0.8204838042 -0.428695233
-0.6804018092 -0.6813933887 0.2697339947
0.6587983438 0.3531017195 -0.664307096
-0.6977666162 0.5951640623 0.3986244953
0.1685709009 0.9733997123 0.1551671727
-0.2006852708 -0.5023457817 0.8410553714
0.5022875852 0.6981253032 -0.5102237183
-0.05641740112 -0.8161931784 0.5750180627
0.4729230446 0.5291557726 -0.7045125707
0.3670435864 -0.5779821755 -0.7288453955
0.7895383242 -0.370409006 -0.4893121733
-0.7170262747 0.6888888372 -0.1063272841
0.4592797809 -0.7139963015 -0.5284613177
0.7224113891 -0.07955660469 0.6868715539
0.8572135901 -0.4491622439 -0.2518692906
0.5350793293 -0.1018760761 -0.8386366176
0.6468606807 -0.5545732379 0.5234689901
0.7748873112 0.6314913401 0.02771898684
0.8338514944 -0.32543295 0.445853205
0.3004612353 0.4310541755 0.8508321479
