-0.1753344472 0.8843005472 0.4327474713
-0.4519703608 -0.8197630385 0.3517262481
0.2314461959 0.9629876649 0.1381572137
-0.07378966555 0.9822419754 0.1724986581
-0.5120410261 0.5756484465 0.6375287081
-0.7929744688 0.2481793762 -0.556415752
-0.5438512406 0.5324642436 -0.6486198096
0.8722260612 0.2263641334 0.433567731
-0.3257968961 0.4675904513 0.8217150068
-0.4474780572 0.7806285663 0.4363283509
0.674551545 -0.6146958537 -0.4088144085
-0.9395211814 -0.3411697941 0.03005197514
0.3774087687 -0.4004733559 0.8349752766
-0.9646213425 0.1978008545 0.1742999929
-0.9854992453 0.1252277775 -0.1144955953
-0.2894525543 -0.7845988904 -0.5482898868
0.7300639966 -0.111326707 -0.6742498982
-0.8086679208 -0.5881521383 -0.01154365995
0.5797746091 0.8112313869 0.07592785729
0.642161923 0.6212438008 -0.4490926459
0.739623022 -0.5031792472 0.4469546179
-0.5334290133 0.00291979005 0.8458397972
-0.8200197834 -0.5099846119 0.2597753848
0.7893115901 -0.5865357591 0.1815572005
-0.5708653597 -0.4673014699 0.6750867184
-0.1574350597 -0.8076738399 0.5682228175
0.4670184551 0.5168779909 0.7174474929
0.2846865091 0.07399178757 -0.9557608524
-0.2060625446 -0.6167089208 -0.7597422818
0.3796409759 -0.1297614309 0.9159883735
-0.1011604669 -0.9174621601 -0.3847463381
-0.7872508047 -0.02799146258 -0.6159972797
0.05387167553 0.9953972311 -0.07926029852
-0.4114860502 -0.6876237176 0.5982080353
0.8533975045 -0.4204919834 -0.3080571234
0.9240324235 -0.04629833478 0.379500388
0.1069517353 -0.1668403417 0.980166122
-0.5449546828 -0.6753849556 -0.496869757
-0.8797191359 0.1734602508 0.442725404
0.4381661219 0.2872543441 -0.8517601725
0.5833178697 0.03589071488 0.8114506266
0.6667079369 0.2778307578 0.6916000267
0.1793038446 0.3778458561 0.9083405971
-0.2406915669 0.6286212053 -0.7395288702
-0.3437342002 0.1997035765 0.9175866614
0.8751325246 0.4245532746 0.2321585262
-0.04037592729 -0.6424101162 0.7652966922
0.9219618332 0.2490169003 -0.2966091054
0.5564118581 -0.3127532123 -0.7697995014
0.04535185731 -0.07062714745 -0.9964712816
0.791958521 -0.6022341776 -0.100576818
-0.2652055312 0.718389548 0.6431037891
-0.396993036 0.7456038989 -0.535230189
-0.709980396 -0.6509068979 -0.2687899691
0.2471852756 -0.9676693214 0.0501549993
-0.1524669726 -0.3227933377 0.9341082825
-0.9934817116 -0.07028575311 0.08974408913
-0.7331918632 0.3840526246 0.5611891599
0.01336617964 0.785513063 0.6187007137
0.734956578 0.4662625686 0.4923799809
-0.7773875493 -0.3738321375 0.5058835155
0.8984351783 -0.3173089325 0.3035280413
-0.1938309332 -0.9288948577 0.3155691885
0.3712654353 -0.8823201441 0.2892630981
0.5544759544 -0.8282459169 0.0810254103
0.07172710804 -0.590041038 -0.8041808226
0.1249584248 -0.8167605363 0.5632828938
-0.2333223722 -0.10664734 -0.9665335046
0.4367186545 0.2731128716 0.8571383647
-0.5999879014 0.7242554763 -0.3398065967
-0.1033493581 0.435947437 -0.8940183121
-0.9214029739 0.3873908816 -0.03073865038
-0.295367769 -0.5251293436 0.7981209517
0.6703716113 0.2055476903 -0.7129881133
-0.6594190931 -0.7292829617 0.1825180031
0.425732487 0.8502349816 0.3096002673
-0.09961707897 0.3409997288 0.9347703582
0.3830714275 0.918700587 -0.09615358975
-0.3456950152 0.9146954102 0.209349619
-0.9721503878 -0.1491485385 -0.180771505
-0.5939829732 0.780564055 0.1946894542
0.847491561 0.09582795502 -0.5220872121
0.09670409604 -0.9448254212 0.3129748253
0.5998734195 -0.2419509074 0.7626346694
