0.1197344775 0.9764245789 0.1796070615
-0.4430532508 -0.2224474433 0.8684589524
0.5025558859 -0.302115161 0.8100395121
0.5615418679 0.7447148509 -0.36065291
-0.5413571606 0.7386074048 0.4017356422
0.4637861652 -0.6272715162 0.6256459365
0.7293183656 -0.03046046645 0.6834960728
-0.2570877664 -0.7736946984 0.5790530149
0.9422635052 -0.2574798689 -0.2141111949
0.727036379 0.5966988828 0.3396594571
-0.1737507022 0.4765861154 -0.86178673
0.117065648 -0.1261350641 0.9850815091
0.9224706842 -0.1081182143 0.3706187913
0.1087365409 0.2488945938 0.962407318
0.0955539164 0.8425499806 0.5300745035
-0.718859524 -0.6947737075 0.0230321545
-0.897488447 0.4135928133 -0.1531517949
-0.3526814142 0.8650883658 -0.3567042744
0.3408894494 0.9322661396 -0.1211372287
-0.4340581172 -0.05650022509 -0.899111381
-0.798290432 -0.4388635529 0.4124695966
0.02997416895 0.9428129799 -0.3319717368
0.5425306003 -0.8399569033 -0.01153031884
0.7451237532 -0.3939985435 0.5381038376
-0.936853 -0.0980762533 0.3356895962
0.7879695605 -0.595359972 -0.1570046991
-0.7423363066 -0.1500354843 0.6530131402
0.4417266442 0.6996982189 0.5615157827
-0.714718741 -0.3382305976 -0.6121904803
-0.8021080616 0.2089878181 0.5594164365
-0.4066262004 -0.4207819896 -0.8109239486
-0.5326287056 -0.5247839367 0.6640093989
-0.9993174916 -0.02462256468 -0.02753688991
0.2171767516 -0.9167289911 -0.3353240453
0.2477810844 -0.7166308884 -0.6519545261
-0.1150657213 0.7672603674 -0.6309290043
0.5472632774 -0.1360955017 -0.8258213606
0.5654673594 -0.4784213162 -0.6718330966
0.2000340735 0.5074941683 -0.8381145736
0.2124738099 -0.05426918211 -0.9756586165
-0.9223449801 -0.3812899324 0.06243176356
0.2553682333 -0.413501558 -0.8739585385
-0.07024088763 -0.5882559015 -0.8056185276
0.6726532427 -0.676125502 0.3006524916
-0.1967879245 0.979835907 -0.03458479508
0.47764091 0.8507495755 0.219281374
-0.9147464531 -0.2716032813 -0.2991163388
