-0.8676955322 0.4815909183 -0.1231854328
-0.9428767329 0.1735125855 -0.2843885534
0.8826407423 0.3600485842 -0.3021760035
-0.5285866873 -0.5848492314 -0.6152621315
0.1301425926 0.9803570076 -0.1481993363
-0.1825987924 0.4625913851 0.8675637679
-0.07850743616 -0.1707553992 0.9821808266
-0.9239760439 -0.1775418573 -0.3387435007
-0.130665316 -0.6083326341 -0.7828524647
-0.9991060773 -0.04172490493 -0.006788118058
-0.05819335902 -0.8751579959 0.4803249058
0.5032705267 -0.6053106816 0.6166990803
0.7025171491 -0.4979756605 -0.508419017
0.6499732269 -0.6958401681 0.3055180269
0.7756288697 -0.1647673481 -0.6093041748
0.5162940046 -0.3256831687 -0.7920675315
-0.4446855208 -0.8956715362 0.005223690012
-0.3874979077 -0.3339780268 0.8592462099
-0.3375096287 0.8456592144 -0.4134582732
-0.07468170469 -0.504827448 0.8599836573
0.6014076784 0.4977937439 -0.6249081475
-0.5626543661 -0.02535749937 0.8263032504
0.9397721859 0.002697551987 -0.3417908159
-0.2613205031 0.06733311767 -0.9629007456
-0.6852172294 -0.6555926865 0.3172941506
0.5390235117 -0.8422902396 0.00089784461
0.222244688 -0.9697833779 0.1006354741
-0.3897209452 -0.8502820238 0.3537485898
-0.4089491682 0.6357571275 0.6546552166
0.1859344812 -0.9495200341 -0.2526659326
-0.9300458442 0.3169317649 0.1859273621
-0.7569612207 0.6276962722 0.1816785631
-0.9210974955 -0.3860399599 -0.0505227982
-0.4926700435 0.7972039143 0.3489156735
0.3031377342 0.6887105095 -0.6586238291
0.7281818478 0.6845072375 0.03465599991
-0.3797270756 -0.363547337 -0.8506707247
0.1692458395 -0.7018353209 0.6919414918
-0.8055334731 0.05415455365 -0.5900704263
-0.5369762693 -0.781093916 -0.3186671942
-0.2687273111 0.1285877429 0.9545945865
-0.2682756396 0.4109986814 -0.8712681936
0.7789489258 0.190756857 -0.5973695611
-0.7791381376 -0.5220464083 -0.3470033285
-0.5831600129 0.2892617072 -0.7591126821
-0.1663267417 -0.9644540827 -0.2053381051
0.7715116015 -0.4130628605 0.4838893697
0.2458538073 0.8181979102 0.5197192369
-0.1074756506 0.8113760824 0.5745588199
-0.5631704798 -0.05990782995 -0.8241662833
0.07096720079 0.2331134749 0.9698565689
0.7319979581 0.2930021113 0.6150843455
