0.3929959433 -0.880753222 0.2642497879
0.09570530749 0.6576851148 -0.7471885865
-0.7630067808 0.1622921455 -0.6256851541
-0.257236941 -0.8973050397 0.3587099412
-0.4612698875 -0.8329013629 -0.305786544
-0.03029657526 -0.9988726698 -0.03654459073
0.381692635 -0.5303954131 -0.7569619793
0.3889056033 0.3968985691 0.8313987958
0.4811417695 0.8757230558 0.04014632227
0.1292723051 -0.5104614145 -0.8501281171
-0.3344434113 0.04889418674 -0.9411466215
0.5678782472 0.1436585216 -0.810479195
0.4817095448 -0.3624610483 0.7978583226
0.8940014375 -0.007166025959 0.4480067832
0.6782504573 0.731073725 -0.07421270626
-0.2788850809 0.540336834 -0.7938886682
-0.9590110255 -0.1513352686 -0.2395735575
-0.9206646789 0.3690505246 -0.1271937862
-0.823455941 -0.2453715277 -0.5115790522
-0.154276425 0.8975191213 -0.4131079901
0.8510584912 -0.07298869951 -0.5199731668
-0.3582434034 -0.6219945266 0.6962646571
-0.7860513295 -0.4463719629 0.4276393085
0.2640608871 0.9596858036 -0.09630683425
0.6264254771 -0.6850663615 -0.3718537372
-0.0339603662 0.2428202596 0.9694766707
0.8908196138 -0.4345037309 -0.1328417236
-0.9411765791 -0.3351796067 -0.04291011833
0.241086409 0.2041261798 0.9487938902
0.6149764432 -0.7731691215 0.154962847
0.868174948 0.3993569397 0.2945951363
-0.9802752849 0.1872982878 0.06308500018
-0.01852697286 -0.8375266695 -0.546082255
-0.9716934898 0.1160419356 -0.2057815129
-0.1896035301 0.7097063594 0.6785037839
0.4841206455 0.3982086213 -0.7791386876
0.495288978 0.1501445785 0.8556549736
0.5667479171 -0.1071195404 0.8168979144
-0.7937789555 0.4736601106 0.3815246643
0.2027180173 -0.9743762186 0.09744942264
-0.3317054369 -0.6278229376 -0.7041376727
0.2040116915 -0.03155981165 -0.9784596098
-0.072513443 -0.8351200964 0.5452671136
0.2483384761 -0.3036981284 0.9198344678
0.5942305042 0.5509792755 -0.5859282771
0.1289139927 0.4418035753 0.8878010945
-0.4555418655 0.08983716437 0.8856697424
0.02085084903 0.9530003444 0.3022508656
-0.7079543428 -0.0910567438 -0.700363704
0.5085760101 -0.5781602392 0.6380291371
-0.0746206927 0.002606738082 -0.9972085826
0.8295750776 0.5302845443 -0.1749385398
0.5977129253 -0.5368263383 -0.5954466739
-0.699934434 -0.3095473535 0.6436398248
-0.6055050832 0.682717473 -0.4089748725
-0.03116569654 -0.9722312256 0.2319378008
0.6208807616 0.3464062775 0.7032138869
-0.06583119602 -0.2314292214 0.9706218466
0.4394191664 -0.8982525268 -0.007293434092
0.4507256499 0.753056736 -0.479324463
-0.2208125546 0.876489086 0.4277951587
0.67979291 -0.08762163787 -0.7281511163
-0.6632909341 -0.6685674397 0.3362479967
0.6776445706 0.6718772997 0.2989627571
0.5470688166 -0.3179306172 -0.7743615645
0.3732021243 -0.7741384832 0.5113020469
-0.2151438921 0.9613606454 0.1717521913
0.8738614408 -0.2723756793 0.4027128898
-0.916302803 0.2414102753 0.3195469484
-0.7961665427 0.515852879 -0.3162509185
0.232698976 0.4501498873 -0.8620999162
-0.2578120063 -0.950532084 -0.1732677888
-0.7130708147 0.4195895253 -0.561671295
0.6524423607 -0.749637484 -0.1111872676
-0.8642115519 -0.1909285874 0.4654940043
-0.520951651 -0.6780509728 -0.5185135057
0.03574158248 -0.4659291801 0.8840998464
-0.4192304753 0.7309644337 0.5384578028
-0.4868047077 -0.8433263589 0.2276440839
0.9967962715 0.07808234931 -0.01733031843
-0.7151095777 -0.4920051157 -0.4965372675
0.2853211906 0.8112712117 0.5103242491
-0.7980833694 0.5996188672 -0.05933084778
0.9323439674 0.2853195217 -0.2220979445
-0.1510018789 0.7363027028 -0.659588328
0.2900304543 -0.3017122722 -0.9082136535
-0.06743660287 -0.6627955979 -0.7457575343
-0.4411115922 0.8547432326 0.2735590787
0.3298366871 0.2055241537 -0.9213943684
-0.8168000772 -0.5695897563 -0.09167956942
0.7446510979 -0.3105947118 -0.5907839431
-0.9601616818 -0.02163643081 0.278606191
