0.3863993386 -0.8276101564 -0.4071326321
-0.3389150938 -0.3494502861 0.8735107651
-0.3246634263 0.883043055 -0.3388637228
0.07451704856 -0.03874849109 -0.9964666396
-0.7579905763 0.6188140665 0.2062024185
-0.6938357681 0.7180935814 -0.05416212002
0.9946748241 0.0168703829 0.1016729292
-0.6850469224 -0.7100787732 -0.1627846736
-0.3932811799 -0.3573228025 -0.8471424487
-0.404304699 0.5118629762 -0.7579802135
-0.5739841633 0.7431312749 -0.3439448917
-0.6197012191 0.319725362 -0.7167608332
-0.2757647787 -0.9599598851 -0.04930320409
0.09044879679 0.5047201801 0.8585316272
0.6256918491 0.224061781 0.7471987876
0.5874334944 0.7525661219 -0.2976006079
-0.001724409723 0.9940045152 0.1093254321
0.4322631706 -0.6064563526 -0.6673524135
-0.3487589657 -0.9039665185 0.2474100185
-0.1924619264 0.9758911246 -0.1029316271
-0.5270189901 -0.8493016429 0.03062194353
0.1279082144 -0.8319212258 0.5399505188
-0.3624200238 -0.08483788103 -0.928145603
-0.773597832 -0.4379521112 -0.4579785395
-0.6345176426 0.4042927991 0.6587371963
0.4622655909 -0.8823431623 0.08821035888
0.8021244253 0.5929996914 -0.0703404029
0.1061547344 0.5140281576 -0.8511793146
-0.8756456538 0.4826878998 -0.01603372586
0.922087218 -0.1974889492 -0.33279615
-0.3958779789 0.2545140005 -0.8823283115
0.6211003084 -0.5546320787 0.5537306784
0.147209449 -0.323262708 -0.934789067
0.7239921226 0.08363219705 -0.6847196959
-0.1503884225 0.399472421 -0.904325775
-0.454073587 -0.8559882998 -0.2471865857
-0.7688904157 -0.5360119491 0.3485666637
-0.9823221686 -0.03861741127 0.1831716478
0.574010504 0.490091579 0.6559894706
-0.3915027804 0.7245255193 -0.5672639111
0.2903759702 -0.9428104006 -0.1636775627
0.1251211908 0.2406250299 0.962519757
0.5850136847 0.5846669751 -0.5620707401
0.3548964922 0.7860716306 0.5061026293
0.7909216018 -0.1762417002 -0.5859879546
0.5859213834 0.352875193 -0.7295034137
0.6096916848 -0.6537751217 -0.4481675353
-0.913506046 -0.3009639757 0.2737286784
-0.9270740744 0.04832198157 -0.3717507858
-0.6049490631 -0.6676111031 -0.4339724025
0.8074662719 -0.353717167 0.4721042105
0.149573507 -0.6416378127 0.7522823162
0.4992579033 0.1131399262 -0.8590348672
-0.3818888954 -0.7764964876 0.5012126059
-0.8557935132 -0.4820708787 -0.1876835919
0.1808890132 -0.5728751835 -0.7994330422
-0.9310712581 -0.2248401464 -0.2873207631
-0.1817864175 0.7785017472 0.6007401502
-0.5524261727 0.8150559096 0.1746687949
-0.9305155789 0.2916262215 -0.2215736995
0.12985568 0.8924752186 -0.4320017205
-0.9734164114 0.222908779 0.05265136502
0.1015139429 0.7643054408 0.636814033
-0.7871829461 -0.3156262924 0.5298330424
0.7835263453 -0.1056617154 0.6123088013
0.08678188885 0.9826217622 -0.1640834428
0.08635337983 0.2507108421 -0.9642028663
-0.3226419854 -0.6067442139 -0.726473405
-0.09406478209 0.9239667355 0.3707253545
-0.7819484516 0.5593650702 -0.2750769659
0.5911758032 -0.1525727531 -0.7919802553
-0.165369992 0.1159276336 -0.9793944811
-0.1077701663 -0.7348864129 0.6695726632
-0.7938460546 0.4364277544 0.4234846594
0.8895859257 0.06000360382 -0.4528095056
-0.5841085574 0.05177505248 -0.8100225534
0.820825308 0.1698151561 0.5453518374
-0.9585911054 -0.2846689895 -0.008164502165
-0.1872550987 -0.9288110548 -0.3197585847
0.3426803672 -0.114582215 -0.9324382456
0.3500501628 0.5934176357 -0.7247898959
-0.4092673599 0.3739851344 0.8322471672
