0.1443554617 0.6001234764 0.7867739915
0.1414019384 -0.287857193 0.9471767144
0.3655523561 0.5911022424 -0.7190059902
0.3114377505 -0.891750135 0.32831117
0.6663061192 0.3016067758 0.6819600489
-0.7872905492 0.1209123157 0.6046104556
-0.546367305 -0.6823493221 0.4856770229
0.4049680075 0.9115581137 0.07115278072
0.7976086704 -0.5834285666 0.1530735657
0.4525103121 0.1853024637 0.8722943393
0.1076533833 0.9886676021 0.1046284933
-0.8440888469 0.5162532092 0.144902183
0.01418535339 -0.9118502399 0.4102778518
-0.167953971 0.6836404471 0.7102303871
-0.2168720549 0.7722912465 -0.5971036279
0.6484550509 0.1118311829 -0.7529939133
-0.6434521691 0.4574294268 0.6137814152
0.1791326939 0.3165273202 0.931515933
-0.9388787401 0.3086470684 -0.1524588418
-0.4144793918 0.9092833667 -0.03755785845
0.403724979 0.01486957972 -0.9147595514
-0.137597436 -0.1586661502 0.9776972938
-0.8528284592 -0.5185204952 0.06180708057
0.7759118188 0.5173060421 -0.3610475153
-0.4278537525 -0.4789599633 -0.7665106131
0.5857988622 -0.75215151 0.301840685
0.4183191162 0.3168853267 -0.8512301726
-0.9977577086 -0.05613383748 0.03644924066
0.3881779043 -0.480710736 -0.7862792779
-0.1000634313 0.4425512319 0.8911429273
-0.1370057044 0.5660814802 -0.8128844904
0.395537732 -0.1158784182 0.9111103636
0.3737886936 0.7214833339 0.5828754681
0.2812881202 0.839671224 -0.464574245
0.09088653753 0.7272190686 -0.6803617153
-0.9424964192 -0.3031325916 -0.1407520224
0.07695364455 0.8146260852 0.5748586591
0.6719035207 -0.6426660412 -0.3681385859
0.7280153737 -0.5195746136 0.4472536602
-0.8595264478 0.2400186507 -0.4512264762
0.6366379662 0.5656029484 0.5241997757
-0.6634125042 0.3216887993 -0.6755739528
0.6492810564 -0.02485387819 0.7601423515
-0.9299769354 -0.2783182723 0.2401704373
-0.9651035809 0.0205830042 -0.2610582658
-0.1007914031 0.987221285 -0.1234310635
0.8445559891 -0.3499454412 -0.4052941766
-0.4875280466 0.6238983977 -0.6107922667
-0.455715956 0.8449848771 0.2798634039
-0.4037715498 0.4102763885 -0.8177052162
-0.9620682784 0.2306961624 0.1456156184
-0.2718932367 -0.8965814989 -0.3495935978
0.8350257052 0.3468563264 0.4271097757
-0.6579927179 0.7500857064 0.06646063621
0.623187408 0.4330471696 -0.6512354439
0.142005981 0.4519687668 -0.8806580126
0.660338056 0.7509555642 0.004403685962
0.1933535912 -0.9661838626 -0.170596402
-0.5651260677 0.2198830589 0.7951628563
0.1500310183 -0.15005325 -0.9772280776
-0.2063894692 0.8628145809 0.4614698104
0.4829817868 0.8447275792 -0.2305730049
-0.1992470018 -0.9608914005 0.1923235524
0.5525431888 0.7731548913 0.3113318784
0.8434182611 0.05716328865 0.5342078203
-0.1287674262 -0.01765341274 -0.9915176786
-0.9339147638 0.007514323403 0.3574167719
0.4424715124 -0.6933325966 -0.5687784025
0.8194198164 0.2306856543 -0.5247240164
-0.7805971199 -0.5803117495 -0.2321775394
