-0.9864173941 -0.1640788801 -0.007671098514
-0.4023206568 -0.8244086713 0.3981060559
-0.2513900909 -0.9228639196 -0.2917622457
-0.5378660115 0.5041659803 -0.675660283
-0.5003072739 -0.4804970224 -0.7202883056
-0.09258168938 -0.9572644046 0.2739954204
-0.3696336523 -0.9279712679 0.04733169231
-0.7240102194 -0.1962148156 -0.6612933906
-0.6126263837 0.7306688463 0.3013502133
-0.1205645266 -0.462136252 0.8785751417
0.3848547696 0.6142933982 -0.6888616895
-0.9176763901 -0.1677791116 -0.3601669236
0.871084046 -0.4862720722 0.06893516184
-0.6852477321 -0.6946224988 0.2189409277
-0.2183702146 -0.6994125304 -0.6805413739
0.3322441216 -0.9382338483 0.09659756487
0.6342191307 0.7621282094 0.1301026004
-0.8842807213 -0.3968896111 0.2460208173
-0.0173297021 0.9977001784 0.06552889076
0.1925530227 0.1233178543 -0.9735070828
0.1817327112 0.4120549301 0.8928515869
-0.5021242357 -0.730666813 -0.4625983791
-0.1140767072 0.5987502638 0.792770223
0.6433219516 -0.763619753 0.0549703495
-0.5502509672 0.05475374259 0.8332021968
0.3661319814 -0.7375264682 -0.5674522719
0.1486100792 -0.01211746633 0.9888216277
0.548399467 -0.7342819996 0.400109947
0.7827646554 -0.4626120412 0.4162566438
-0.6396297339 0.5050473185 0.5794833989
0.039267737 -0.8677679396 -0.4954158333
0.7933725408 -0.1804677248 -0.581370288
0.9342089462 0.05740254497 -0.3520775378
-0.7501679998 -0.1714507723 0.6386333884
-0.6850806878 -0.5056666291 0.5243717301
-0.2194426566 0.8749403852 -0.4316529195
-0.9793415209 0.1819817437 0.0881636566
0.5254548381 -0.1807704312 0.8313959732
0.2208186986 -0.3546581754 0.9085464661
-0.8661769356 -0.4895256818 -0.1005093184
0.8449754287 -0.4502320048 -0.2886306752
0.4728725506 0.2959516568 -0.8299422677
0.3071556959 -0.915186706 -0.260938061
-0.1176621226 0.2278734761 0.9665553806
0.2171791426 -0.6598844456 0.7192953069
0.7578184736 0.4792314217 0.4427735374
-0.4090916721 0.3849533071 0.8273179287
-0.9463166454 0.1785489251 -0.2694533131
0.09055016086 0.7979537703 -0.5958778808
0.7916711302 -0.1497005135 0.5923230351
-0.4421299137 -0.1649512782 -0.881653115
