-0.8143209904 -0.3310222115 0.4767657918
0.5837379337 -0.3863230794 -0.7141459957
-0.6616745605 0.1367014291 -0.7372241825
-0.9929885331 0.07680669452 -0.08985824883
0.08973285822 0.6016814937 0.7936796547
-0.527172026 0.3704340681 -0.7647667985
-0.4355560335 0.1470848394 -0.8880636192
0.8326864913 0.2972381188 0.4672073502
0.08624574979 0.07988602419 -0.9930659061
0.8963803848 -0.3381373256 -0.2866449979
0.3057777812 0.1350422481 0.9424773418
-0.5448101494 0.7115184669 0.4437604899
0.370597922 -0.5875543559 0.7193309802
0.2279882185 -0.1997025828 -0.9529639293
0.2406144375 -0.8961187071 0.3729288878
0.3005392981 -0.7959014259 -0.5255635553
0.2816305329 -0.3856832668 0.8785969842
-0.1832843825 0.1042230605 -0.9775195081
0.6595610022 -0.6707193149 0.3392858454
0.01636353832 0.8883624596 -0.458851147
-0.4798936144 -0.7450906483 -0.4631868357
0.4418906949 0.3406492025 0.8298739269
-0.8292911926 0.5486370194 0.1061769221
-0.9225407931 -0.3835782223 -0.04226384214
-0.2418116793 -0.2913591687 0.9255468365
-0.651114136 0.7346490109 0.1906337135
0.08056500419 0.9768735015 0.1980591884
-0.1857243556 0.9714451301 0.1476510174
0.8520701042 -0.4986096009 0.1592639425
0.5447352122 0.8370775405 0.05064325961
-0.2816371983 -0.8345509461 0.4735031224
0.5845132448 0.07833053619 -0.807594325
-0.8288022819 -0.4876745913 -0.274336054
-0.8235812106 0.2022244728 -0.5299238173
0.9784015026 -0.1023138333 -0.1796173131
-0.1790690319 -0.9511895746 0.2513417495
-0.7771683549 0.3388669362 0.5302627157
0.5995241785 -0.5533491164 0.5782521203
0.7541160757 0.102262812 0.6487305001
0.005202076025 -0.9982917342 0.05819408732
0.1769627408 -0.6311921868 -0.7551692603
0.6568631305 0.3547428877 0.6653482632
0.6565293813 0.7077093794 0.2609915819
-0.9872810177 -0.1441376458 0.06708599863
0.03821095081 0.1608304883 0.9862420987
-0.3777352894 -0.8893378813 -0.2576706892
0.4811088426 -0.1806571627 -0.8578445496
0.7993142778 0.08732974907 -0.5945335989
-0.5287055394 -0.7443962269 0.4078537851
-0.09356676715 0.9135112336 0.3959071686
0.6500524766 0.3144822386 -0.6917605794
-0.8868533241 -0.4031559409 0.2257353958
0.7322953459 0.5684748301 -0.3749398539
0.345955983 -0.4164422525 -0.8407676897
0.433708367 -0.7517211927 0.4968020741
-0.7495165329 0.5521212531 0.3652219719
-0.9647714541 -0.168633341 -0.2019377076
-0.07229947419 -0.7344135059 0.674840417
-0.4800686372 -0.559990032 -0.6752371936
0.9333939608 0.1347734052 -0.3325835883
0.4340396892 0.8799661024 -0.1930523425
0.1507714632 0.5299169207 -0.8345394077
0.7907393513 -0.4470177206 0.4182181676
0.2680235268 -0.9570858748 0.1102271171
-0.892641361 0.1122192336 0.4365755883
-0.02661236323 0.3231721945 -0.9459659163
-0.08210287074 0.4225535987 0.9026115304
0.700088295 -0.1419102628 -0.6998127296
0.2797608691 0.9599527201 0.01498770347
-0.1729659063 -0.8835631437 -0.4351999155
0.1847360656 0.3751781194 0.9083578396
0.3486507067 0.04246065251 -0.9362904345
0.901696497 0.03764746679 0.4307274028
-0.5496648292 -0.09192240929 -0.8303124991
0.4004356302 -0.8724262166 -0.280220989
0.332808703 0.6594817646 -0.6740342494
0.2696137673 0.7255692503 0.6331332241
0.1129994145 -0.5842519676 0.803667077
-0.6598724187 -0.7316676091 0.1709704676
-0.002463849541 0.7864708981 0.6176224217
0.9247733198 -0.2535470315 0.2837396868
0.4322661347 -0.6062435341 -0.6675438309
0.9472166319 -0.3199061308 -0.02099332391
-0.4287938951 -0.4349794207 0.7917882919
-0.4880136149 0.872514595 0.023685294
0.4745000335 -0.8452766503 0.2456768257
-0.6737646511 -0.5569655014 -0.4856239544
-0.5745505803 -0.5577455573 0.5990087845
-0.1907097491 0.7640711856 -0.6162994523
0.7023411793 -0.7079613185 0.07421347105
-0.7855512252 -0.6174811558 -0.04032734485
