-0.9150895857 0.325946418 0.2374236358
-0.4935520347 -0.7452814111 0.4482878621
0.2604174325 0.0658360735 0.9632488631
-0.6495295099 -0.7179560772 -0.250300793
-0.4090958751 0.8651987249 -0.2899512568
-0.7653412528 0.4281236866 -0.4805859712
0.9264722852 0.3434167096 0.153993728
0.9276323934 0.3266356831 -0.1811277813
0.07145908668 -0.02966890508 -0.9970021841
0.7097600256 -0.6604756577 0.2449747164
0.2744841334 0.9237002191 -0.2672758232
-0.8962829583 0.4364157887 -0.07885504454
-0.823854542 0.0847827178 0.560424468
0.3197083195 -0.5563281058 0.7669978026
0.9632404871 0.004657403271 -0.2686002097
0.04129869121 -0.9496139634 -0.3106891351
0.3956605904 0.3199271949 -0.8608712373
-0.3347230254 -0.6152659609 0.7137284453
0.765385485 -0.6195275756 -0.1742717488
0.05891244478 0.8017562193 0.5947405221
-0.2741974891 0.3228054946 0.9058765642
-0.2311123298 -0.5755995898 -0.7843928883
-0.9316117328 0.1935265103 -0.3076476381
-0.9975340123 -0.02796878313 -0.06437112303
0.3969648384 -0.01075408945 -0.9177708138
0.3690893584 -0.888180057 -0.2736955092
-0.09720921987 -0.9952277566 -0.008490003405
-0.7529259128 -0.5533098457 0.3563015359
0.05934383968 0.3335262373 0.9408711696
-0.2194322687 0.7996858507 -0.5588846211
0.5303848528 -0.6628265281 0.5285384579
0.5621772892 -0.826993627 -0.006183553474
0.6010981515 -0.2292859456 -0.7655775385
-0.5570852274 0.01720663415 -0.8302770508
0.5666862875 0.8139170101 -0.1280849416
-0.6496181497 -0.131409516 0.7488176004
0.7861430299 -0.1178784041 0.6066991169
0.4411391374 0.3195931769 0.8386038771
0.01148791784 0.5972691788 -0.8019585749
0.4579732563 -0.5284968587 -0.7148087625
0.07272762265 0.3026110529 -0.9503353322
0.6180399504 0.4490189325 -0.6452973097
0.3668109542 0.8077522161 0.4615041508
0.5292229091 0.5677029401 0.6305842404
-0.8352828822 -0.2436905582 0.4928665321
-0.5764998823 0.6862988647 0.4434430674
0.7124890812 0.2288810737 0.6633044273
0.3923946502 0.9086873644 0.1425261813
-0.9042632921 -0.1254477332 -0.4081308182
-0.2602354458 0.2678145912 -0.9276598825
-0.115538338 -0.8190361964 0.5619880795
0.2360214991 -0.9714789718 0.02285737027
-0.2746147946 0.7715768679 0.573808201
-0.7761544347 -0.4613259149 -0.4298403118
-0.7510147224 0.409555151 0.5179203269
-0.5757266877 0.3407345223 -0.7432622461
-0.1037079493 0.5915473222 0.7995726526
0.05772721724 -0.950179032 0.3063125454
0.8018501897 0.596909623 -0.02711411532
