-0.7256056649 0.4592116254 -0.5124657082
-0.8850464391 0.1786264371 0.4298667195
0.8236548166 -0.5670897641 0.001393760518
0.2929386619 -0.6578403573 0.6938537344
-0.612963652 -0.7772661438 0.141890461
-0.4768325939 0.188302599 0.8585876826
-0.4488127481 0.8487173071 0.2797249539
-0.5262386675 0.6835949253 -0.5057379192
0.2750057584 0.7740364168 -0.5702976927
-0.8777563069 0.180887542 -0.4436480168
-0.1125050406 -0.2694083866 0.9564317734
-0.04854035381 0.5108256489 0.8583128745
0.8021533176 0.5970875807 0.006039535728
0.6883376146 -0.66564376 -0.2882875528
0.7681112881 0.5693419617 -0.2930098627
-0.8354437296 -0.3203024534 0.4465871842
0.0107648299 -0.03866062815 -0.9991944126
-0.514149994 0.4573447743 -0.7255932339
0.7160789425 -0.4709833462 -0.5151753446
0.5901947537 0.0840667744 -0.8028716773
-0.008888193201 -0.7397840471 -0.6727856744
0.4311018567 0.558240712 -0.7088853903
-0.9946780828 -0.1029480241 0.004149216825
0.9236689947 0.3570077407 0.1392158801
0.5548508389 0.6878410374 -0.4679906558
0.273542582 -0.6460414994 -0.7126042639
-0.9500497556 -0.08438067213 0.3004752305
0.9459477897 0.1081850913 0.3057429726
0.6762567025 0.6151874455 0.4052422476
0.1505640244 -0.9664287992 0.2081966634
-0.3338496793 -0.06459077375 -0.9404107739
0.4660433084 -0.8457369704 0.2598703746
0.9232624273 0.3488488314 -0.1609067531
0.6461874064 0.351116193 -0.6776129093
-0.7097827011 0.2144256034 0.6709919357
0.04441802924 0.90288803 -0.4275748401
0.1446322298 0.9773447012 -0.1545278396
-0.4186523949 -0.3362918654 -0.843586364
-0.3808831647 -0.8721541296 0.3070426503
-0.1339469614 0.4741081017 -0.8702182022
-0.9748787386 0.1703443213 0.1435069936
-0.00440396998 0.7384870142 -0.6742533166
-0.2371139968 -0.5695940588 -0.7869812963
0.8144839264 0.08187893514 0.5743794684
-0.5069552701 0.458028488 0.7302097358
0.613182601 0.7739124274 0.1583245165
-0.3581874629 0.9336292404 0.006179232707
0.9762461247 -0.1503019225 0.1560539528
0.2326040988 -0.84119317 -0.4881489362
-0.5024521825 -0.5740157379 -0.6465661118
0.1543186843 -0.9621229698 -0.2247334745
-0.8669955522 0.4253060448 0.2596795733
0.3706607555 0.8786421133 0.3009960814
0.4607754375 -0.1970468269 0.8653661331
0.6655244797 0.3232899996 0.6727263508
-0.6187435162 0.7852887823 0.02186297025
-0.5050274687 0.6848372906 0.5253048079
-0.3965954505 -0.3047042893 0.8659488119
0.831154434 0.3587441985 0.4248351526
0.298800863 0.03397080241 -0.9537106631
-0.1565586319 -0.5374805319 0.8286157569
-0.1347184085 -0.9801388665 -0.1455292164
0.1393292157 0.293359465 0.9457946891
-0.06045290736 -0.9027276109 -0.425944018
0.7032247103 -0.66165757 0.2601620011
0.1776135583 -0.1926166043 0.9650659395
0.8032093998 0.05999186426 -0.5926682346
-0.6089769748 -0.05336144257 -0.7913909278
-0.8735758756 0.4144834646 -0.2550855682
0.2888699482 0.7701361522 0.5687217774
-0.2483342312 0.8488955431 -0.4665902555
-0.3927620217 -0.9196297045 -0.00438188392
0.1993297344 -0.265502262 -0.9432794951
0.69904309 -0.2120622054 0.6829116923
