-0.2229244559 -0.207076454 -0.952588069
-0.7961940921 0.582121147 0.164954351
-0.02007225908 -0.2978963206 0.9543871785
0.2567653345 0.7093152887 -0.6564627821
-0.5728595121 -0.5017594612 -0.6481276282
-0.7833109402 0.4848472604 -0.3890335525
0.5562768444 0.2673949871 -0.7868011142
-0.29267157 0.7028696151 -0.6483191007
0.4004967346 0.872250071 0.2806816331
0.5224857978 -0.2341042802 0.8198803431
-0.4579363121 0.8756296239 -0.1535157835
0.1440169919 -0.945485672 -0.2920889419
-0.5912294042 -0.7743904798 0.2253157261
0.8805448402 0.3232134777 -0.3466609759
0.3256806212 -0.2129760875 -0.9211803945
0.06002194717 0.6818948414 0.7289833956
0.862688252 0.05820049858 0.5023760363
-0.995491315 0.0944666523 0.008549462943
0.07974871888 0.974663565 -0.208976259
-0.8495768192 -0.4981618189 -0.1733609831
-0.803383221 0.1869509433 0.565353646
0.4739206025 -0.6384037684 -0.6064980553
