-0.5863758596 -0.4391110737 -0.6806943633
-0.4726473935 0.1900499463 0.860514648
-0.9603417923 0.2765154056 0.03581720906
0.1376117787 -0.9324917193 0.3339493852
-0.2166708281 0.6688664723 0.7111057548
-0.07901961181 -0.2606569237 -0.9621922204
0.50715355 -0.08974849629 0.8571700439
-0.8613182649 -0.01412771422 0.507869328
-0.7745502539 0.411574986 -0.4802894284
0.7426291357 0.5500339327 -0.3820531896
0.1433129705 0.2566822245 -0.9558115024
-0.3886687539 -0.9114778996 0.1347020352
0.7066472211 -0.5262187957 -0.4730153105
-0.9239345499 -0.1187041957 -0.36366779
-0.6624431591 0.7478910442 -0.04275566594
0.2732179063 0.7103994587 -0.6486020234
0.7613140591 0.6240751334 0.1758724857
0.2103478723 -0.9515869383 -0.2241340479
0.2669829773 -0.5901032062 0.7619043876
-0.308566216 -0.8536098331 -0.4196869585
