0.9399885022 0.03089751569 -0.3398042954
0.8807709649 0.1894982619 0.4339734048
-0.7786785966 -0.357289713 0.5157554695
-0.2885414105 0.6781510243 0.6759105286
0.7578060909 0.6185079195 -0.2077928827
-0.8189023761 0.3332467622 0.467274538
0.7461393855 -0.121473417 0.6546145632
-0.6495559295 -0.5763899004 -0.4958344251
-0.5971951079 -0.7931198768 -0.1196614565
0.149349512 -0.3517431456 0.9241057747
0.5030671017 0.3079864431 -0.8075071777
0.3439953847 0.8335146873 0.4323429674
-0.2020262581 0.9180832121 -0.3410404766
-0.0348509828 -0.02877727035 -0.9989781167
0.05482256268 -0.900264933 -0.4318767615
-0.4414749685 0.832447409 0.3348599162
0.7574111002 -0.6238067208 -0.1928564242
0.5043067867 -0.4318782126 0.7477672594
-0.858302276 -0.4871647042 -0.1612071773
-0.1866038642 0.9807129231 0.05814774573
0.2173561514 0.9732344988 0.07463855499
-0.7274054848 0.005803907221 0.6861833395
0.5302692476 -0.7131869581 0.4584527107
-0.933982078 0.1893571784 -0.3030203574
-0.8037564157 0.5590412101 -0.2035891687
0.5411513901 -0.837699098 0.07358936159
0.5003367761 0.6437786589 -0.5789750847
0.1127452064 0.6786962829 0.7257133553
0.6235891707 0.2544827967 0.7391718693
0.1823201469 0.5541796144 -0.8121849044
-0.1380148085 0.3863725201 0.9119584356
0.9912770685 0.1215628663 0.05091407495
-0.5387564186 0.3708730657 0.7564355165
0.4389486195 0.8642993569 -0.2455824323
0.4305796063 -0.06215775653 0.9004096934
-0.1935234925 0.6922482663 -0.6952272978
-0.3630389396 0.05090825629 0.9303822213
0.2642251479 0.3467362151 0.8999772599
0.95406113 -0.2860572495 -0.08909887916
0.1485752746 0.8375779048 -0.5257267742
