-0.2510296096 -0.2245031158 0.9415850923
0.4743389556 -0.1547539516 0.8666335845
0.1570798081 -0.9731245813 -0.1683878948
0.08408225704 -0.9931459005 0.08118740285
0.3788242234 -0.4280499308 0.8205275525
-0.9315629451 0.12100054 -0.3428547049
0.4518538211 -0.2037514972 -0.8685122059
0.2399431502 -0.2424439551 0.940025645
0.8201723961 -0.09918951988 -0.5634524645
0.1118872366 0.8376609305 0.5346077176
0.1153697324 0.669428116 0.7338636265
0.7210516706 0.5366636772 0.4382654286
-0.5446806393 0.4721925262 0.6930780759
-0.3329601013 0.9426897501 -0.02176248885
0.839229352 0.01769880236 0.5434895097
0.9523577888 -0.2744531083 0.1330042614
0.1032805123 -0.8528666119 0.5118121512
0.4440818611 0.05565974575 -0.8942557203
-0.7036558271 -0.190069263 -0.6846474656
-0.00868388317 -0.7128723829 0.7012400131
0.6023101707 -0.3328910979 0.7255384037
0.5037140618 0.8424671906 0.1911051455
0.6982686663 -0.4789817574 0.5319749484
-0.5631173275 0.8262087763 0.01667133501
0.2500485655 -0.6842758229 0.6850126372
-0.3679379254 -0.4269755997 0.8260227117
0.6811344693 -0.7086590654 0.1840058799
0.7030466324 0.6766064078 0.2189273889
-0.8234807504 -0.3006775551 -0.4811158505
-0.9168676014 -0.3712652801 0.1466829685
-0.7539328609 0.6540941178 0.061205607
0.2275244612 -0.9293893269 0.2906339597
-0.396647285 0.8891603438 0.2281771556
0.008713587907 0.320782474 -0.9471128115
-0.5216004381 -0.3523615319 -0.7770291718
-0.5519847183 -0.791676699 0.2618413165
0.2360840661 -0.09534372682 -0.9670438912
0.2946515032 0.01208302986 0.9555283837
-0.3484083025 0.6444240465 0.6806829681
-0.2675931466 -0.6801674432 0.6824706273
0.06435195179 0.950403673 0.3042888179
-0.1146586404 0.7569303432 0.6433582608
-0.6786807135 0.06526542595 -0.731527794
0.5860287558 -0.6892280546 0.4260692269
-0.6409642787 -0.7673698769 0.01755749199
0.1686243803 0.8454729958 -0.5066963901
-0.1274779462 -0.5269397188 0.8402879899
0.8472647956 -0.5131031063 0.1373592679
-0.6023005676 0.6283755566 0.4923191913
-0.116292102 0.3252348017 0.9384553643
0.9148680635 0.199895571 -0.3507965039
-0.4231342181 -0.9040021787 0.06113505115
-0.4259217459 -0.7598403065 0.4911551435
0.3310526307 0.5303987392 0.7804366298
-0.8922793957 0.4381871646 0.1087634537
-0.7748497106 0.5488380652 0.3136633613
-0.6916694427 -0.3970722835 0.6032636105
-0.6125877935 0.7464192893 0.2599893072
-0.886842262 0.3144975829 0.338529279
0.6436830228 0.6252812092 -0.4412432159
-0.1037453521 0.5592103907 0.8225087482
-0.9395070332 -0.1380207118 -0.313491336
-0.5635821277 -0.259672792 0.7841844339
-0.1339544097 0.5149354423 -0.84669812
-0.3140561554 -0.2682712791 -0.910713595
0.5171628544 0.1019556568 0.849792696
0.1610783928 -0.8917067577 -0.4229808621
-0.9653718822 -0.2487038737 -0.07876237868
0.3569431313 -0.8024756968 0.4781467944
-0.7535001428 -0.6247714793 0.2046903356
-0.6587290107 0.2385460625 0.7135627979
-0.3315061976 0.4331252117 0.8381564245
-0.8576413325 0.3711798658 -0.3559169173
0.4686770601 -0.8539623728 0.2260311464
-0.8151368792 -0.4393939027 0.3774716763
-0.115257002 -0.4360929959 -0.8924901806
-0.9879807884 -0.08913850614 0.1262865333
0.3353671988 0.7227134879 0.6043294271
-0.08526684386 -0.1656954473 -0.9824838849
-0.397297276 0.7888445242 0.4689127756
0.2712167664 0.951461877 0.1454708292
0.03345623603 0.06604568591 -0.9972555578
-0.501339775 -0.5685081609 0.6522705735
-0.740701415 0.4092052754 0.5328343611
0.9936043453 -0.01783347391 0.1115005479
0.1759714118 0.979735869 -0.09566446203
-0.3242736883 -0.863919752 -0.3853430123
0.5407231308 0.5632532304 0.6247914006
-0.4888185403 0.5869516229 -0.6454023761
0.3175252465 0.8996903651 -0.2995579491
-0.872173718 -0.4183713817 -0.2535318376
-0.659797801 -0.01952449819 0.7511894939
0.7879967009 -0.2368130564 0.5683139764
-0.8341551754 -0.5506021008 -0.03197608339
-0.5429388031 -0.7264185419 -0.421347313
0.03167902539 0.9499280787 -0.3108586249
0.9750796756 -0.1909152193 -0.113008872
0.9402140853 -0.05921398256 -0.3353970455
-0.7982489226 -0.1601186868 0.5806553743
