0.4980157413 -0.655821729 0.5673430895
-0.4670078111 -0.7231150109 -0.5089286643
-0.9019764526 -0.4317285758 0.006993987132
0.71408631 0.6617980263 0.2282632564
-0.7806418164 0.5098721431 -0.3614259982
-0.7363836872 0.3797023488 0.5599689202
0.2461002962 -0.883333072 0.3989452697
-0.519676305 0.6863044309 0.5088445403
0.5697354455 -0.7915774259 0.2209223868
-0.9371555104 0.3439098185 -0.05886922871
-0.2718535704 -0.3149154586 0.9093535562
-0.9974070255 -0.06570489775 0.02936140294
0.2353252438 -0.9040717656 -0.3567580024
-0.4888099171 0.05322920677 -0.8707649031
0.02466156723 -0.5569446012 0.8301834245
-0.9104778974 0.1521067662 -0.3845692786
0.4038418412 0.8350202968 -0.3737015804
-0.2512588193 0.9674696775 -0.02951997325
0.531240156 -0.07753642977 -0.8436658098
-0.2274136153 -0.5932751248 -0.7722096049
-0.179077342 0.05782595242 0.9821341379
-0.9253076859 -0.2190215377 -0.3095726932
0.08189931417 0.9852702173 0.1501169587
0.805939352 -0.008594868438 -0.5919357137
0.5477816482 -0.8219214054 -0.1561424645
-0.7610543029 -0.08053022278 -0.6436701261
-0.4371467143 0.4397930013 0.7845284356
-0.3749102265 0.4123538329 -0.8303051479
-0.07912906336 0.4153545718 0.9062114384
-0.8026112324 0.5509911658 0.228525589
-0.08285016856 -0.8146356487 0.5740249206
-0.3773881601 -0.6101799862 0.6966050251
-0.6841180509 -0.5460173082 0.4835779065
0.1873302035 0.1536582018 0.9702043866
-0.9352352082 0.2004264473 0.2918293071
0.184815289 -0.7044686844 -0.6852497221
0.8993437839 0.2654274932 -0.3474607952
-0.6820689967 -0.7167101375 0.1452875168
-0.1121115784 -0.8558310211 -0.504959659
-0.08707465774 0.2117443091 -0.9734384169
0.4444140848 0.8909929575 0.09288525637
-0.08099146097 -0.9701688303 0.2285012558
-0.488026094 -0.3210489754 -0.8116391359
-0.6098240389 -0.2788875457 0.7418466003
-0.6917650032 0.2937215782 -0.6596884225
-0.719098314 -0.4415715586 -0.5365744808
