-0.5686185393 -0.2853377315 -0.7715279229
0.7254734563 -0.4104444787 0.5524704463
0.07878551483 -0.9824357778 0.1691531409
-0.7784456158 -0.5600867346 -0.2834171359
0.02992383117 -0.1033026943 -0.9941997373
-0.4353080773 -0.8947870307 0.09931287689
-0.5659368547 0.7923974236 -0.2276440195
-0.5329558075 0.07221261624 0.8430560155
0.9065434609 -0.4180393095 0.0584986264
0.3910101493 -0.5652504645 -0.7263628402
0.1623045662 -0.9237093095 -0.347013457
-0.8458137194 0.2617603912 0.4648447586
0.3933819624 -0.1942362734 0.8986227805
-0.2924489337 0.6874633029 -0.6647313956
-0.9926654426 -0.07884241623 0.09164710878
0.8022513787 0.5457300321 -0.2420154075
0.1282496339 0.5705665447 0.8111755972
0.2126858841 0.7966077816 -0.5658451705
-0.08525622677 -0.4126144753 0.9069072006
0.901836827 0.06902059297 0.4265284225
0.3520649933 0.8378988013 0.4171041108
-0.6404173239 0.712371464 0.2870410224
0.5684704497 0.4327924395 -0.6996656716
