-0.3286480202 -0.8468306826 -0.4181725407
0.2285075081 0.958488905 0.1705383764
0.1182737752 0.1517027344 -0.9813244084
-0.8545830148 -0.009095862501 -0.5192351454
-0.253163332 0.8924551132 0.3734062108
0.8880642189 0.3832647093 -0.2538702537
0.1616542878 -0.07786065108 0.9837711168
0.724042077 0.2369835667 0.6477668252
-0.6149304904 0.7881901162 0.02483611474
-0.2372050104 0.888692236 -0.3923772326
0.4832146965 0.8141697095 -0.3219180661
-0.3570630408 -0.5596485267 0.7478632973
0.3690637359 0.9259145832 -0.08046206286
-0.2249520009 0.5907381585 0.7748709734
0.2931793274 0.7728880367 -0.5627521344
0.08857595971 0.6676217438 -0.7392127614
-0.8372928369 -0.1542684023 0.5245397652
-0.8851707513 0.1211452105 0.4492177411
0.5868073703 -0.3090641208 0.748422661
0.3876553752 -0.7223283221 -0.5726823772
-0.8584216958 0.386690843 0.3370198572
-0.496223031 -0.8488841107 -0.1820946735
-0.5475912905 -0.6360308528 0.5436989359
0.02122266592 0.3999203986 0.9163041379
0.9690239639 -0.1723492629 -0.1768849597
0.717426237 0.6642081947 0.2100644389
0.04900765147 0.9177960722 0.3940160149
0.4322740045 -0.01596232065 0.9016010145
0.9445451896 0.158043302 0.2878483967
-0.6709806504 0.6867324328 -0.2796131838
0.2249779354 -0.7362579577 0.6382077627
-0.9689408551 -0.2470340007 0.01130582711
-0.2421855607 -0.1981426229 -0.9497818987
0.4563582354 -0.8659621625 0.2045646456
-0.7495079772 -0.429376513 0.5038587125
-0.2015747819 0.972396485 -0.1175273725
0.66540231 -0.5316423726 0.5240192301
0.08448633553 0.9933528918 -0.07817986654
0.8199313354 0.5707638084 -0.0440599629
0.562037087 0.4884286448 0.6674966455
0.4984502639 0.2561634772 0.8282074664
0.4408270552 -0.5553146138 0.7051930141
-0.5195962776 0.7909870799 0.3230466651
0.7620473003 0.4548194475 0.4608938949
0.9969185691 -0.02878195937 0.07297236053
0.338135029 -0.289673572 0.8954071274
-0.6214335188 -0.7803526286 0.06978650846
0.7269419664 -0.06069649989 -0.6840111931
-0.08158863745 -0.4272575568 0.9004411554
-0.3443212614 -0.3063376007 0.8874683901
-0.6718844713 0.03246266953 -0.7399442089
0.1074160071 -0.7911434559 -0.6021244336
0.318785312 -0.05417392299 -0.9462775021
0.8823134633 0.4264905482 0.1990697486
0.09280755064 -0.9842415428 -0.1505169226
0.9422608802 -0.3284134133 0.06549094346
0.7417189668 -0.6295978125 -0.2312132539
0.2933236327 0.4602387707 0.8379388525
0.5390767978 0.09827207314 -0.8365039185
0.6350404131 -0.5908962522 -0.4975593361
0.07837314823 0.6397673672 0.7645622052
0.3725679786 -0.9214070502 -0.1104633385
-0.4897338322 0.4850443188 0.7244948464
-0.8096351993 0.5850743814 -0.04667774911
-0.7324086867 0.335333378 0.5925614241
0.7100347261 0.6351392389 -0.304054
0.2140112582 0.9205900569 -0.3266697544
0.2606767844 -0.3348492762 -0.9054963149
0.791585632 -0.2721006066 0.5471320198
0.9330242552 -0.1780065655 0.312696981
-0.5254787993 0.2152107379 0.8231381231
0.342518658 0.6765422167 0.6518984568
-0.5665375754 -0.6862579524 -0.4561635654
0.5796672067 0.3640149804 -0.7290260788
0.1820544293 -0.5249676639 0.8314235603
0.04229389211 -0.1274979493 -0.9909366779
0.01654664679 0.8501247684 -0.5263212769
-0.9583100888 -0.1026923454 0.2666384368
-0.8380870233 0.4517687311 -0.3058024771
-0.4688374527 0.7400464816 -0.4822060223
