-0.5322174929 -0.7705813629 0.350640704
0.8245263595 -0.09596480873 0.557626253
0.3069638618 -0.1859595105 -0.9333767985
0.9143277771 -0.2344550024 0.3302053421
0.3516156878 0.8773615526 0.3265013233
0.1382293896 -0.9695064306 0.2023608579
0.07147522327 -0.4823285364 0.8730695708
0.2335884455 -0.009860296178 0.9722855613
0.7981646998 0.1746759378 0.5765599957
0.1311122983 0.9893800441 -0.06274307512
0.5722865518 -0.6781187009 -0.4611324432
-0.3331130083 0.5010578844 -0.7987344491
0.9369082319 0.03662727286 0.3476512734
-0.5763014543 0.8150674694 0.05951179729
-0.1089421497 0.3728956604 0.9214556064
0.5340365395 -0.2627422149 -0.8035990934
0.5866725806 0.4125538071 -0.6968605595
0.1234063252 -0.6124532279 -0.7808149093
0.6559025538 -0.2407664577 0.7154183061
-0.4285004267 -0.263356579 0.8643093755
0.5151760915 0.5486477152 0.6584673716
-0.6539217571 -0.02876612614 -0.7560151094
-0.77114183 0.3796127017 -0.51111102
0.7363185785 0.6365169151 -0.2295237848
-0.3718653988 -0.4009694068 -0.8372213925
-0.6580727868 0.6153273283 -0.4339498661
-0.05298746144 0.1068558805 0.9928615965
-0.9749063871 -0.1857641077 -0.1226753144
-0.2439479475 0.2787595596 -0.9288608652
0.345868074 -0.4594191179 -0.8181132865
-0.9901771111 0.08610002336 -0.1101638533
-0.1128533712 -0.6452082098 0.755625888
-0.7830896333 -0.5496214498 -0.2910101169
-0.8854535128 -0.3042823093 -0.3512610895
0.7535612443 0.6560468855 0.04180831453
0.1012322845 0.9389098781 -0.3289380873
0.459272352 -0.8137179379 0.3562752086
-0.1203329686 -0.5044846123 -0.8549942998
-0.669506966 -0.1545672485 0.7265462051
0.7600316217 -0.4821382918 -0.4357689774
-0.3993963707 0.6971995451 -0.5953111231
0.7333778973 -0.2817942613 -0.6186669977
0.8315929231 -0.4865633258 0.2677859971
-0.9358232317 0.3478442126 -0.05691469723
0.8615666474 0.4062767214 -0.3043717097
0.8101407418 -0.5860456231 0.01491663592
0.3518659214 0.7460307731 0.5653569306
-0.2924757986 -0.8238903549 0.4854509145
0.72740834 0.4340277729 0.5315044678
0.3691425882 0.9274889359 0.05914408926
-0.1082470761 0.9918199251 0.06764470915
-0.5907783045 -0.6810935137 -0.4325420449
-0.9738964178 0.1721365299 0.1479688567
-0.3507226026 0.9209183644 0.1700088882
-0.1293711166 0.8011989114 0.5842460257
0.152985971 -0.6860223963 0.7113146733
0.9666084405 0.2086175463 -0.1488181512
0.3895745423 -0.9140836061 0.1126181025
0.1237655562 0.9700411747 0.2090507271
-0.9395243769 -0.01822752068 0.3419966413
0.115887529 -0.9353498549 -0.33420163
-0.1721296827 -0.2548881413 -0.9515268823
0.0321021939 0.8237065088 -0.5661069126
-0.1669639869 -0.3583192708 0.918547945
0.6962544803 0.5345031637 -0.4790992243
-0.5722288572 -0.7984390972 -0.1872141634
0.8140867499 -0.02428909648 -0.5802351277
-0.7173158894 0.6572410301 0.2312836854
-0.885494209 0.2434808866 0.3957487381
0.8212889661 0.2408047395 -0.517201616
0.4765782085 0.6520210926 -0.5896962828
0.3462373468 0.9138495153 -0.212129119
-0.6051482477 -0.302339287 -0.7364689768
0.4655523398 -0.1292704621 0.875528507
0.3606217731 -0.6714456198 -0.6473891538
-0.2083042058 0.8702659258 -0.4463704474
0.5674849579 -0.492542231 0.6598204098
-0.006045854569 0.1591951945 -0.9872286147
-0.6563122466 0.730922408 -0.1871006905
0.566029859 -0.4927703877 -0.660899042
-0.9039409495 -0.427575215 -0.008378260919
0.3504683207 -0.8330414636 -0.4280349005
0.1159759997 0.8775086856 0.4653257721
0.881003858 -0.4300914722 -0.1971129823
-0.5719388735 -0.8159006714 0.08480577478
-0.4960241977 0.0006971757469 0.8683084183
0.2536151358 0.07958596444 -0.9640256413
-0.3486426115 -0.5116951822 0.7852492406
-0.1093390205 -0.7186456474 -0.6867265919
0.4425075269 0.1421532098 0.8854261988
