0.1041960624 0.6302003266 0.7694093377
0.3542577242 -0.4677194361 -0.8097777435
-0.466674432 -0.3088040001 -0.8287671953
0.18742894 0.8351437594 -0.5171124573
-0.3669140431 -0.4784618697 0.7977771144
0.05411451163 -0.9967859849 0.05907046517
0.09633324548 -0.9032822726 -0.4180921451
-0.01582050777 -0.1988194987 -0.9799084235
0.7525500132 0.2209928813 -0.6203471802
-0.749540931 0.2668478049 0.6057892718
-0.5464084186 0.7153079876 0.4356286526
-0.4212022693 -0.005868931505 0.9069477405
-0.5731459682 0.4929813489 -0.6545785582
0.3849445648 0.8221675504 0.4193545053
-0.2963769581 0.8407998956 -0.4530079847
-0.9714435902 -0.01296455516 0.2369161697
-0.5911521643 0.804836846 -0.05269506526
0.3477456369 -0.1547212951 0.9247347149
0.9635825251 0.119165241 0.2393916513
-0.7381998523 -0.4885227378 -0.465195134
0.8832715933 -0.3580704612 0.3026827336
0.6296857887 0.6507387005 -0.4243052571
0.8513597482 0.5245181023 -0.008206063822
-0.4249007137 -0.9032312295 0.06027212918
0.7573464841 -0.04101725462 0.6517237819
-0.870411483 0.4604155686 0.174359842
-0.1131497961 0.5687084271 -0.8147194907
