-0.05086530717 0.8040084232 0.5924383309
0.2275459875 -0.9566939788 0.181547389
-0.5168446297 0.2056053252 -0.8310223096
-0.6818758195 0.7259647289 -0.0895576866
-0.3461658944 0.7300757942 -0.5892015854
-0.09957256021 -0.9802870977 -0.1706531905
-0.652413147 -0.6813490062 0.3318442668
0.3938217008 -0.8805755126 -0.2636119016
-0.07054130544 0.4657717714 -0.8820887604
0.5520495281 0.8256810571 0.1161555444
-0.7950928374 -0.4613670353 -0.3936595466
0.9513720151 -0.03025198053 -0.306555226
-0.8140684751 0.4914982613 0.3093896847
0.7180882268 0.3055890113 -0.6252716647
0.1442884598 0.4653930869 0.873264058
-0.7362208872 0.4658997269 -0.4908322012
-0.4821959711 0.5963346047 0.6417726113
0.241272078 0.9272935144 -0.2862071323
0.3198500957 0.6606998996 -0.6790961338
0.8637612547 -0.002034240968 0.5038971689
-0.2870421905 0.2577192257 0.9225982774
-0.5724486545 -0.2690792012 -0.7745314206
0.4203708215 0.7104011245 0.5644631208
0.3422037786 0.2202784379 -0.913440739
0.700762085 -0.1706067223 -0.6926946272
-0.9208394108 -0.3845726501 0.06448764528
0.9572521456 -0.2663733911 0.1127543628
-0.1134304373 -0.0004323341889 -0.9935458464
