0.9570931187 0.1021320787 0.2711859154
0.7720875694 -0.3522420306 -0.5289672363
-0.09288130216 0.2964588183 -0.9505184021
0.12607729 -0.2035752135 -0.9709076421
0.8930367044 -0.1811622571 0.4119049419
0.5362576419 -0.1980240283 0.8204963289
0.193989809 -0.7433120637 -0.6401992893
-0.6419233169 -0.7302681499 0.2337581752
-0.2903457766 -0.01746686155 0.9567623732
-0.9933867827 -0.1148005136 0.001882032136
-0.5177990463 0.8041130068 -0.2920383878
-0.01720423266 -0.04825567586 0.9986868399
-0.616210436 -0.6139654442 0.4932860548
0.3403560337 0.3483224349 0.8734009684
-0.05669482271 0.8904022089 0.4516299408
0.1302656836 0.6554863598 -0.7438874134
-0.7701218213 -0.3533225853 0.5311078337
0.9827350038 -0.1264117824 -0.1350998655
0.7957272697 -0.6044217372 -0.03863257407
0.2832537714 0.5923377874 0.7542567511
0.113479348 -0.9890629364 -0.09421754311
0.8497525259 0.06756446943 0.5228342828
0.7168391938 0.2795656199 0.6387367489
-0.05617576184 0.9032164137 -0.4254931185
0.6926287086 0.5237317935 0.4959541112
0.9306492515 -0.3658129025 -0.008537622446
-0.1142039359 -0.9621469648 -0.2474483363
-0.006884739553 -0.6207513449 -0.7839772753
-0.5372094174 0.02889852296 0.8429536863
0.3141609889 -0.8206966715 0.4772419162
-0.4368090536 -0.8045003777 0.4024636542
-0.3866539266 -0.6674268659 0.6364276234
0.3757937087 -0.9259569731 -0.03718564961
0.533406435 -0.8130533977 -0.2332846921
0.7207876018 -0.623254722 -0.3033459816
-0.2838760631 0.91177343 0.2967888022
0.5275626576 0.4672105131 0.7095012183
0.9777165233 -0.1456976224 0.151137695
-0.07134922974 -0.3888424371 -0.9185373408
-0.8453279119 -0.08804816891 0.5269423511
-0.5431785231 0.6564151933 -0.523522861
0.6079107335 -0.5728188985 -0.5498391125
0.1928973061 -0.4517747583 -0.8710282413
-0.01956568708 0.9860925435 -0.1650414477
-0.8751407399 0.4093135262 -0.2580525577
-0.8753342869 0.396287553 0.2770307952
0.8165054969 0.5764117701 -0.03268401441
-0.6351283248 -0.7714300875 -0.03882822624
0.3429173548 -0.6164138397 0.7088311971
0.5669174658 0.4363020746 -0.6987453661
0.1852169024 0.8252049375 -0.5336023896
-0.1102420335 0.752115342 -0.6497454935
0.7376418677 -0.4636483767 0.4908305795
0.798120581 0.5163472262 -0.3104659084
-0.670562575 -0.1788009267 0.7199833759
0.3923882534 -0.5700615598 -0.721845743
-0.7379674529 0.228549345 -0.6349560893
0.4442742587 0.8874168572 -0.1229296731
0.3153219475 0.858254395 0.4049338994
-0.9551882363 -0.1096622419 0.2749356761
-0.5587279748 0.4449808817 -0.6998678912
-0.1437209064 -0.7817612934 -0.6067895691
0.4214570879 -0.7656739778 -0.4859190084
0.1816193567 0.2706331635 -0.9453952084
-0.2838754215 0.9326366698 -0.2227186278
0.9280778467 0.3465245897 -0.1363532882
0.2090245991 0.9778482793 -0.01102087619
0.1066121363 -0.5449206051 0.831682263
0.9049377686 -0.1486987294 -0.3987183502
-0.3847872138 0.2543950003 0.8872553093
0.8561938672 0.3214332262 0.4044907204
0.4165611178 0.8964313757 0.151286562
-0.6077043488 0.7935360044 -0.03156000701
0.6786163285 0.02180646933 0.7341691608
-0.929039607 -0.3427226687 -0.13937927
-0.7927775404 -0.5596092288 -0.2415394017
-0.3035770101 0.118624967 -0.9453936303
0.2240772156 0.9326860859 -0.2826412331
-0.1883950407 -0.1372080583 -0.9724614426
0.5962465412 0.7405017274 0.3100762064
0.4426887495 0.2290450256 -0.8669285134
0.732536403 -0.1187715836 -0.6702863039
0.7317115514 -0.6427609386 0.2268404316
0.3218636279 0.472527876 -0.8204396452
0.4739542563 0.6866182671 0.551291863
-0.5813445629 0.3638331365 0.7277801509
-0.3374040421 0.3851653932 -0.8589564205
0.4596277789 0.09985585047 0.8824800927
