-0.00784854414 0.8630179595 0.5051122667
-0.9585028316 -0.2820158331 0.04170601611
-0.816848585 0.1350283164 0.5608259471
0.6457362827 0.5171731968 -0.5617441924
0.872180296 -0.3759309297 0.3130135258
-0.4490634469 -0.5514084084 -0.7030581682
0.31774111 0.782131191 -0.5360143534
0.5920360842 0.7591580614 -0.2705038131
-0.2417251583 0.07307970174 -0.9675889132
0.0105892089 0.6754323315 -0.7373459393
-0.588162281 0.07118366919 -0.8056041313
-0.5070549893 0.8600620506 -0.0564668659
-0.4998058439 -0.8618410983 -0.08616286775
0.8944515463 0.2961160389 0.3350697283
-0.3424411019 0.4195078161 -0.8406826297
0.06663781733 0.6145007532 0.7860968297
0.78776256 0.614802171 0.03805837143
-0.6403478523 0.6762442313 -0.3642092362
-0.1465482343 0.9863455364 -0.07514052048
0.3406934327 0.139487062 -0.9297695115
0.0210055917 0.3492770172 -0.9367840361
0.3441352794 0.4977912463 -0.7960997328
0.8592648423 -0.413086577 -0.3017008627
-0.9849121648 0.0363905959 -0.1691855553
0.5352229387 -0.1732541638 -0.8267523212
0.08969990859 -0.1436226935 -0.9855589522
0.7930724006 -0.6087945054 0.02013498352
-0.8755213449 -0.2497322846 0.4136377167
-0.302370519 0.9150980646 0.2667725648
-0.04095439425 0.9006606123 -0.4325889493
0.8485701942 -0.05901775244 0.5257808768
-0.9753474728 0.05979501197 0.2124190759
-0.6244165457 0.7146198689 0.31531321
0.6621616351 -0.403524576 0.6314347833
-0.3667364051 -0.8185741718 -0.4420867951
-0.6999724792 -0.2655806585 -0.6629520662
-0.6636650726 -0.1730953153 0.7277270664
-0.6832533925 -0.606994451 -0.4058602446
-0.2729846206 0.4506620715 0.8499312291
-0.1446287912 -0.9743312106 -0.172514361
0.2561873567 0.9465003418 -0.1962272696
0.2499633247 0.3061203019 0.9185906036
0.3526168579 -0.7232506313 -0.5937759475
-0.3448462374 0.7192301449 -0.6031492943
0.6388587283 -0.4700805419 -0.6090023066
