0.9776170657 -0.2083732593 -0.02907675598
0.6835307968 -0.298730729 0.6659921931
0.2036212347 -0.9317084482 0.3007619661
-0.3105860294 -0.5769876043 0.7553950112
0.0282466135 -0.3553235769 0.9343164799
0.9224798921 0.079668891 -0.3777349818
0.1044066522 -0.7164056444 0.6898276623
-0.2046568176 -0.7287352162 -0.6534987159
0.3722020926 0.1678799685 -0.9128427676
-0.105788189 0.4931734917 0.8634748208
-0.9221043588 0.05609871403 -0.3828530865
0.5127594339 -0.6811387366 0.5226162879
0.5962814467 -0.7302671833 -0.3334040752
0.9726017765 0.227697709 0.04689922958
0.6936645914 0.1419947676 0.7061635226
-0.83243176 0.3652380313 0.4167235839
-0.3279775015 -0.3543617294 -0.8757045867
-0.5893584723 0.8012159825 -0.1034869103
-0.675862694 -0.3511740942 0.6479863999
-0.5168445674 0.4939597256 0.699196312
-0.2605699648 0.9536156475 0.1507331761
-0.3841484168 0.09256340496 -0.918619622
-0.543565058 -0.8287086862 0.133337696
0.01565148428 -0.08073551889 -0.9966126665
0.777461884 0.6057409801 0.1692066308
-0.6834904453 0.08467125188 0.7250321305
0.6035278867 0.5544327403 0.5730256769
-0.2233544833 0.7959260354 0.5626850993
0.4319297 0.8525188832 0.2943608126
-0.8210479996 -0.5080388662 0.260339572
-0.8292604753 0.4785461014 -0.28865324
-0.2238052002 -0.8714439067 0.4364593335
-0.147782817 -0.9888825552 0.01647819827
