-0.07485071631 -0.3003532137 -0.9508865954
0.5029373658 -0.3131806363 -0.8055879189
0.1825426105 -0.944126825 0.2744134357
0.6308694068 -0.4975773809 -0.5953322951
-0.908265142 0.1123826555 -0.4030193179
0.7282090772 -0.1559302808 -0.6673809163
0.1819170404 0.7691147445 -0.6126734042
-0.8064238196 0.4008207805 -0.4347681281
-0.4056524734 -0.818180734 0.4074633203
0.3241607952 -0.6498652436 0.6874554124
-0.7868545537 -0.56475263 0.2488259999
-0.5201756156 0.08350015644 -0.8499676775
0.5927930319 0.7882141649 -0.1652720531
-0.7138381628 0.6451124002 -0.2725161803
0.2419975088 0.9569494089 0.1602655129
-0.8829685536 -0.2963246981 0.3640854386
-0.9189686419 -0.3931508528 0.03048019247
0.566037601 0.05427557914 -0.8225907827
-0.9730446662 -0.1615906402 -0.164537359
0.5245955261 -0.3783465383 0.7626620687
0.7049191579 0.111662365 0.700443072
0.4321174051 -0.7623643112 -0.481741845
0.3198855365 0.2123555236 -0.9233517071
0.1135856555 -0.8271702257 0.5503523567
0.02377600171 0.2881402557 -0.9572930036
0.859008317 0.4354805365 0.2691865776
0.7584129018 0.1887112294 -0.6238573093
-0.7620906097 -0.6456693976 -0.0482590063
-0.8634452658 0.4777194061 0.1620075369
-0.9843976919 0.1401750449 -0.1063585489
-0.3655681165 0.5849812279 0.7239868198
0.2207380257 -0.9200940186 -0.3235764531
-0.02598535744 0.5991659587 0.8002030462
-0.7381804325 0.189439766 -0.6474582799
-0.9622007822 0.1885286532 0.1965365148
0.2656740674 0.5040610098 0.8217905988
-0.1129451697 -0.9269114023 0.3578807637
0.4506815805 0.6221868302 -0.6401325341
-0.34692329 -0.1594904963 -0.9242332024
-0.3248202638 -0.9360670982 0.1351672446
-0.7070762854 0.7065529818 0.02874039767
-0.8710963038 -0.1887077852 -0.4534099705
0.4829926869 0.6274067763 0.6108017693
0.8358482266 -0.3305692664 -0.4382712656
-0.1992872547 -0.7426012022 -0.6393966254
-0.2445175316 -0.4968099673 0.8327010467
-0.3244828247 0.09462722336 0.9411464206
0.8946851075 -0.02206572575 -0.4461520617
-0.5292924793 -0.3540409369 -0.7710411703
0.9838633183 0.1127774655 -0.1389036148
-0.03268463122 -0.9975810275 0.06134988523
-0.4987245438 0.8547896114 -0.1435567822
-0.2412895575 0.4203907687 -0.8746719105
-0.4901048414 0.8500859937 0.1927460708
0.6653914688 0.664792533 0.3395660191
0.2176528607 -0.3799189127 -0.8990488597
0.6791511081 -0.6533081778 -0.3345776401
0.6995699142 0.4784021754 -0.530785544
-0.261511245 0.964947911 0.02207708862
-0.7163180421 -0.4391665787 -0.5422371979
0.03197254426 -0.6248736326 0.7800709581
0.38176335 0.8312839653 0.4040095465
0.5922434373 -0.5893789663 0.5494362065
-0.03281612389 0.01638567176 0.9993270795
0.5252165456 0.8409694203 0.130069267
-0.2374156594 0.1259057043 -0.9632141809
0.8912029268 -0.43122524 0.1407200612
0.5402423497 0.3548784992 -0.7630199568
-0.07334268389 -0.907906421 -0.412706653
0.1469406327 -0.7916288693 -0.593070134
-0.4051086081 0.8045427987 -0.434278598
