-0.280787981 -0.9595290439 -0.02149706015
-0.31378707 -0.752037332 -0.5796356838
0.8608308645 -0.4543296468 0.2292483254
0.2254846883 -0.9017822034 -0.3687078965
0.7292494726 0.6761317038 -0.1050767618
-0.6018590071 0.3102026007 -0.7358940699
0.5466634817 0.8324961161 0.09005139849
0.0172737034 -0.0005007474396 -0.9998506731
0.9250382254 -0.3757590635 -0.05576206428
-0.84021161 -0.4606332185 0.2861144673
-0.8965975068 -0.4427200137 -0.01057828908
0.9139034182 -0.08093353731 -0.39778173
0.7518361397 -0.1714637554 -0.6366652179
0.1618388999 -0.5077512539 -0.8461659616
0.06295775411 -0.5713521736 0.8182866337
-0.2183694984 -0.9367133456 0.2736473467
-0.8906961698 -0.3444672322 -0.2966524213
0.5240434323 -0.03553048069 0.8509500961
-0.4484038817 -0.57477298 0.6845217165
0.1989901365 -0.7509756158 -0.6296336634
-0.9857922911 -0.1198382777 -0.1176959896
-0.02563548267 -0.2965491643 -0.95467346
0.7540570741 -0.0496012998 0.6549333096
0.5375174489 -0.828631552 -0.1563481474
0.8642527675 0.2116956239 -0.4563464876
0.3804767073 0.7891551284 -0.4821531484
0.04659705884 0.8668961117 0.4963062015
-0.5585913058 -0.2583940897 -0.7881676519
0.639625943 0.6559554963 -0.4007505956
-0.2583115042 -0.4591221262 -0.8499894353
-0.07073239768 -0.6692746451 -0.7396407083
-0.9908408168 0.08463879658 0.1052176315
-0.3083731735 -0.1732327822 -0.9353589627
0.5418402273 0.7492348528 0.3808625781
-0.6908884364 -0.4227230398 0.5864967179
0.2182099163 -0.9257312124 0.3088788675
-0.2594955761 -0.1737652086 0.9499829989
0.01749343412 -0.9954632136 0.09352523799
-0.9674829882 0.1750995055 -0.1825289861
0.9151052271 0.04108073802 0.401116936
0.7493252821 0.6332311515 0.1937264317
0.2664563019 -0.9609358146 -0.07485585702
0.424550859 -0.5649963237 -0.7074854927
0.7142661019 0.517595929 0.4710821477
-0.4510433541 0.7793548723 -0.4349320359
0.2284879334 0.4602640222 -0.8578754538
0.4658096141 -0.7491177299 -0.4710032167
-0.7059666952 -0.1212595374 0.6977873242
-0.5269624257 0.2948033801 0.7971207995
0.4687624861 -0.5775557448 0.6683495293
0.8582595593 -0.3745766782 -0.350831642
0.01810093515 0.9782967245 0.2064167506
-0.4953233823 -0.3050994841 0.8133689518
0.7717698711 -0.6352337497 -0.0291435975
0.7032217582 -0.6329551842 -0.3238007004
0.6758425854 -0.6926351222 0.251978942
-0.4631140339 0.8754042593 -0.1385379888
-0.2207178043 0.7460547968 -0.6282403131
0.1751631681 0.7046060868 -0.6876395327
0.962862226 0.2094747012 -0.1703428405
-0.3115802618 0.4041016516 -0.8600113927
0.6758784187 -0.4582177467 -0.5772563207
-0.4982231366 -0.5352308504 -0.6821302243
0.7052011087 -0.5106470091 0.4918648477
0.267782804 -0.2105245864 -0.9401977284
-0.7776124095 -0.2425747729 -0.5800658756
-0.0132059107 0.3047429668 -0.9523430727
-0.4980926716 -0.84170444 0.2084162331
-0.2887603983 -0.9028469589 -0.3185667923
0.01765338954 0.8713389556 -0.4903639283
0.4915051193 -0.003545672354 -0.8708674675
-0.2555181229 0.1237202483 -0.9588554578
-0.8554101714 0.2509108525 -0.4531193913
