0.1794598838 0.1430719101 -0.9733060046
0.2704987004 -0.8510444252 -0.4500598176
-0.3204810262 0.4180505975 0.8500150644
-0.4645112619 -0.5693062982 0.6783211823
0.4073152356 -0.1080273043 0.906876177
0.8422900267 0.04667981182 0.5369995401
0.6544050981 -0.5139765312 0.5546008411
-0.26928226 -0.4637638248 -0.8440439439
-0.4855059575 -0.8589171463 0.1629272877
-0.7984844616 -0.5539221234 -0.2357813518
-0.7445980479 0.4972743893 0.445299819
-0.9458854052 0.3144677046 -0.08006786458
-0.9566921268 -0.2002713848 0.2112617971
0.08403111501 -0.9525444153 0.2925712026
0.5972941089 -0.8009991967 0.04049733837
0.698807082 0.02734525043 -0.7147873107
0.1165761703 -0.6167342499 0.7784914011
-0.3193015137 -0.8568435905 -0.404803168
