-0.1810540694 -0.07007702808 -0.9809733096
0.8259022825 0.5509415996 0.1197863664
0.8776339182 -0.4724841715 -0.0807304981
0.5952831977 -0.6464018792 -0.4772866279
0.4265843792 -0.8621706411 0.273290236
-0.6707095394 -0.4749456384 0.569715152
-0.9381449135 0.2364630815 -0.2529215934
-0.03997661844 0.9109517299 -0.4105713285
-0.3534361947 -0.8042122431 0.4778342018
0.2857161632 -0.8905874088 -0.3538648633
0.1004823817 0.2319946612 -0.9675131876
0.143784103 0.9461732396 0.2899695371
-0.7456656439 0.6002155837 -0.2893509991
0.06231043548 0.4548135199 0.8884042277
0.9705058178 0.1676369202 0.1732521878
0.8309973847 0.09476968718 -0.5481441899
0.2717714824 0.9568652952 -0.1027086573
-0.1306129386 0.9913110235 -0.01557930951
0.4578321763 0.3637179306 0.8112329907
-0.4594220759 0.6375208195 -0.6184646803
0.6101561278 -0.7872469724 -0.08917232852
0.9818516612 -0.03557930701 -0.1862831936
-0.3231027365 0.547462213 0.7719389529
-0.2210069117 0.1631373503 0.9615311487
-0.398772579 -0.7172687158 -0.5714070524
0.287762661 -0.350832231 0.8911281595
0.3211498195 0.5297838105 -0.7849789218
0.5361050494 0.1792251975 -0.8249058762
-0.7311208643 0.3268995823 -0.5988313159
-0.005738538192 0.7732305935 0.6340989816
-0.8319949373 -0.07078797318 -0.5502485686
0.06641849954 -0.6664705692 0.7425668747
0.5276451537 0.8268996598 0.1944930446
0.8986633606 0.3650950948 -0.2431249391
-0.7218526181 -0.4670159851 -0.5107101598
-0.6684207935 -0.7078262707 0.2284635931
0.5853603487 -0.2282823251 -0.777972006
-0.5514556369 0.03807481278 -0.8333348601
-0.8334995598 0.309410941 0.4577590561
