0.7813654136 -0.3512143035 0.5158649081
-0.7900046263 0.6102824727 -0.0587196206
-0.7986187269 -0.4691184026 -0.3770093544
-0.6044489847 0.7959225768 -0.03389213199
-0.4041121674 -0.8099834318 -0.4249943486
-0.6708567722 -0.6826543338 -0.2897140862
0.8212940017 -0.4891517846 0.2936097655
0.2954231476 0.7127148913 -0.636209594
0.468667459 -0.7677925604 0.4368585549
0.5667128192 -0.4242813045 0.7062732865
-0.1245491219 0.6620887024 0.7390034279
0.7509892225 0.1078388882 0.6514491246
0.4874924451 0.8546044008 0.1788922417
-0.3787774086 -0.6649577894 -0.6437070863
0.314436727 0.9492701545 0.003964650797
-0.07791166411 0.4504668854 -0.8893870686
0.2671236318 0.4421197139 0.8562564592
0.4053359834 -0.636268135 0.6564035351
-0.344725452 0.743663501 0.5728254184
-0.5708063254 -0.01660102453 -0.8209168928
0.7113519854 0.1478067482 -0.6871182708
0.1687116389 0.8192587493 0.5480433237
0.6732946133 0.7386771673 0.03209994129
-0.861848603 -0.1822872209 0.4732740797
-0.1016079815 -0.612300896 0.7840685116
-0.1926276642 0.9728248797 0.1284769881
0.6434908066 -0.5756504056 0.5045257103
-0.03949050409 0.9212140568 -0.3870467176
-0.9882081779 0.1273433017 -0.08501929605
0.06380577107 0.9953949565 0.0715381307
0.5126685404 0.09747365424 -0.8530356701
0.5367271185 0.5670006426 -0.6248473987
0.3369610534 -0.0001671724514 0.9415185715
0.8275159622 0.546942273 0.1267733505
0.4316710419 0.2354840981 0.870751027
0.07703751756 -0.1854455519 -0.979630118
-0.5239684895 0.3436244089 0.7793454225
0.554698938 -0.7211800717 -0.4149799903
-0.9566296208 -0.1822514669 0.2272535399
-0.3424471803 -0.5053332726 0.7920657879
-0.3852451291 -0.8902350581 0.2430385398
-0.2434931842 -0.9350985689 -0.2574912342
-0.7967100611 -0.5868133463 0.1445793039
0.2299493035 -0.8090561926 0.540880204
0.9910599064 0.1302477582 0.02890992023
-0.4770884682 -0.7549829739 0.4498747634
0.9578369899 -0.2459853878 -0.1484570303
0.9410240638 -0.05865931791 -0.3332158397
-0.06519658789 -0.2433671429 0.9677405844
-0.1560906968 0.6535817106 -0.7405853374
-0.2134425538 -0.8711933951 0.4421134975
-0.6055536063 -0.5942188057 -0.5293475615
0.1842653408 0.2140236093 0.9592914984
0.2256535297 -0.2391481118 0.9443985733
-0.2892633647 0.9077879229 -0.3037232177
0.9251054498 0.3762049346 -0.05147576096
0.3206526685 0.2695642336 -0.9080291791
0.2833692045 -0.8884002843 -0.361174236
0.5479666531 0.3427619477 -0.7630509775
0.9185118328 -0.2446734563 0.3105976702
-0.6125678532 -0.7580957812 0.2237217283
0.5022542666 0.4516773762 0.7373792779
-0.7431217858 0.5375032255 0.3985728214
-0.2594743644 0.3570592424 0.8973192028
0.8545351138 0.4043961957 -0.3259347423
-0.6935225507 0.6942500871 0.1924663299
0.4722344623 -0.2259385174 0.8520248817
0.9528331889 0.01662036423 0.3030390695
0.7107577076 0.3636868392 0.6021257045
0.09868077345 -0.8348606162 -0.5415439562
-0.4092601692 0.1401364321 0.9015918668
0.8677644255 0.2221575321 0.4445570073
-0.1140476778 0.9858504428 -0.1228496302
-0.2242544077 -0.03319717677 0.9739650446
0.9211302305 -0.38209025 0.0743380076
-0.9265099968 -0.3154723477 -0.2050766289
0.7245899161 0.3846553367 -0.5718476419
-0.4835748525 0.8537211316 0.19317244
0.3631863909 -0.5507125219 -0.7515393294
-0.005217993754 0.4565895367 0.8896621648
-0.856538773 0.4887900519 0.1656068103
-0.6622029906 0.6982624256 -0.2718764135
0.1380547068 0.9703420625 -0.1984368405
0.8687815564 -0.3059105946 -0.3894063629
0.3343969215 -0.4494346718 0.8283641559
0.6440471743 -0.1099727093 -0.7570397879
0.01249603868 -0.947562014 -0.3193275414
-0.72661783 0.3135748844 0.6113078775
0.8500426666 -0.09667673961 0.5177654614
-0.5846407217 0.535718679 0.6092624422
0.6916251887 0.5925025066 -0.4130319333
-0.02438573258 -0.793185258 0.6084919742
-0.6861768879 0.189286207 -0.702375975
0.08033761933 -0.02540964839 0.996443785
-0.375623619 0.9251253892 -0.05522599973
-0.8208859096 0.06036237198 0.5678932184
-0.1383838438 -0.6463794398 -0.7503622669
