-0.006513461809 -0.9992849506 -0.03724462678
0.04678928595 -0.9461925945 -0.3202035864
0.8786710507 -0.3789694108 -0.2903779785
0.7075872283 0.6832302131 -0.1803241256
0.03840767068 0.8195844993 0.5716695718
-0.7204598364 0.4525412844 0.5254940628
-0.640607199 0.09796278893 -0.7615941889
-0.08821286051 -0.9547054374 0.2841760352
0.09313815087 0.1936470071 -0.9766402211
0.9695377065 0.1950728957 -0.1481323765
0.02576150797 -0.6236130499 -0.7813085873
-0.03533292204 -0.3764019278 -0.9257824655
0.1529875016 0.8277093102 -0.5399001038
-0.6766234887 0.7359822471 0.02260058344
0.7282863196 0.5659230278 0.3864326116
0.03923249687 0.4660599706 -0.8838828627
-0.5297958966 0.6827851745 0.5031110349
0.1004627265 0.02524561565 0.9946204801
0.9004818267 0.1119526899 -0.4202369273
0.9568734674 0.2556149126 0.1380368932
0.2951636814 -0.6732293162 -0.677968059
0.835111357 -0.150954916 0.5289627914
-0.1357760723 0.8790982936 -0.4568928193
0.6671289279 -0.2302814546 -0.7084556762
0.4379643165 0.4441558943 0.7816091089
-0.837222406 0.5343654772 -0.1162419013
-0.9677945498 0.1007862515 0.230685589
0.1856061091 -0.9657862724 0.181127713
0.5483940895 0.7827454475 0.2942337286
-0.5045041571 0.4733575071 0.7220860239
-0.8596241883 -0.3052926174 -0.409686066
-0.7462183579 -0.656769235 -0.1086845632
-0.9429450927 -0.03587423182 -0.331009957
-0.2921800808 -0.2358777895 -0.926818466
0.9985903807 -0.02018677295 0.04908916068
0.5429113161 0.8397789311 0.004318536256
-0.506445222 -0.4963097948 0.7051168872
-0.8855971532 -0.4607817072 0.05829151315
-0.5151223525 -0.6361233219 -0.5744528539
0.2429955703 -0.5141071275 0.8225855665
-0.312669706 -0.3615605396 0.8783573482
-0.3136310961 0.7164709579 -0.6231411573
-0.5554166856 -0.2162784527 0.8029545045
-0.1577588461 0.1617046023 0.9741477137
0.3943362383 -0.03836263297 0.9181651483
0.2937039646 -0.8472826461 -0.4425495438
-0.5104563535 0.8236176767 0.2471603402
-0.2549753561 -0.6600517704 -0.7066252388
-0.1930893214 0.2487421801 -0.9491279375
-0.03754106198 0.6948758819 -0.7181491332
-0.7873757372 0.4710295346 -0.3977067085
-0.283914134 -0.9565462305 0.06642343992
0.6704213673 0.5867014059 -0.4542209271
-0.7229738315 0.6269148533 0.2903215558
-0.7482272418 -0.04713824387 0.6617658049
-0.6718207773 0.3646002145 -0.6447662575
-0.93006378 0.2500160449 -0.2692087338
0.3152690773 0.8236343521 0.4714147461
0.4547323338 -0.3122323188 0.8341040005
0.6551897643 -0.7063734405 0.2678860492
-0.6772397359 -0.3965704883 -0.6197404198
0.2446124079 0.6212750035 -0.7444341072
0.2286503423 0.9480995227 0.2209667759
-0.4279420093 0.2188424215 0.8769114158
-0.3487026033 -0.05684973503 0.9355076708
-0.5751938977 0.6184301196 -0.5354401622
0.4519625028 -0.8876859117 0.0879978311
-0.8542112062 0.1680959252 0.4920030236
0.246974223 -0.4483015655 -0.8590863982
-0.7749219312 -0.1205700278 -0.6204505371
-0.8553748221 -0.3901140913 0.3408003953
0.7271790097 0.3362552203 -0.598450595
0.2730016527 -0.9525724829 -0.134446132
-0.4120731813 0.8315050446 -0.3725520824
-0.4271432188 -0.7249620013 0.5403505967
0.9532841918 -0.3015343519 -0.01806334325
0.5583227236 0.1787900908 0.8101295203
-0.4566178976 -0.8459690073 0.2753843393
