0.2620993673 -0.0369747788 -0.9643323013
0.9515158801 -0.1551100213 0.2656283329
-0.66425783 0.6207031721 -0.4165202366
0.7890123808 -0.02584869656 -0.61383329
-0.528268896 0.4799147187 -0.7004383173
-0.9431745439 0.3308516055 0.03096764319
-0.2745564219 0.8812310639 0.3847734181
-0.8428175217 -0.0270547154 -0.5375189927
0.7233024941 0.3126814349 -0.6156815917
-0.2097721785 0.6003826214 -0.7717100109
0.03352883035 -0.8250660931 0.5640405655
0.3697655043 0.04365355184 0.928099046
0.4956074313 0.8335772124 -0.2439719348
0.6093002098 -0.1537859325 0.7778837582
-0.5038989518 -0.1781158233 0.8451985565
-0.3209242323 -0.6946237938 -0.643820955
-0.7602666791 -0.6351866513 0.1361341052
0.5488379352 -0.1628605128 -0.8199105892
-0.9993892237 -0.009378460864 0.03366339352
0.9360330328 0.3477558774 -0.0539259794
0.1970578026 0.3108282875 -0.9298139589
0.04238849915 0.8543362439 0.5179891866
0.2194047766 -0.3733344487 -0.901378352
-0.09801200602 -0.253162938 -0.9624459328
-0.3708519148 0.7728597642 -0.5149336289
0.6427163879 0.6108680858 -0.4623373514
-0.5938996764 0.7946030192 0.1260524346
-0.2242620858 0.7025305345 0.6753942292
0.1367072731 0.6141552655 -0.7772544186
-0.8138491776 -0.5451832196 -0.2010591288
-0.7572961332 0.3619765522 0.5435766205
0.5915234755 0.7968937571 0.1227204867
0.3754958864 0.410236032 0.8310891873
0.0579535147 -0.08785785774 0.9944457687
-0.2978069352 0.9534004736 0.04835872565
-0.1830472182 0.9433658743 -0.2766849168
0.9148404569 0.1866442947 -0.3580933478
-0.01157087153 -0.980062283 -0.1983533121
0.9478558815 0.1926737493 0.2538622743
0.5566972261 -0.6955109687 -0.4542605981
0.4595580335 0.5012427214 -0.7331862983
-0.4904635389 0.4882764631 0.7218251953
0.9315238885 -0.1565125498 -0.3282789468
-0.3166008556 0.2960127364 -0.9011883034
0.6006920266 0.6645566771 0.4444474234
-0.05585190084 -0.5656301551 -0.8227655151
-0.3424844485 -0.8722822293 -0.3490388445
-0.3420885539 -0.7653722854 0.5451428125
0.6290784171 0.1896599074 0.7538497627
-0.5036997096 0.8395066428 -0.2037527896
-0.796711264 0.5476277761 0.255646202
-0.7887702246 0.3164564585 -0.5269694893
-0.7807856174 -0.3727705619 -0.5014139286
0.1636524731 0.9394082755 -0.301214143
-0.7859008452 0.6111699539 -0.09397419345
-0.303034242 -0.9528443937 -0.01605645125
