-0.7952676864 0.566080023 0.2170315981
-0.01615931362 -0.9645717106 0.2633254481
-0.07090131138 -0.6626621481 0.7455547475
0.7064627512 0.01002144782 0.7076792718
0.6359144025 0.5517491719 0.5396162748
0.111357503 0.746961758 0.6554751244
-0.2469544198 -0.2654436867 -0.9319619969
-0.5341246155 0.814475548 -0.2265843701
-0.8771256933 0.3652776392 -0.3118056518
-0.441641244 0.6027371692 0.6645757416
0.2395859556 -0.9388801532 -0.2471894573
-0.1468836646 -0.1461826412 0.9782923001
0.9531731589 -0.023293136 -0.3015267136
-0.6018513323 -0.4804654272 0.6379090429
0.3772744063 0.9091772076 0.1762408226
-0.9542777647 -0.1946531212 -0.2268570261
0.6318895945 -0.07446663772 -0.7714727865
-0.7769745928 -0.6195077702 0.1118955089
-0.4800828936 0.5147990421 -0.7102832967
