0.9945958579 0.006827122997 -0.1035976341
-0.1256341951 0.3090078203 -0.9427248888
0.4822921188 0.8384496655 -0.2537645968
-0.7842891787 0.5612098232 0.2644504085
-0.4122692635 0.4955419887 0.7645078101
0.08952747795 0.7198428386 0.6883393918
0.5407140143 -0.82626567 0.1578397836
-0.8504147177 -0.5251121545 -0.03243505997
-0.2856954132 -0.6247947046 0.7266427651
0.4715596448 0.8288919557 0.3009478811
-0.5253143886 -0.3837693749 -0.7594510254
-0.8801888186 0.3987645575 -0.2573994393
-0.3338709204 0.8700692169 0.362642753
0.788697239 -0.1213373827 -0.6026888955
-0.8941179605 -0.1368120619 -0.4264217776
-0.01903088741 0.9969005437 -0.07633564871
0.7525526186 0.4235610971 -0.504242554
0.6351329226 -0.2474346246 0.7316982146
-0.3926549908 -0.1130799111 0.9127075062
0.03354621023 0.2374748034 0.9708142817
-0.2456362357 0.7446324462 -0.6206330315
