-0.2941335678 0.07677954941 0.9526753618
0.9503675253 -0.3094215195 -0.0325559533
-0.04837388567 0.965160965 -0.2571464152
0.5079159966 -0.7511781473 -0.4216073191
0.762918401 -0.2330294828 -0.6030362954
0.250873738 0.51251418 -0.8212134819
-0.06127433752 -0.9392915336 -0.3376046066
0.3249710039 -0.645948107 0.6907567514
-0.2841712773 0.1020606617 -0.9533259183
0.9410509362 0.2239723309 0.2534946362
-0.8895385475 -0.2996418196 0.3448709214
-0.02446360864 -0.5737315407 -0.8186779898
-0.5857584323 -0.3688957856 -0.7216667917
-0.6255729046 -0.7405288233 -0.245510902
-0.6149936687 0.7691165746 -0.1739036575
-0.5202833538 -0.7792786351 0.3493279845
-0.7867914785 0.2809755553 -0.5495560997
