0.8306789828 -0.1581695181 -0.5338116063
0.1810250841 -0.8372910308 0.515920196
-0.7894689828 -0.3997109771 0.4658002361
-0.3808527336 -0.8008810434 -0.4621046956
0.4247673454 -0.873652977 0.2372829071
0.4803303489 -0.7114063809 0.513014344
-0.5049520018 -0.798984211 0.3265696045
-0.8065523591 -0.445711421 -0.3883485821
-0.6849300661 0.6806710769 -0.2599186212
-0.7541435025 -0.6163940619 0.2265522856
0.04375066926 -0.4418710019 0.8960111029
-0.6419829791 -0.7087212537 -0.2925269888
0.03640853405 0.9974272421 0.06175204761
0.8695704454 -0.4137370418 0.2695716987
-0.1075572765 0.9677525331 -0.2277860115
0.18486214 -0.8367787765 -0.5153904038
0.3495710562 -0.3347532122 0.8750659196
0.6934130801 -0.4511038857 -0.5618572636
-0.112798178 -0.201355739 -0.9730017664
-0.09830488232 -0.504581439 -0.8577492183
0.8430748374 -0.1832097019 0.5056273565
-0.6772680952 -0.09071950965 -0.7301218377
0.5898806936 0.8073872656 -0.01290622768
-0.2678883613 -0.4984683552 0.8244786988
-0.6274884102 0.2298588878 -0.7439241808
-0.2757030742 -0.9490924242 0.152352831
0.3503086737 0.7187357121 -0.6005853889
0.9179470382 0.1141253756 -0.3799324069
0.6331729293 0.4046481316 0.6598120423
-0.09368426162 -0.9232333063 -0.3726439606
0.6161280592 -0.1333343759 -0.776278403
0.5569075821 0.4803506076 -0.6775819056
-0.8312133602 -0.5499035079 -0.08179536541
0.951445501 0.2599160917 0.1649093204
0.4267686421 -0.02069082208 0.9041241154
-0.1809577861 -0.2162096015 0.9594309188
0.2671071327 -0.6180100135 0.7394034101
0.04454435503 0.7039210517 -0.7088800698
-0.374487136 -0.5938094684 -0.7121444377
0.696313963 -0.6524324047 -0.2991301093
-0.4591356063 0.417464934 0.7841667705
-0.3426478219 0.06450950072 0.9372464961
-0.8225665191 0.5685429451 0.01196834082
0.7443578552 0.1384476135 -0.6532714916
-0.6978388307 0.4717100363 -0.5389903599
0.4565406034 -0.6722155913 -0.5828352051
0.3428419103 0.9248919481 0.164421133
0.1877955541 -0.6227397389 -0.7595577973
0.9620083684 -0.2729020036 -0.00802468643
0.1290468584 -0.122764344 0.9840100732
0.8741613098 -0.3807633906 -0.3014319905
0.5971130721 -0.8016565024 -0.02833427747
0.4909476746 0.2098359529 -0.8455408054
-0.4022845741 -0.3019455405 -0.8642893104
-0.1753578779 0.3424499489 0.9230263523
0.2853290832 -0.9574307259 -0.043746078
0.9963959979 0.04340609885 -0.07287610055
0.9703723679 -0.05737432015 0.2347033338
0.9241156684 0.3489368174 -0.1557348034
0.1292043639 0.8905429155 -0.4361645882
0.09893666877 0.7538082217 0.6496034948
0.4354297423 -0.8455131086 -0.309044532
0.8699525148 0.1387619412 0.4732100438
