0.01857091629 0.3631512645 -0.9315451037
0.4489953331 0.2197597575 -0.8660882402
0.5946509467 -0.2056805754 -0.7772295365
0.4993429933 0.8038360931 -0.3232709551
0.6684671339 -0.5572717771 -0.4925442694
0.06051766068 0.9205861495 -0.3858221794
-0.8266346407 -0.547461638 0.1302341188
0.1432436622 0.5025982859 0.8525703585
-0.9900091499 -0.1238094469 0.06747669238
-0.4293905593 0.3363562306 -0.8381457115
-0.8977393703 -0.2482182783 -0.3639391561
-0.3258164432 -0.77899322 -0.535736137
0.6899541042 0.4599660832 -0.5589226569
0.9460470098 -0.1956288186 0.2583107056
0.1853177491 -0.1397217332 -0.9726947975
-0.8648254157 -0.04030895077 0.5004519846
0.7049215174 -0.495028502 0.5079689327
-0.2512883934 0.7154451594 -0.6519143865
-0.7718089811 0.631359174 -0.07547509584
-0.7154780714 0.006518136032 -0.6986047833
0.1209946497 -0.8669615629 -0.4834645212
-0.6960207934 -0.6541773214 -0.2959849443
-0.2683020203 -0.07499834596 -0.9604109922
0.3769110629 0.9205314536 0.1027613431
0.480032142 -0.8544332486 -0.1987786868
0.4237539308 -0.8688765585 0.2559025836
0.5700602898 0.4281746025 0.7012116484
-0.2756165836 -0.661722382 0.6972510222
0.3040621004 -0.560116746 -0.7705942317
0.9282190919 -0.3077682113 -0.2090168547
-0.07164011436 0.9963458723 0.04650372868
