-0.8207704288 0.4236743722 -0.3831917661
-0.8179826885 -0.06679385209 0.5713518204
0.1035168415 -0.641260316 0.7603087995
-0.9223605126 0.1427031409 0.3590082148
0.6727871115 -0.3491058712 0.6522902677
-0.4448342005 0.2665748391 -0.8550206952
0.6035912817 -0.5177240476 -0.6063327265
0.1662904586 -0.1722890267 0.9709088395
-0.07551618651 -0.8185078733 0.5695104625
0.5152287252 -0.2787423712 -0.8104579269
0.1400159916 -0.9387276365 0.3149380043
-0.4605930327 -0.6859754495 -0.5632865532
-0.9461256566 0.3103962023 0.0921978285
0.3950994364 0.03913447711 0.9178044062
0.2333600126 -0.2299969048 -0.9447986708
0.5877848633 0.8073769949 0.05149118893
-0.2811861733 -0.3333729288 -0.8998871186
-0.7211536084 0.6626714362 -0.2020001006
0.392187654 -0.7435394378 -0.541606821
0.8103964074 0.5831235667 0.05678528756
0.2881936058 -0.785215219 0.5480707121
0.8009516902 -0.5910884472 -0.09534588366
-0.8521731374 0.1340921456 -0.5057867538
0.7974764912 0.1683384851 0.5793905422
0.7557445184 -0.2407479421 -0.6090079239
0.03979612431 0.4048953106 -0.9134966097
0.9578113366 -0.2020043238 0.2044301754
-0.1753856066 -0.9392437675 0.2950610684
-0.6846116436 -0.4630650327 -0.5629188867
-0.9527116052 -0.303038087 -0.02255028097
0.9400323808 0.1667825206 -0.297527669
0.7659772378 0.3746480014 -0.5224153005
0.6520963396 -0.04928233295 0.7565326269
-0.347312736 -0.3450463699 0.8719615049
0.1792616939 0.8267665574 0.533218815
-0.6042023672 0.6258010782 -0.4932671791
-0.1104401224 -0.9605356051 -0.2552926373
-0.3723888528 0.8902153484 0.2623798311
-0.8625236394 -0.4004485164 -0.3093443991
-0.06128719948 -0.1251568734 -0.9902422109
0.5705211149 0.2619816325 0.7783773388
0.01339876999 -0.4508080382 -0.8925203559
0.3363048821 -0.5366609976 -0.77388242
0.1218139961 -0.8822282547 -0.4547907837
-0.9459055764 -0.0956198634 -0.3100314215
-0.1442345817 -0.1148011487 0.9828616798
-0.5278666081 -0.5166462429 0.6741168324
0.6499570592 0.6436986795 -0.40398989
0.6264987349 -0.7046399735 -0.3331393747
0.311094537 -0.9491653719 0.04801339333
0.999269439 -0.003611402574 -0.03804663114
-0.4052768409 0.5531667066 -0.727844267
-0.2216559299 -0.6121334936 0.7590528537
0.6152063608 0.2241273988 -0.7558359893
0.4066291413 0.8610691021 0.3053076201
0.07421490128 -0.7010060814 -0.7092831749
-0.2244653278 -0.6107054363 -0.7593774995
-0.8101331221 0.4486805117 0.3773196561
0.3829055529 0.7571855229 -0.5292007383
0.4319116677 0.01208754852 -0.9018349087
-0.3093220221 -0.9509060149 -0.009881170412
0.8547206253 0.4640663601 -0.2325834606
0.4728592821 0.8477914959 -0.2401118049
0.5821557819 -0.8121279204 -0.03927959322
-0.6673717665 -0.670153833 -0.3248211284
0.0007951943144 0.9992557803 -0.03856492156
0.4706461408 -0.8318032392 0.2942712717
