-0.7650479821 0.1873686009 0.6161124836
-0.2295685031 0.8805955192 -0.4145477464
-0.03435049127 0.6668933081 0.744361041
0.907102034 0.006695677486 0.4208575387
0.8786479854 0.4435503312 -0.1767507325
-0.3007368603 -0.2377538005 0.9235964872
-0.5641020264 0.8247136741 -0.04045070518
-0.5835543692 -0.8120705113 -0.002404757469
0.2160417024 -0.9254467031 -0.3112464982
-0.9965690817 0.03662298583 0.07422144063
-0.8092670105 -0.4919333507 -0.3210739543
0.05822104511 0.6488268891 -0.7587054618
0.8342412375 -0.4734725003 0.2826045807
-0.4807171686 -0.5238519503 -0.7031999275
0.7070655954 0.3139446315 -0.6336379189
-0.1160521179 -0.9912165769 0.06341611438
-0.5116734204 0.5445848696 -0.6645431744
-0.8408417459 0.4937031095 0.2219062822
0.3529158792 -0.2638337873 -0.8976870919
-0.5159263703 0.6255144463 0.5852791282
0.2033596111 -0.258799774 0.944281497
-0.147905423 -0.2428980549 -0.9587098209
0.4731577058 0.7358469508 -0.4844079381
0.2783112692 0.8732448027 0.3999829397
0.5861504619 0.04151901001 0.809137694
