0.595250261 -0.3943568266 0.7001141479
-0.1105813861 -0.9837482286 0.1414608769
-0.5384811022 0.3608700104 0.7614531753
-0.6967657269 -0.5641208133 -0.4430408896
-0.8168749828 0.3190442462 0.4805476369
0.82342918 -0.516945531 0.2339480787
-0.4608852398 -0.2540388177 0.8503229239
-0.7395561261 -0.6128238831 0.2783947282
-0.2220025903 0.9016638313 -0.3711026613
-0.4241931364 -0.8421813084 0.3328525602
-0.6438053499 -0.2811663916 -0.7116601237
-0.07756750179 -0.7937236831 -0.6033125207
-0.1646007444 -0.1258760574 -0.9782953609
0.5906640818 -0.6411702803 -0.489914905
-0.711107668 0.01186340517 0.7029830326
-0.9879995874 -0.1544458949 0.001811315746
-0.2685788597 0.6439666825 0.7163604595
0.4362551391 0.6166130771 -0.6553394287
0.0593944225 0.4895011166 0.8699775626
-0.4003259333 -0.5903990941 -0.7008338297
-0.1087222284 -0.8164857736 0.5670365584
0.2370889234 -0.6785946129 0.6951965144
-0.4980618883 0.05059541398 -0.8656641725
0.793049619 -0.06735044087 0.6054223483
-0.2414245196 0.3463903437 -0.9064921021
-0.5851143598 -0.8104191273 -0.02936024762
0.409053057 0.8268048234 0.3860950407
0.2220599866 -0.2118828097 -0.9517326501
-0.5937212854 0.8008559315 -0.07826118027
0.286118275 -0.8724519156 -0.3961868091
-0.9673400799 0.2167859161 0.1313660398
0.5493037838 -0.7000587548 0.4562708548
-0.2499675687 0.9681224938 0.01597033626
0.8979652892 0.232928175 0.3733668501
0.09881146952 0.5331369053 -0.8402388552
0.9201063578 0.08242108944 -0.3828982298
0.1002258416 0.1654712688 -0.981108577
0.7279029199 0.3624588539 -0.5820488969
-0.9563966077 0.1422476977 -0.2550904179
0.06705592604 0.9660613677 0.2494572841
-0.8534868929 -0.5140810484 -0.08532760028
-0.80279855 0.5728718204 0.1653250299
