0.2717904121 0.5094766814 -0.8164333916
-0.7018493826 -0.6848650212 0.1958758456
0.2641431807 0.7566163615 -0.598130472
-0.3973240126 0.8506042746 -0.344392214
0.8521257332 -0.3316285978 0.4048508466
0.3729390006 -0.924792619 -0.0753333501
-0.9655357204 0.252748646 -0.0621200019
0.4705774868 0.6516589507 0.5948927978
-0.6479742537 0.6449854171 -0.4051211896
0.005414858457 -0.481225348 -0.8765801982
-0.2937297245 0.418848845 -0.8592371582
-0.3284593537 0.4855984731 0.8101287403
0.2006180927 0.978382141 -0.0502072406
0.8336541485 0.1946615798 0.5168439126
-0.8116934008 0.5559599345 0.179059695
-0.9274178993 -0.3027339224 -0.2196547571
0.5976777521 -0.308388233 -0.7400527024
0.4040347755 -0.6462909504 0.647351456
-0.1601605524 -0.7011053724 -0.6948380057
-0.166562233 0.7314147558 0.6612786686
-0.3489183788 0.1754773992 0.9205778877
0.6414429702 -0.4173437377 0.6437197531
0.08890228039 0.01294339943 -0.9959562505
-0.5825549364 -0.7545251476 -0.3021945527
-0.784816126 -0.1786571782 0.593418285
0.03585686204 0.8899400779 0.454665749
0.02422831747 0.3320075431 -0.9429655243
0.9508352948 -0.03217390095 0.3080212367
0.7565428174 0.5006201083 0.4207403862
0.151080311 -0.9748996213 0.1635404168
-0.7677864119 0.1074614647 -0.6316296853
-0.928422619 0.259839895 0.2655459839
-0.5924625096 -0.01485659595 0.805461021
0.9426744306 0.06380198363 -0.3275579715
0.7329243145 -0.4734436416 -0.4885417765
0.8004993456 0.445794026 -0.4005851771
-0.1549008111 -0.2071772203 -0.9659623896
0.4249482632 0.847103089 -0.3191164836
0.2872115857 -0.8749186679 -0.3899061806
-0.2996027056 -0.9183362169 -0.2586441796
-0.03909566586 0.6156744415 -0.7870301843
0.465175035 0.1443292417 0.8733734921
-0.1420323682 0.8221326557 -0.551293663
0.796057018 0.595622821 0.1073623734
-0.818436616 0.1472531546 0.5554079708
0.5188815062 -0.1789424569 0.8359076382
-0.6120571188 0.7840733517 -0.1030294254
-0.05852082137 0.9863840585 0.1536938602
-0.9217033263 -0.3741612565 0.1023050943
-0.3457205423 -0.2038189852 0.9159340194
-0.4778011887 0.663390049 0.5758642782
0.5054043083 0.8628825815 0.000368255907
-0.223333275 0.1154773874 -0.9678776892
-0.1075676906 -0.9258506522 0.3622564863
-0.5783744792 0.7665244635 0.2791472883
-0.8284559127 0.5396083734 -0.1499453369
-0.9976049133 -0.06912899577 0.002370438894
0.5627188104 0.3765545263 -0.735903682
-0.6183194034 -0.3731086707 -0.6917160077
-0.5627921726 -0.6342748742 0.530056935
0.3290246572 0.4517013164 0.8292820363
