0.1723084653 -0.12109527 -0.9775713418
-0.09773484347 -0.9711356377 0.2175855546
-0.8677527642 -0.1749519657 -0.4651848557
0.109784182 -0.6144177106 0.7813055166
0.5696657767 0.5833409701 -0.5789595973
-0.9337374919 -0.3571036213 0.02472448049
-0.3155542132 0.8269635877 0.4653565979
0.797390149 0.428703344 0.4247144843
-0.7162541465 -0.18639915 0.6724844641
0.7342881312 0.07792008358 0.6743510962
0.05383824961 -0.8724060363 -0.4858077302
-0.8028966794 -0.5867656796 0.1051806042
0.9631209482 -0.04929576824 0.2645145864
-0.6817486786 -0.6509036302 -0.333980843
0.8239905029 -0.3465620922 0.4482570327
0.2130760114 0.8684401607 -0.4476720905
-0.337078769 -0.9081263329 -0.2483635783
0.5695060237 -0.07372487725 0.8186742524
0.4622235474 0.7758656397 -0.4293971371
0.7118400386 0.6061332501 -0.3548045131
-0.04968190868 0.9979987216 0.03911853319
0.4595988438 -0.8542632517 -0.2429057421
-0.6829746425 -0.3379722195 -0.6475495476
0.6773043069 0.7313368019 0.08003348037
-0.3365785063 0.8631956954 -0.3763085178
-0.4157633091 0.1868203877 0.8900780941
-0.05044440188 0.9023518554 -0.4280379556
-0.614010303 0.4868758136 -0.6212433419
-0.8346548774 -0.5291025819 -0.1529761206
0.7779692644 -0.521499974 -0.3504305933
0.7545877049 0.4010399259 -0.519388461
0.07663349431 0.9596557197 0.2705331907
-0.189331754 0.9459888917 0.263170104
0.9640118732 -0.2502894701 0.08964535359
0.356328349 0.9072946483 -0.2232633622
-0.2174155623 -0.517896137 -0.8273536515
-0.404219115 -0.4958754772 0.7685794807
-0.8721148812 0.4863102717 0.0540180855
-0.2117280203 -0.8530687166 -0.4769119523
0.4314622707 -0.6491880094 -0.6264145891
0.4654281259 0.4413269708 0.7672073803
0.2639273331 0.3191387369 -0.9102158148
0.04618246697 -0.5564925858 -0.8295680694
0.9272105716 0.2926817216 0.233704869
0.08846308505 0.7295239966 0.6782101599
0.08977405448 0.07580769345 0.9930729141
-0.353735571 -0.06879761534 0.9328118963
-0.3072060044 -0.2808172084 -0.909266829
-0.3672692585 0.5934572312 -0.716185595
0.0504700528 0.7699856937 -0.6360619508
0.6447436569 -0.4959259553 -0.5816898347
0.9211812786 -0.08075401753 -0.3806623709
0.004345264632 0.376923429 -0.9262342292
-0.8729355952 -0.3989813246 0.2807086555
0.5412351014 0.1911887605 0.8188476188
-0.1678697493 0.9658283726 -0.1974722815
-0.9148208514 0.3146219599 0.2532110429
-0.4662268782 -0.7698196197 -0.4359016531
-0.2548073667 0.4115402602 -0.8750473245
0.2236183754 -0.37113707 -0.9012502968
0.5907795768 0.7826277981 -0.1961459184
-0.7889754362 0.06247681762 0.6112400579
-0.1507580139 -0.5667361348 0.8099889967
-0.8728263743 -0.1696940365 0.4575784679
-0.3114146433 0.9499072749 0.02640244377
0.99267481 0.1089442669 0.05222899799
-0.7087906119 0.5859333695 -0.3928077838
0.6486795883 -0.2645012737 -0.7136202547
-0.2152641488 -0.9763202339 -0.02145103861
-0.2136280138 0.7745141941 -0.5953913292
0.5496145508 -0.8353879128 0.007133064106
0.5867255272 -0.6954164057 -0.4149086386
0.4526973708 -0.4323966511 -0.7798065315
0.5719109289 -0.7760269469 0.2658948422
0.4989486566 -0.7002036985 0.5106515629
0.1717464622 -0.1765584419 0.9691905227
-0.8579136832 0.0881086266 -0.5061827556
-0.7076100107 0.241163597 -0.6641748205
-0.860516254 0.463590924 -0.2111758315
-0.7393817798 0.6673103544 -0.08950684048
-0.6938215391 0.6995505557 0.1709990988
0.3092720266 0.7067401769 -0.6362932782
0.04810030464 0.3338241259 0.941407358
-0.4678376735 -0.8836404112 -0.01753667551
0.3475078443 0.6723586129 0.6535841138
0.5868136618 0.5742880306 0.5708265798
0.4976801082 -0.329750769 0.8022337192
0.6001763448 -0.0169859517 -0.7996873342
-0.8106078251 0.3038598104 0.5005838286
-0.9650193032 -0.1598463085 0.2078145861
0.9881607775 -0.09165899698 -0.1230321345
0.3495030998 0.01921675999 0.9367381168
-0.1776705678 0.7226111502 0.6680316572
0.09034570122 0.132222578 -0.9870941415
0.5075619559 0.2563335394 -0.8226019557
