-0.8910551443 -0.2453982398 -0.3818382297
-0.6859583067 0.7080147356 0.1678580816
0.9048883415 0.4215106401 0.05921038548
-0.5921529301 0.6323188247 -0.4995275881
0.483362124 -0.279499038 0.8296031249
-0.1168076923 -0.9925155902 -0.03561974431
-0.2457020224 0.208835777 -0.9465823442
-0.624923835 -0.566727846 -0.5369262044
0.7050822366 0.2490967915 -0.6639351083
0.6143521093 0.5019388558 -0.6087929623
-0.8078690033 -0.5699985123 0.1498311365
-0.579451994 0.8126388383 -0.06207660602
0.7555279139 0.6461038341 0.1082931523
-0.1276832858 -0.7084509219 -0.6941140179
-0.4096678047 0.9024039585 0.1335641626
-0.6692841761 0.3650048015 -0.6471709099
0.3129156488 -0.7709541712 -0.5547192648
0.4407474785 -0.01731848147 0.8974640552
-0.2338947529 -0.3740382835 0.8974344584
0.8532209319 -0.4909514641 -0.176013355
-0.9929949712 0.09802647368 -0.06596815607
-0.4414148102 -0.8473267072 0.2952802341
0.9235136723 0.3267359245 -0.2009132468
0.8624171456 -0.4966358099 0.09792619297
-0.1241103451 0.1230228615 0.9846126131
-0.6228901231 -0.7767693646 0.09293679993
0.8176952035 0.06208749717 0.572293366
-0.7142424199 0.5715603175 0.4039511964
0.5062972571 -0.7832622386 -0.3607815863
-0.2188343994 -0.8505886285 -0.4781322942
0.06957284693 -0.9815150489 0.1782914127
0.7866652185 -0.008658683891 -0.6173190919
0.5252231226 -0.6035012942 -0.5999390464
-0.2828643427 -0.1100430896 0.9528264701
0.2008511102 -0.5699154417 0.7967780249
-0.4590306772 0.5273478999 -0.7149790416
-0.3412391412 -0.5743488733 0.7440962439
-0.3952673904 -0.9179208928 0.03442273527
-0.03494905087 -0.8996186955 0.4352755066
-0.4739408198 0.3975934968 0.7856841036
-0.6716164809 0.1047930768 -0.733450553
0.1964351786 0.7660510274 -0.6120286301
0.7065362374 -0.661264273 0.2520636955
-0.03891278884 0.3870375261 -0.9212425024
-0.3876948335 0.1398190051 0.9111220346
-0.7858769043 0.4569070721 -0.4166934349
0.4755622593 0.7688645726 0.4274199416
-0.9200117117 0.06959554887 0.3856616522
-0.7937136741 -0.4514437312 0.4076973891
0.1995385476 0.9541947019 -0.2229278784
-0.1531437328 0.9847295229 0.0827935013
-0.2482591867 -0.4887596625 -0.8363500275
-0.2265067348 0.913764605 0.3372372249
0.9434297552 -0.01886624771 0.3310352878
0.8715283156 0.1921767232 -0.4511169496
0.3688831916 0.2485022528 0.8956404532
0.5234768753 0.417048958 0.7429953752
0.04156891553 0.9541466934 0.296439054
-0.04938717377 0.8437633865 0.5344382609
0.8387941745 -0.2028974873 0.5052295938
-0.3046655554 -0.9255700185 -0.2247199149
-0.9242748377 0.2821646574 -0.2570975119
0.02521099692 -0.5367009697 -0.8433957996
-0.2335731266 0.894926488 -0.3801975481
-0.280186384 0.589507429 0.7576124216
-0.5323381629 -0.08272611413 0.8424799525
0.8525110656 -0.3348433522 -0.4013786398
-0.7986525941 -0.4993752232 -0.3358249847
-0.4879426741 0.8119042167 -0.3205050541
-0.4887062264 -0.3499031734 0.7992083543
-0.08625735025 0.7634742662 -0.6400521185
0.3348249993 -0.9335000058 0.128335338
0.5503728892 0.8177908107 0.168249436
0.6884142016 -0.3837584535 -0.6154797612
0.9858129448 0.06368111486 -0.1552982725
-0.07740319123 -0.3054711077 -0.9490501295
0.4541061295 0.7119916158 -0.5355889863
-0.1902809188 -0.0575639319 -0.9800405939
-0.3913901738 -0.6421656212 -0.659118386
0.9769201042 0.16739859 0.1326831644
-0.6111571459 -0.1593133037 -0.7753103987
0.07327185473 0.6027399453 -0.7945664186
-0.6195502406 0.1660426652 0.7671944556
-0.2287106908 0.363027862 0.9032730436
0.9569035568 -0.2373072584 -0.1673942893
-0.7363909569 -0.3229639568 -0.5944936007
0.01203362042 0.1270703395 -0.99182071
-0.3511804748 0.7401200724 -0.5734932889
-0.649640003 -0.6765751391 0.3467188308
