0.9425740536 0.1226489483 0.310662822
0.2971839482 0.8887549256 0.3489933856
-0.5675819752 0.8092066241 -0.1517739797
-0.6290589116 0.69320919 0.351775361
-0.4467658966 -0.8820914807 0.1493815698
0.4130100544 0.6657462482 -0.6214536411
0.4427948254 -0.207877258 0.8721925179
-0.3707327171 -0.1079279908 0.9224471808
0.3491310943 -0.4061276626 -0.8444926291
-0.9002967163 0.4351693091 -0.009669282268
0.001099602074 0.9090499055 -0.4166858052
0.79310637 -0.3346974232 0.5088810477
-0.9790268697 -0.03417297593 0.2008447063
0.003941561771 0.4746349279 -0.8801739313
0.1686643688 -0.8069660539 -0.5660018716
-0.07888014425 -0.1462238079 -0.9861016788
0.255762989 0.5851102957 0.7695656147
0.7497176961 0.2693422722 -0.6044651492
0.1365758817 -0.9874756031 -0.07898709911
-0.4081623927 0.664826642 -0.6256268835
-0.7266937139 -0.5950099533 -0.3433356983
-0.7719783788 0.2501733885 0.5843480627
-0.6475617215 -0.2460670893 -0.7211898532
0.8312330928 0.531648823 -0.1624840744
