0.8244683644 0.09988906451 0.5570225228
-0.2265483995 0.7075415855 -0.6693733842
-0.2388574372 -0.702974566 -0.6699058772
-0.5601353464 -0.8274083352 0.04054430379
-0.01702520536 0.850177395 -0.5262209987
0.4929404339 -0.6806961393 0.5419063521
0.6848877113 0.6810396281 -0.2590634051
0.5848752725 0.4154342245 -0.6966601185
0.4703223526 0.7302574835 0.4955006484
-0.1299025896 -0.9753706602 -0.1782621451
-0.893193737 0.3186349777 0.3172959175
0.7695155755 -0.2737785018 -0.5769671663
0.1195249387 -0.072454563 0.9901838846
0.9658081698 -0.2548884251 0.0473969395
-0.5705550563 0.4590808486 0.6809638039
0.9288698325 -0.08723416008 0.3599875492
-0.9803661543 0.07613829109 0.1818932766
-0.4461438101 -0.8399370954 0.3089682451
0.7719092423 0.6355563893 0.01497322866
-0.5173131426 0.8189577165 -0.2483855294
0.07136878938 0.6710497741 -0.737969306
0.9943841499 0.02969034826 0.1015807342
-0.6698473533 0.454059058 -0.5874818254
-0.7029868253 0.6191170582 -0.3500051308
0.8505748225 -0.3671180987 0.3764927262
0.4137276856 -0.5032616516 0.7586548044
-0.7283305463 0.526518919 0.4385344265
-0.6395965941 -0.7238478437 -0.258767262
0.4564188266 -0.8875643675 -0.06254077301
0.2309259389 -0.7800722919 -0.5815156319
0.3126423885 -0.5669183761 -0.7621405984
0.83179519 0.4903839125 0.2600776427
0.3474493528 0.5787619977 -0.7377760482
0.06860047592 -0.4091734258 -0.9098742124
0.008672522474 0.9962951342 -0.08556163263
-0.1589697554 -0.1557917588 0.9749141217
0.9247028212 0.2192871188 0.3111878083
-0.2662644227 -0.7890656586 0.5536051333
-0.6394606994 -0.02370117556 -0.7684583712
-0.2240428149 -0.8726803489 -0.4338592235
-0.8170588536 0.553159198 0.1625722343
-0.7955823212 -0.2144898423 0.5666064575
0.5706003727 -0.2589246558 0.7793415409
-0.2907643545 0.8560400935 -0.4273774075
-0.8505760623 0.5111392191 -0.1235194759
-0.1455894212 -0.4336712835 0.8892316561
0.469788283 0.5295324338 0.7063245505
0.425847089 0.2853711693 0.8586137389
-0.8893216569 0.03780743745 0.4557165657
-0.186537721 0.9739131527 0.1292162905
0.5285080638 0.6655414466 -0.527004563
0.744563902 0.4814656189 -0.4624018314
-0.5863829326 0.1887366668 0.7877395045
-0.9388758322 -0.1928390479 0.2851758637
-0.03490163059 0.6538529625 0.7558162341
-0.6837026003 0.7292606823 -0.02701132365
-0.8651323281 -0.460692755 0.1982630586
-0.1527840604 -0.2155897525 -0.9644574068
0.1702760395 0.9323081797 -0.3190729203
-0.6261349455 -0.09927515938 0.7733689112
0.6605255486 0.3024330166 0.6871974026
-0.6809973162 -0.5293415145 -0.5060041663
0.3918175741 0.002870646077 0.9200384492
-0.4088155122 -0.2652205907 0.8732284439
-0.06433503015 0.9195126465 0.3877595864
-0.3614252821 0.8693314194 0.3370973876
0.407065426 0.8902676146 0.2042579579
-0.2082798402 -0.478683565 -0.8529252914
0.3872854641 -0.02100049859 -0.9217206455
0.5023874317 -0.6913467607 -0.5192749993
0.2980195345 0.9527774868 -0.05830452598
-0.310757569 0.2765094264 -0.9093801573
-0.3401522292 0.3063932007 0.8890554918
0.9501460518 0.3097571981 0.035678543
0.7827665886 -0.1858327979 0.5939214081
0.270831308 -0.9504332531 0.1527319022
0.1258186621 -0.1332968826 -0.9830572747
0.6177662069 -0.7431490213 -0.2570884005
-0.1351867424 0.5020497165 -0.8542076017
