-0.6180085779 -0.6905802861 0.3757183335
-0.5811501849 0.2726198856 0.7667743218
0.6016985182 -0.4960131312 0.6260430231
-0.08548029938 0.2101274679 0.9739299593
-0.6014645121 -0.7859956962 -0.1430077137
0.9933205374 -0.01515265656 0.1143884039
0.36730229 -0.1365668083 -0.9200209425
-0.5924724133 -0.02082826215 0.8053214407
-0.9184035564 0.1635134732 -0.3602752443
0.5603359512 -0.5354845042 -0.63188604
0.07249990965 0.4469027201 0.891639906
0.05531443878 -0.97949562 0.1937231099
-0.7287381556 -0.6772534973 0.1013331189
0.5468260566 0.3299680225 -0.7694818828
-0.9119753333 -0.1312360855 -0.3886876397
0.8144747082 0.4100648154 0.4104604694
-0.07375487247 -0.8762997782 0.4760870902
-0.4282472322 -0.6694281578 -0.6070175036
-0.09166504602 0.02634176238 -0.9954414251
0.3416189085 -0.7309325734 -0.5907910752
0.1779207764 0.7006030907 -0.6910133911
0.7394733662 -0.544263429 -0.3961773094
0.9460383861 -0.3073108319 0.1028174332
0.6301538884 -0.6717914394 0.3893614503
0.8146700053 -0.4404175222 0.3772866134
-0.0002477411609 -0.525477986 0.8508071608
0.3442758867 -0.9255835768 0.1573821981
-0.356537544 -0.4658553331 -0.8098517076
0.2353739232 0.9425909465 -0.2368996071
-0.3455777404 -0.9112721005 -0.2239624616
0.1323712965 -0.6233194378 -0.7706819826
0.3783132083 -0.04934892436 0.924361293
-0.4036942368 0.7105901798 -0.5762747258
-0.4507267419 0.8850889327 0.1160301057
0.8750781908 -0.2809521149 -0.3940863726
0.2893332275 -0.5404591726 0.7900570651
-0.8947880394 -0.4322226461 0.1119729819
0.2563386674 0.2200284891 0.9412108965
0.6038034332 -0.7883013156 0.1183319484
0.7625005543 -0.2489606729 0.5971695638
-0.01292893399 -0.9518750041 -0.3062136822
0.3573203146 0.1594503982 -0.9202704838
-0.5366920075 0.7585083401 0.3696306091
0.9772443168 -0.1523077032 -0.1476343757
-0.6327782343 0.04882405072 -0.7727922866
-0.7791188653 0.1111033959 0.6169520477
0.2737969448 -0.8945171757 -0.353375516
-0.2232155337 -0.8452659082 -0.4854898247
0.2860630556 0.4465753051 -0.8477844213
-0.6943403924 -0.4637908195 0.5502631145
0.8813854164 -0.4480728641 -0.1496344086
-0.4545375321 -0.5998609082 0.6584546474
-0.8215086886 -0.5502140693 -0.1496260423
-0.2172575578 0.8805910984 -0.4211394912
-0.1300827071 -0.990813143 -0.03698384834
-0.8745235669 -0.3037542562 0.3780765568
-0.6426893565 -0.6512443335 -0.4035234926
-0.9215717158 -0.01149900193 0.3880378147
-0.7596855637 -0.1843690134 0.623607177
-0.496208695 -0.8593081877 0.1239611613
-0.1139314705 0.7414144224 -0.6613049783
-0.483984517 0.3055990673 -0.8199806079
-0.08294294175 -0.2632338194 0.9611599371
-0.06150572799 0.8234031742 0.5641136926
-0.812817012 0.5716921478 -0.1117881619
-0.1733726551 0.981770037 0.07790710418
0.7523908716 0.1831371932 0.6327469833
-0.9800105259 -0.1489226311 0.1319144382
-0.1549280903 -0.675418527 -0.7209764908
0.3614873901 0.8065356046 -0.4677896806
-0.7104282362 0.689740451 0.1398207118
-0.5266346938 -0.2236020714 -0.8201573099
-0.9513555564 -0.2773818024 -0.1340967599
0.2103433372 -0.2931593224 0.932637814
0.3361344852 -0.4207517486 -0.8426040434
0.6264551108 0.4512006221 0.6355879112
