-0.4672701353 -0.6322358593 -0.6180100637
0.9063481192 -0.4045373356 0.1219943887
-0.3531857749 -0.8224006021 -0.4460011862
-0.3272853319 0.3434033378 -0.8803172491
-0.0829507659 0.04228586435 0.9956561033
0.138468182 0.9903191105 -0.009727377537
-0.533083136 0.8259266461 -0.1834871803
-0.5117001505 0.5459865826 0.6633713949
0.694429946 0.4861877506 0.5304606689
0.05134932985 -0.8899869539 0.4530854977
0.7978153252 0.5367873644 0.2744996034
-0.9878873476 0.1522497424 -0.02997673207
-0.2050093236 -0.6759424514 -0.7078650858
-0.6738544489 0.6501717486 -0.3509941295
0.1428282732 0.9526734642 0.2683530416
-0.2062616987 -0.8175422329 0.537662356
-0.9918362818 -0.1155014449 0.05403893428
0.4583275875 -0.3222682479 -0.8282988584
-0.3591978097 0.753139858 0.5511418037
-0.1667198336 0.8980102079 0.4071635587
-0.7105678109 0.5269725486 0.4662545647
-0.1090333835 0.9837654068 0.142538927
0.3188260776 -0.9465863835 0.04820944639
0.8720416908 0.02934349674 0.488551173
0.403408884 0.8971048303 0.1801782335
0.620342949 0.7654905306 -0.1708767781
0.08143023265 0.2843976655 0.9552418987
-0.8704831539 -0.2938799447 -0.3948337079
0.3039480679 -0.8934031021 0.3308269477
0.1116548324 -0.7244441516 -0.6802307473
-0.1984665073 0.2912151252 0.9358444296
0.6053807229 -0.08611425205 -0.7912638725
0.09960484188 0.4252504524 -0.8995781946
0.7387000745 0.2289456708 0.6339606295
-0.964250039 0.1010847225 0.2449566107
0.6662511845 -0.01827643816 0.7455034078
-0.3853389735 -0.6415010004 0.6633176781
-0.2064172517 0.7438153089 -0.6357127531
0.5992413595 0.7041052051 0.3809798594
-0.9030972659 -0.1145294345 0.4138820328
-0.781120241 0.2180004305 -0.5850871571
0.9184146198 -0.3638105802 -0.1554234469
-0.1420820986 0.546899374 -0.8250537873
0.197230496 0.02994292858 0.9798997665
0.08438531563 0.8485530532 0.5223378547
0.7970348781 0.3656366667 -0.4806716458
-0.1022126072 -0.6593722404 0.7448361106
-0.2698274892 0.5288472832 0.8046823454
0.8172754044 0.5762410261 -0.002681994948
-0.7787377881 -0.5612627321 0.2802705888
0.4026488014 -0.562670205 0.7219945866
-0.3931093954 -0.9140628307 0.09977046062
0.07778695177 -0.9790352821 0.1882527732
0.8587193017 -0.2930692905 -0.4203707313
0.5394720055 0.3925472066 0.7449004268
-0.08749689487 0.2281638009 -0.9696832335
-0.7181198693 -0.1770512105 0.6730205956
-0.37765215 0.8989316843 0.2220375655
-0.5648705491 0.7422689779 0.360496917
0.3713555451 0.4160280013 -0.8300697328
0.2388723472 0.1874715781 -0.9527824564
-0.5001751346 -0.1674524085 0.8495790285
-0.3623910423 0.06349189369 0.9298610175
-0.6387232833 -0.7616560005 -0.1091453358
-0.4382265206 0.08596401593 -0.8947444912
0.6392204987 -0.499163509 0.5850067908
0.9184439516 0.3236741859 -0.2273669481
-0.8024486681 0.07794988221 0.5916079369
0.5769078638 -0.2913768151 0.7630706837
0.9364704181 -0.1730351479 0.305093418
0.9698505807 0.09383791792 0.2249095289
0.4547133121 -0.7334176785 0.5053061573
-0.6811826793 0.3223709413 0.6573181373
-0.8221898636 0.4150610205 -0.3895230127
-0.4269659255 -0.8275122977 0.3645867464
-0.182773066 -0.9408536349 0.2852865999
-0.4081341441 -0.1930579838 -0.8922752576
0.6020625227 0.4325742027 -0.6711186765
-0.6006213539 0.7947720398 0.08712860675
0.761846826 -0.6422071552 0.08461314034
-0.9340672704 -0.3427320049 -0.100265184
-0.007672153266 -0.5323772534 -0.8464724438
-0.5993951276 -0.6394498079 0.4814866813
0.2842561187 0.4463647701 0.8485027702
-0.7737285124 0.6015478052 0.1987068877
