-0.4082075137 -0.1249172911 0.9043021045
0.7875369573 -0.6016773333 0.1333038915
0.9674555805 0.05792095537 0.2463226799
0.8276330799 0.4665066888 -0.3120817109
0.4474048786 -0.7738496749 -0.4483141257
0.4418333005 -0.896985193 0.0141738521
-0.8213506115 -0.1564874873 0.5485388221
0.2404318412 0.933981989 -0.2643296691
-0.7529206756 0.3896426162 0.5303669371
0.1736345469 -0.8538799347 0.4906527298
-0.8656516356 -0.2104087688 -0.4542855883
0.1776428719 0.2773000301 -0.944218038
-0.1794910429 0.98295938 -0.03967143606
-0.2467814354 -0.3380035033 -0.9082139368
-0.8596183564 0.4035622126 -0.3133589347
-0.3825729089 0.4246925052 0.8205329033
-0.5150887167 -0.6563576602 -0.5512515177
-0.9668593805 0.2035432407 -0.1541203672
0.296227262 -0.6811502613 0.6695399396
0.3313820974 -0.9045279032 0.268356438
-0.02264710248 0.7167305475 -0.696982375
-0.9185765759 -0.3904341153 0.06146768136
-0.4636428791 0.7562249562 -0.4616915596
0.4990039797 0.2553229694 0.8281335698
-0.02313593591 0.7479841254 0.6633132568
0.1857201506 -0.8627515203 -0.4702848498
-0.5336627838 -0.8194645996 0.2090019213
0.984249792 -0.1351265238 -0.1139875852
-0.9917932554 -0.1260628524 0.02131421439
0.3665827313 0.9302213212 -0.01747554616
-0.1034349933 -0.8629161545 0.4946482714
0.6737867616 -0.621232654 -0.4001017238
-0.8981721201 0.3155336091 0.3061460178
0.7431801473 0.6565834969 -0.1287687083
-0.6190353826 0.01019204858 0.7852969612
-0.9363769154 -0.2137062766 0.2784383229
0.560161396 -0.01670824501 0.8282149751
-0.3972702065 -0.8000262282 0.4495936134
-0.09745831342 -0.9946444987 0.03441218226
-0.9180663366 0.3942937952 0.04106829159
0.7786097616 -0.6108457974 -0.1436462704
-0.06160479653 0.9755099211 0.2111521797
0.4100225586 -0.1522768087 -0.8992737486
-0.5901053992 0.7779155625 -0.2159235871
0.642576596 0.6524951775 -0.4016781816
0.06105371601 0.1478864273 0.9871180519
0.9274811144 -0.04753842854 -0.3708353816
0.1041255231 -0.3911408045 0.9144215365
-0.7142479112 -0.1607793729 -0.6811753919
-0.8123119695 -0.5696166118 -0.1252444799
-0.642527842 -0.4250169991 -0.6375880509
-0.9210742466 -0.3286716234 -0.2087994161
-0.4152456476 -0.8340233979 -0.3632850449
0.6078888498 -0.2837443695 -0.7415930684
0.313439537 -0.2033819867 0.9275728673
-0.7383485679 0.3743832395 -0.5609621932
-0.05372377518 0.1292456519 -0.9901562086
-0.03530279938 0.9606750033 -0.2754219497
0.7515585051 -0.1121763329 0.6500586772
-0.3302798269 0.9130899431 0.2391275638
0.5767289675 -0.7911350384 -0.2036886079
0.3243974008 0.07321247627 0.9430833789
0.5367410674 -0.5581926232 -0.6327163835
0.5970937859 0.2647542639 -0.7572213616
-0.3559078531 0.4539816396 -0.8168416438
-0.08981532056 -0.8874788489 -0.4520116159
0.3806873538 0.4259984633 -0.8207328724
-0.5030396238 -0.5888316859 0.6326360586
-0.5982779695 -0.7990514598 -0.05983507246
0.2939453285 -0.6885934774 -0.6628990622
-0.8967274167 0.1490054277 -0.416746113
-0.1728554499 0.2895347917 0.9414300812
-0.5397016477 0.5532415102 -0.6345439014
0.2600022954 0.7431504117 0.6165438119
0.4074449473 0.5077367994 0.759073091
-0.6884897828 0.60123652 -0.4055816391
0.1427369531 0.5764974104 0.8045352062
-0.6489503347 -0.6941737215 -0.3114262471
0.2147238497 0.9530869559 0.2133516415
-0.5719755122 0.2871587645 -0.768364404
0.1308585368 -0.540416757 -0.8311592941
-0.7906718238 0.1238437852 0.5995838423
0.1825661582 -0.01560598464 -0.9830697082
0.2524051643 0.7028285426 -0.665074186
0.1241161292 0.5294098517 -0.8392379849
0.7125289669 0.4222205647 -0.560385819
-0.7844670298 -0.470658799 -0.4038462258
