0.5216195318 0.5128167686 -0.681859242
0.1567108817 0.4280373167 0.8900706461
-0.2944930398 -0.7351399877 -0.6106087521
-0.6071857829 -0.6173676366 -0.5001825929
-0.2207370005 0.9683442726 0.1165527623
-0.6355663304 0.251358508 -0.7299824245
0.7238958187 -0.6868203991 -0.06521183171
0.9128423177 0.400733574 -0.07830393202
-0.8106886435 0.3739937512 -0.4504582082
-0.529741957 -0.7422299893 0.4104486595
-0.8757296686 0.4202626259 0.2376486331
0.1607381991 -0.959800606 0.2301000391
0.2538731894 0.7349413507 -0.628816042
0.3615950346 -0.1154763336 -0.9251563367
0.8711099315 -0.1530721996 -0.4666223194
0.01652169138 -0.1385513707 -0.9902174263
0.9213534463 0.1742276735 -0.3474946686
-0.4304158873 -0.8961263692 0.1081651252
0.6621837688 -0.09355875237 -0.7434779191
0.8441929559 -0.03402582256 0.5349584065
-0.1951244315 0.4229003336 0.884919072
-0.6938894975 0.6614955516 -0.2845013189
-0.3287968269 0.3019887068 -0.8948158847
0.895891808 -0.4295131351 0.1135620318
0.9716595876 -0.1008037176 0.213813602
-0.08180123367 0.8201251531 -0.5663067115
0.1082118762 -0.8910110572 -0.4408962301
-0.7747731059 -0.4898710667 0.3996910962
-0.4775097536 0.8724318189 -0.1041496831
-0.1703599818 -0.9235090782 0.3436691128
-0.7329461749 -0.2347863989 0.6384866887
0.2212361665 0.9209272331 0.3208544685
0.3663610868 -0.7107931105 -0.6004604135
-0.2163327881 -0.4690502079 0.8562663297
-0.489644707 0.8221947734 0.2902478519
0.5189291258 -0.4149684969 -0.7473377476
-0.6658095608 0.5777776206 0.4720917812
0.003615897384 0.2139739822 -0.9768326675
-0.5396155905 -0.8137144672 -0.2160642969
-0.6236255806 -0.09737389244 -0.7756348756
-0.7150697683 -0.6893613224 0.116000835
0.7782047831 0.3130090194 0.5444471226
0.1087099333 0.9940635054 -0.004460682481
-0.4628619221 0.5554633751 -0.6908105963
-0.4859099784 -0.4210720464 -0.7658915228
0.9852838812 -0.1010828584 -0.1378329757
-0.7945085165 -0.57129668 -0.2058550961
-0.4100779107 0.7980988882 -0.4414456613
0.4608140163 0.2159707162 -0.8608176881
0.03655032546 -0.691297361 -0.7216453647
0.1175788189 -0.5711265468 0.8123974944
-0.3201510265 -0.04603581924 -0.9462473374
0.9388691882 0.2487385987 0.238020497
