0.507773005 0.02933993364 -0.8609911403
-0.3933148825 0.2007845384 -0.8972117767
0.7141910203 0.2131337534 0.6667122241
0.9356380642 0.2961783784 -0.1919890129
0.1085648842 0.8485446311 0.5178664643
-0.3149680656 -0.3656302739 -0.8758479437
-0.6425163324 -0.7158564176 0.2733538951
-0.3454745911 -0.6829854039 0.6435668147
0.9814740815 -0.1679163158 -0.09226450181
0.8233010165 -0.2262990977 0.5205421737
-0.8396614213 0.07813158915 0.537460838
-0.781163317 0.5409964696 0.3116194667
-0.2213151326 -0.9392378922 0.2623962536
-0.5589327713 0.4204934499 0.7146883347
-0.9537307666 -0.1501656693 -0.2604762879
0.4259201424 0.8897204824 0.1642848001
0.5341087978 0.6387953516 0.5537763906
0.5601360016 -0.6217663798 0.5474068219
-0.07881853677 0.9913943253 0.1045223898
0.1228645995 -0.6754731633 0.7270765406
-0.8265604344 0.5390330871 -0.1619912937
0.3641624568 -0.7926805321 -0.4889205244
0.7941104273 0.5866776499 0.1587386667
0.07374482 -0.1163574735 -0.9904658701
-0.5295671936 0.8470126189 0.04613253568
-0.7057431902 -0.3751446238 0.6009933949
-0.1592389054 -0.3469771449 0.924256367
0.2483596553 -0.909820197 0.3324826173
-0.1163215707 0.5589078428 0.8210306422
