0.9377698964 0.3396306462 0.07237848873
0.4951199493 0.6484017207 -0.5783004793
0.6716946092 -0.6107950105 0.4192324022
0.308921702 -0.4871587326 0.8168498952
-0.9829993585 -0.06542704114 0.1715562985
0.1839519908 0.7594719281 -0.623990429
0.3599852921 0.8513465551 -0.3816014054
-0.889216012 -0.2651984172 -0.3727796716
-0.04573869329 -0.3207750585 -0.9460503865
0.4516772425 0.567410608 0.6885004507
-0.9658283574 0.2390910463 0.1000552623
0.9893469948 0.03823014248 0.1404670072
-0.6156603663 0.6059742781 0.5037434741
-0.9413328916 0.2631193426 -0.2113305437
0.1501589436 -0.8948076885 0.4204420201
-0.2889553995 -0.7903214509 -0.5402747277
-0.7238882116 -0.578424702 0.376046169
0.2065194991 -0.9544069826 -0.2155388784
-0.7594976234 -0.1490491587 -0.633204318
-0.4893544192 -0.2750231525 0.8275835414
0.2488283084 0.05488509813 0.966991261
-0.7424871665 0.3305922226 0.5825989959
0.1220440964 -0.7224767987 0.6805384
0.3477222479 0.9359588313 -0.05541032855
0.3190769837 -0.7357590213 -0.5973680114
0.702773925 -0.6885811393 -0.178787094
0.4373485052 -0.8459004087 0.3052520001
0.7948513283 0.546036136 0.2646807588
0.8624904362 -0.5052497472 0.02886070662
0.6944210335 0.3761409688 -0.6134308436
0.559296534 -0.2046356298 -0.8033129192
0.5853654131 -0.4504410485 0.6741292124
0.01019652987 -0.7749195898 -0.6319775788
-0.6700538898 0.7308603608 -0.1298880973
-0.8438278672 0.4400380736 0.3071172812
0.1978364525 0.2704397181 -0.9421905842
0.9081640693 -0.1442102573 -0.3929903623
0.9017336839 -0.04251102874 0.4301966709
-0.000251164985 -0.5010926687 0.865393595
0.06204219424 -0.03117908759 -0.9975864026
0.5918012472 0.7853898427 -0.1814774885
0.1891593296 -0.974583953 0.1200202757
-0.06532556559 -0.9271981098 -0.368830904
-0.2649047382 0.2901296089 0.9195924585
-0.5341281268 -0.08490571208 -0.8411291008
-0.4505721934 0.4925066821 0.7445951025
-0.363256943 -0.8961334115 -0.2549299947
-0.304375789 -0.5256599973 0.7943783396
-0.9018199058 -0.36058491 0.2381163165
0.4143536414 -0.2007946794 0.8876894483
-0.693804789 -0.06487619212 0.7172349646
0.8672661276 0.1559535174 -0.4727874409
0.4523489353 -0.8913971714 -0.02813402858
0.6860045849 -0.1560347221 0.7106693149
0.8032578208 0.593271878 -0.0529655742
-0.4642733503 0.820673678 0.3330840291
0.4180795112 -0.6983707666 0.5809369972
-0.06404609757 -0.9959437699 -0.06319892884
-0.5684480334 -0.7011570629 -0.4304016804
0.15287009 -0.5624152904 -0.8126006256
0.1008705818 0.963943068 -0.2462496444
0.6222981725 0.7719076743 0.1300135639
-0.3502523778 -0.3363742435 -0.874171402
0.1125263059 -0.2271790016 0.9673301048
0.15999721 0.5747271862 0.8025519013
-0.7055119765 -0.4463395678 -0.5504850962
0.3657873039 0.006245721505 -0.9306775163
0.8073632961 -0.3361733859 0.484924698
