0.866177212 -0.400833512 0.2984451927
-0.2138697054 -0.3533107878 0.9107311548
-0.1145594696 0.9776095691 -0.1765096551
-0.1441023122 0.7853732225 -0.6020161335
0.285234432 -0.7804580587 -0.5563510919
0.6825982075 -0.714342727 -0.1541887011
0.1246508396 0.04608361908 0.9911298947
0.3842712673 0.0409719818 0.9223106255
-0.9924200942 -0.07517363129 -0.09721770295
0.418019809 0.8934194441 -0.1645026938
0.9186588234 0.1885096411 -0.3471744252
-0.04124159865 -0.9982931619 -0.04135085811
0.502452862 -0.6272244593 -0.5950887322
0.5086653101 -0.7895772095 0.3432600073
-0.6159059016 -0.0490976144 -0.7862883343
0.7323441153 0.5857536733 -0.3472243237
-0.8014575673 -0.0748780366 -0.593345639
-0.4419629668 -0.7217235412 -0.5327136811
-0.2354685736 -0.6536573423 -0.7192264106
-0.7176544057 0.624462213 -0.3082516805
0.140554196 0.9479199235 0.2858187128
0.4364475869 -0.445563317 -0.7816564683
-0.9319785778 0.3608767152 -0.03440823918
0.3036753127 0.9500216204 0.07238940071
0.6790574479 0.3225946596 0.6594040249
0.4183434652 0.4672257837 -0.7789023123
0.76829655 -0.1481261621 -0.622719079
-0.2611341533 0.8863661014 -0.3823141225
-0.4412695074 -0.2159185093 0.8710111476
0.4001566432 -0.04583178418 -0.9153000101
0.6315142241 0.3142481945 -0.7088285103
-0.6027809108 -0.548129115 0.5798358793
-0.8315021811 0.3365447331 0.441974847
-0.9301544782 -0.3270179118 -0.1669488907
-0.7032966787 0.5717999463 0.4223962631
0.2130412128 -0.3641352016 -0.9066526328
0.1243864229 0.7823078408 -0.6103461805
-0.61451307 0.7829892226 -0.09644461629
0.9103256562 -0.0731607426 -0.4073753863
0.6498697354 0.5519101774 0.5225557226
0.8429565984 0.2978530864 0.4480041429
0.06759281894 0.1415198969 -0.9876250957
-0.04347905701 -0.2993310793 -0.9531581593
0.4961364016 -0.1913307502 0.8469009476
-0.4714284558 0.8748220085 0.1115422095
-0.6301409889 -0.04905945187 0.7749293544
0.3948262085 0.8647780459 0.3102760004
0.1491686752 -0.1143720009 -0.9821750108
-0.3531638549 0.6380602874 -0.6842180655
0.05399211799 -0.3730649061 0.9262329227
0.7861632556 0.3686626227 -0.4960193607
-0.9867283102 -0.005909648338 0.1622723573
0.6202729994 0.7187503042 0.3141009495
-0.8406253256 0.5024698495 0.2021709977
-0.6445216245 -0.7491918375 0.1526547286
0.8018513679 -0.5949998903 0.05485904019
0.8526211665 0.5086253575 -0.1197388496
-0.1581572198 -0.5882791323 0.793040955
0.5765967595 -0.6160123495 0.5367168362
0.3108132466 -0.4293557944 0.8479674095
-0.2856847991 -0.8651687257 0.4121495744
0.2481349929 -0.1889376436 0.9501218828
-0.7082606527 0.1807828562 -0.6824107317
-0.931574963 -0.06058845066 -0.3584649606
0.5708737321 -0.2132508645 -0.792860171
-0.7996005902 -0.5191035688 -0.3019443343
0.004931779179 0.9128651409 -0.4082314443
-0.7412392122 0.403744538 -0.5362413433
-0.01862017519 -0.5418303632 -0.8402815877
-0.5478058994 0.4232812269 -0.7216243479
-0.9435411142 0.2545251503 0.2120073437
-0.5253977702 -0.7439169039 0.4129707291
-0.7488212516 -0.6581900494 -0.07779840686
-0.1102495045 0.5993598086 -0.7928510999
-0.2993795451 0.900185403 0.3162880462
-0.2613012167 -0.4292216803 -0.8645752849
0.2247303989 -0.9720151282 -0.06843126768
0.01175256555 -0.7449048631 -0.6670671796
-0.3738341277 -0.6839211357 0.6264981445
0.6569680188 -0.410642837 -0.6322701026
-0.06566181903 0.8913984726 0.4484387234
0.3834496702 -0.912877135 0.1400774318
0.1615420828 0.9670437253 -0.1968008862
-0.805379047 -0.1147331488 0.5815504236
0.4795285337 0.2757639317 0.8330706089
0.2270723078 -0.612121165 -0.7574601286
0.96009704 0.2639429644 -0.092454234
-0.52695049 0.7666723004 0.3667925366
-0.5456638056 -0.8338703638 -0.08313379345
0.962669105 -0.1644100211 0.2150291592
0.8670215703 -0.1770877178 0.4657397737
0.1966870206 0.8306504505 0.520897346
0.4672383854 0.5178603647 0.7165953767
