-0.4667215832 0.8788178406 -0.09924800651
-0.8004174113 0.4882479903 0.3477727242
0.286206223 -0.5164681527 0.8070604966
-0.1310012466 -0.895623113 0.4250857713
-0.9950889648 -0.08896832304 0.04338881981
0.7209856859 0.6649220562 0.1950853656
0.8246521728 -0.3898141011 0.4098704191
0.6826334718 0.2096493552 0.7000419209
0.1105681632 0.9612831916 0.2524070261
-0.7039011302 -0.5305426485 0.4722792575
0.2549048176 -0.6374844131 -0.727074382
0.5785243685 -0.04472540758 -0.8144379614
-0.07627898524 -0.1045010447 -0.9915952037
