0.7291235465 -0.5945310998 -0.3389861727
0.2284891731 -0.4311441728 -0.8728730721
-0.9008278952 0.3281348553 0.2843178151
-0.5260771024 -0.681761002 0.5083746832
-0.178092019 0.8825673642 0.4351529391
-0.2582265386 -0.2408109291 0.9355902688
0.7826431376 0.2197006844 -0.5824099316
-0.4018515462 0.04791625034 0.9144503091
0.4198489224 0.5042438691 -0.7546290498
0.3556734544 -0.9294904079 -0.09769327283
-0.8995732397 0.3699890119 -0.2321122952
-0.05209134423 -0.9079196915 0.4158946088
0.4804205806 -0.7965047631 -0.3671188202
0.2508141202 -0.6881616596 -0.6808272963
0.7633707544 0.0984293217 0.638417387
-0.6604871449 -0.7202799916 0.2120223222
0.4890861697 -0.8514969104 0.1890707013
-0.5514492462 -0.2153044703 0.8059452301
-0.1486444088 0.9784209212 -0.1435177363
-0.08553666761 0.7477383451 -0.6584609675
0.8853735394 -0.05984710543 -0.4610119518
0.09127145388 -0.02748214165 -0.9954467608
0.6339159764 -0.7686198483 -0.08587236822
-0.9866745624 0.04595846223 0.1560805167
-0.4660362604 -0.8846296172 0.01551271467
-0.1128588197 -0.5146230089 0.8499564963
-0.8645185697 -0.4546208449 -0.2143070927
-0.7500313551 0.3385248397 0.56820234
0.37534699 -0.2405321361 0.8951306768
0.6862725406 0.7129396732 0.1440382671
-0.1141440179 -0.8153892163 -0.5675487373
0.7670735973 0.4919182796 -0.4118428128
-0.9840401156 0.06704176691 -0.1648346212
0.4213602661 0.7797453656 0.4630903703
0.9255195458 0.2376719182 -0.2948315275
-0.05868452712 -0.3082650335 -0.9494887021
0.9749585286 0.2212416743 0.02253861261
0.6785460937 0.5879813011 0.4402876199
-0.234915623 -0.737603662 0.6330525159
-0.8462274391 0.5312421548 0.04099871013
0.6794501779 -0.2049275713 0.7045226372
0.1667454372 0.9826938394 -0.08067699339
-0.5064686309 0.4756678895 -0.7191867524
0.3467397792 0.601182579 0.7199659938
0.3707127059 0.3189298467 0.87227051
0.9144397424 0.174900058 0.3649793518
-0.06175428255 0.2537855153 -0.9652871701
0.8771236395 -0.1427194216 0.4585687382
0.2647930011 0.9364879269 0.2299457096
0.5446549688 -0.5836806484 -0.6022191176
-0.5273962289 -0.03904827014 -0.8487216566
-0.7398993487 0.4507761745 -0.499349371
-0.2298762876 -0.03633044387 -0.9725415113
-0.2668571595 0.8668925357 -0.4210517641
0.5195758162 -0.3209524448 -0.7918525743
0.530931967 -0.6948400306 0.4850861555
-0.03501622285 -0.6001510947 -0.7991198456
0.04543564944 -0.9859083276 -0.1609980474
-0.692812067 0.0600634763 0.7186124259
0.7287612896 -0.6424547301 0.2369786965
-0.6220241013 -0.3839550889 -0.6823961511
0.8628557026 0.4944601653 -0.1048292969
0.2083712842 -0.5088133628 0.8352786181
0.3570201834 0.8782921423 -0.3180243725
