0.07746938278 -0.9522553404 -0.2953104492
-0.1798912095 0.5121199507 0.8398644586
0.5155809629 -0.8263567769 -0.2265187584
-0.002257845041 0.1851392302 0.9827097067
0.1936757159 0.1641379937 -0.9672375283
0.3926404341 -0.1751883538 -0.902852441
-0.8375187692 0.1704251694 -0.519150819
-0.1536224948 -0.7615088026 0.6296860112
0.5977497004 0.8016202326 0.01001490578
-0.5471476794 0.4744068119 0.6896140904
0.9465049785 -0.2069822618 -0.247561445
0.8503966714 0.210948642 -0.4820022528
0.761291266 0.5770045447 0.2958062942
0.04891994591 0.9537519499 -0.2965873512
-0.7788300553 0.1609662711 0.6062290034
0.9336809117 0.217806663 0.284253782
-0.6910717276 0.5392037805 -0.4813306041
0.308750931 -0.7672872007 -0.562088262
-0.5582586727 0.2286693759 -0.7975321754
0.6508361104 0.5539795964 -0.519152159
0.217912506 0.4876955306 0.84537992
-0.9772554207 0.1535791523 -0.1462370909
0.4259435427 0.8351099513 -0.3480854316
0.8316629133 0.530283666 -0.1647301803
-0.600741287 0.7796997453 -0.1765735351
-0.377593089 0.5764163209 -0.7246845411
0.4380235173 0.157763393 0.8850119265
-0.9803843522 -0.1648494625 0.1080332204
0.3072702644 -0.844645799 0.4383588244
0.2048109826 -0.1550557604 0.9664420172
-0.2388920262 -0.9695732751 -0.05346273528
0.01605002474 -0.4926352966 0.8700878468
-0.8572501135 0.5142319729 -0.02622443334
-0.760240549 0.5411420055 0.3594435109
0.745929629 0.199676203 0.6353883872
-0.3751988688 -0.4749556524 0.7960169201
0.2678230721 -0.9619108614 0.05475670517
0.1101757382 0.7877187788 0.6061026581
0.5494454978 0.5464580393 0.6320547889
-0.4301093025 -0.8230198123 -0.3710045506
0.5992850211 0.1454368055 -0.7872138205
