-0.6471147436 -0.03375146693 0.7616451583
-0.377088491 -0.5974456889 0.7077166939
0.3369036403 -0.9272378569 -0.163480561
-0.406652203 0.586352639 -0.70058873
0.4302522055 0.7883423668 -0.4397719323
-0.423423789 -0.8972813039 0.1248941812
-0.5732420037 0.7329941702 0.3662146251
-0.3169591365 0.06083905296 -0.946485877
-0.6004053227 -0.03383174599 -0.798979888
-0.3987310735 -0.5777795435 -0.7121687512
0.7599340932 -0.6011437578 0.2472374496
0.1220344172 0.4788475988 0.8693748203
-0.0346647644 -0.919388212 -0.3918209664
-0.5163560357 0.7422060851 -0.4272078787
0.7266871212 -0.3188865378 -0.6084712022
-0.9763649084 -0.1195137776 0.1800778236
-0.5072776228 0.8542773573 -0.1134883705
0.928336349 0.02185904858 0.3710981071
0.1218604836 0.8176708404 -0.5626405774
-0.9606129734 -0.2469359936 -0.127457171
-0.816196171 -0.552356156 -0.1694889002
-0.8511387372 -0.2954101163 0.4339305397
0.6418516157 0.6019381909 0.4750756969
-0.000373962032 0.1564346039 -0.9876882478
0.9079677114 -0.4189316662 0.009533837514
0.4908730964 -0.251550881 -0.8341257444
-0.6838863977 0.4809504389 -0.548621974
-0.275878324 0.8341399272 0.4775999709
0.231928812 -0.379063243 0.8958348531
-0.2880319058 -0.9412267517 -0.1764364562
0.6976001457 0.7095635019 -0.09936635941
-0.1451025866 -0.4387828349 0.8868003513
0.415856076 0.2447845285 -0.8758677176
-0.6371630938 -0.3461365776 -0.6886310054
-0.083932147 0.6448242781 -0.7597085264
-0.2074373054 0.8325671705 -0.5136162681
0.1861278433 -0.3601299386 -0.9141459694
-0.1248436178 -0.9574676999 0.2601339553
-0.3797357677 -0.2681437064 -0.8853811041
-0.8027432455 0.4933853082 0.3349241997
0.6959639428 0.589382665 -0.4101978358
0.07723672223 0.1678036448 0.9827901228
0.3749622672 0.8013188339 0.4661452828
0.5081487925 -0.567366404 -0.6479816111
0.8586462464 -0.02854430832 -0.5117732368
-0.2672613019 0.04057488331 0.9627694819
0.9472655151 -0.2069898216 -0.2446288162
0.02383294596 -0.9970429165 -0.07305760252
-0.5365006224 0.2931548275 -0.7913452655
0.5821212273 0.7869851436 0.2044242172
-0.2037634451 0.9573940737 -0.2046388184
0.839835614 0.3387370436 0.4241855217
0.9924318535 -0.101974958 0.06841143317
0.888382254 0.4386964692 -0.1353601812
0.7803602911 -0.1665827887 0.6027337643
-0.6338263538 -0.3885606114 0.6687935439
-0.1123889823 -0.7408083448 -0.6622474711
0.1969271059 -0.643739951 -0.7394718321
0.8955024788 -0.3062619148 0.322922514
0.7249981491 -0.684823328 -0.07344857563
