0.7681209637 0.5153766775 0.3799698218
0.7623737643 -0.5137096703 -0.3935589133
0.3971609245 0.6953322833 0.5989793117
-0.2168476715 0.1389946964 0.9662595726
-0.8467941782 0.08806263326 -0.5245803965
0.5086356542 0.8438996481 0.1706550768
-0.04965639858 -0.2967221357 0.9536719647
-0.1972814015 -0.3486540116 -0.9162534741
0.1688335708 -0.6501512994 0.7408093637
0.9378868056 0.1507523225 -0.3124773225
0.9665651144 -0.2468365193 -0.06945223142
-0.3662741263 0.08642910152 -0.926484363
0.4297680905 -0.8142804727 0.3901880319
0.4953797044 0.2144039994 -0.8418015642
-0.6203049437 -0.2583504983 -0.7405921933
0.05341896976 -0.6907521232 -0.7211157452
-0.3668141633 0.8364265554 0.4072321045
0.8063695682 0.5859851447 -0.0799345335
-0.02618335944 -0.913297173 0.4064513569
-0.5781388811 0.4307385998 -0.6929788545
-0.9746157946 -0.1636729339 -0.1527587107
0.2952993306 0.6594991687 -0.6912735724
-0.2125598042 0.9770931905 -0.01035503351
-0.632488718 0.7740474204 0.0284361147
-0.8168820447 0.4945346173 -0.2968825312
0.4642018482 -0.4708196412 -0.7502303044
0.7544435504 -0.1205499576 -0.6451996877
-0.0856121119 -0.9342031614 -0.3463163576
-0.6967908175 -0.4902839884 0.5235495845
0.4719066652 0.8309790367 -0.2945809564
