0.7968997963 0.516149553 0.3139113785
-0.8326228539 0.4854513506 -0.2666011427
0.5530984671 0.6416692965 0.5313592002
0.08597007369 -0.02973442409 -0.9958539102
0.7812766159 -0.4673074466 -0.413800193
-0.3718950935 0.8703331429 -0.3228223347
-0.3062792275 0.4377178986 -0.8453378473
-0.7671783595 -0.6413298592 0.01154887476
-0.2963922366 0.7157289427 -0.6323636001
-0.5973659894 0.7747252502 0.2072550638
0.4992084734 0.8664243792 -0.009984745876
0.3851938466 0.8652492378 0.3208885429
0.9988395788 -0.004699656452 0.04793129598
0.9249783378 0.1907937179 0.3286530568
-0.3785421503 0.1984189052 0.9040662468
0.1169165885 -0.7610620236 -0.6380557245
-0.3279401357 -0.4895927797 0.8079320376
-0.1946097242 -0.2343581158 -0.9524722194
-0.04481053837 -0.9259035337 -0.375092871
-0.9409910127 -0.3383001981 -0.009428147145
-0.5424257276 0.1791342383 -0.8207833177
-0.9221726402 0.1583230866 -0.352890099
-0.6448270005 0.7516365608 -0.1387105619
-0.3357935973 -0.7481822098 0.5722464862
-0.2760998362 -0.9212506917 0.2739818307
0.3334456405 -0.9426001437 -0.01785984166
0.5188770312 0.1696235556 0.837851106
-0.6051428293 -0.5261614644 0.5974581739
-0.7764963144 0.002115486408 -0.6301182417
0.5989785707 -0.6483694001 0.4699380734
0.004328132631 0.6206766907 -0.784054662
-0.1757572212 -0.9828631164 -0.05558321307
0.8318036249 -0.5496430757 -0.07742879878
0.3753162385 0.4858057875 0.7893861273
-0.6197827121 0.3512560937 0.701775282
-0.2322170883 -0.7534529356 -0.6151291716
-0.8531317527 0.1082712722 0.5103366969
-0.5201520405 0.66800013 0.532182
-0.95350523 -0.1303082687 0.2717490229
-0.06162405679 0.9775448945 -0.2015153959
-0.7174041395 -0.3420460886 -0.6069067258
-0.6394114412 0.008331000609 0.7688196168
0.005804827488 0.8531642123 -0.521610133
-0.36941615 -0.1591687316 0.915531006
-0.01704029393 -0.519893237 -0.8540612686
0.05799452127 0.3156887713 -0.9470888212
-0.3021344398 0.8820548219 0.3615163503
-0.8358159161 -0.458506362 0.3019663399
-0.3273797053 0.5239816186 0.786298793
-0.2299989111 0.117753282 -0.9660407163
0.9484073094 -0.244183601 -0.2022324021
0.7918115122 0.2319157639 -0.5650217763
0.7358726904 -0.3463486453 0.5818367463
-0.6100407665 -0.7284068343 0.3118873948
