-0.3217158756 0.8390372024 -0.4387658468
0.2981312281 -0.8287357515 -0.4736188606
-0.9501848876 0.09816493627 -0.2958248211
-0.7237060933 0.005355865923 0.6900875345
0.6109560655 -0.6069011445 -0.5083342275
-0.4038883601 -0.6218615273 -0.670941453
0.1444492018 -0.6648397742 0.7328864187
-0.8579967267 -0.5076728645 -0.07816571885
-0.2506306039 0.5871599646 0.7696931053
-0.7280892838 -0.08533236097 -0.680150265
-0.9708543217 0.2173320886 0.1010378606
-0.05365026311 -0.7761063047 -0.6283157272
-0.6863009079 -0.6007169096 -0.4100368986
0.9293730162 0.06287455892 -0.3637479714
0.1038791354 0.4710867427 0.8759488605
0.8695396251 -0.4579646842 0.1848490962
-0.4309246491 -0.8406683351 0.3279949653
-0.738965251 -0.6166391407 0.2714526258
-0.1552686049 0.3328045621 -0.9301251442
-0.08550871813 -0.8637532354 0.4966070957
-0.496205636 -0.275254179 0.8234167255
0.2092885629 -0.247359924 -0.9460504032
0.4710956134 -0.4617901844 0.7515442426
-0.444648455 -0.2832660203 -0.8497341426
0.7651744671 -0.2840210952 0.5777889341
0.4811608667 0.6084878075 -0.631052144
-0.9882753795 -0.1525614159 -0.006065370423
0.7569006186 0.3520253743 -0.550617462
0.2626860873 0.964870092 -0.004661022733
-0.346410665 0.9320931281 0.1058397459
0.8837816394 0.2714126944 0.3811366726
0.1717457328 0.1347073263 -0.9758879749
-0.8096988422 0.5578482755 0.1821896993
0.08394061557 -0.9815963514 0.171530102
-0.6033324597 -0.7955811022 -0.05514211566
0.01542824298 0.9567747156 0.2904205792
-0.4584386418 0.10010543 -0.883070164
0.3786602259 0.8514491056 0.3628372278
-0.6347406778 0.7675516262 -0.08926798422
-0.8346809917 0.2966464796 0.4640134784
-0.5412401532 0.3345374955 0.7714556116
0.1828414045 0.4976962808 -0.8478605032
0.6411310089 -0.6241226928 0.4465667853
0.1402327766 0.09077732078 0.9859483995
