0.006769878301 -0.9996998093 0.02354697411
-0.7470002062 0.02267014697 -0.6644371727
0.652452768 0.7257992637 -0.2179926931
0.3913416804 -0.9028389649 0.17813897
0.9555663861 0.008073441137 0.2946654055
0.5049375305 0.6525857095 0.5649513094
0.2896546268 -0.01524180617 -0.9570098665
0.6159863433 -0.3146023911 -0.7222092221
-0.4904115937 -0.3084824395 -0.8150675146
0.9912949163 -0.03281644477 -0.1275047838
-0.7999613682 -0.3993426134 0.4478697205
-0.4812122878 -0.6318185621 0.6076512475
-0.1869563738 0.7651712421 0.6160846408
0.7200214242 0.6651475424 0.1978582715
-0.5936237496 -0.2199643239 0.774097242
-0.1103637813 -0.2005276268 -0.9734518512
0.1758772141 0.8859416888 0.4291556007
-0.234451933 0.4287423125 0.8724748252
-0.8003053486 -0.3577781113 -0.481150883
0.3398849259 -0.7451794409 0.5737471901
0.3275085484 -0.9131805938 -0.2425682457
0.8489269811 -0.01576404663 -0.5282749999
0.8629820233 -0.3884267241 -0.3230893182
0.5857656147 -0.4191000728 0.693710151
-0.28241727 -0.896857288 0.3404225177
-0.1540445803 -0.5850540217 -0.7962299033
0.3999132503 0.914002565 0.0683279117
-0.2252135096 -0.3998793046 0.8884680168
0.9246075067 0.3786639881 -0.04140703588
0.197759225 -0.466328326 0.8622233941
-0.4064672021 0.09824164315 -0.9083683136
-0.5765140775 0.6618208084 0.4791917529
-0.7016948557 0.7085131889 0.07505591712
-0.6839757446 0.6427143598 -0.345102061
-0.07362887594 -0.7349302196 0.6741337857
-0.9173776331 0.3854941134 -0.09905840101
