0.1375150667 -0.9904659096 -0.008178535428
0.9263503273 -0.04100835144 0.3744240726
0.9822073636 0.06347841301 -0.1767461058
0.1642412399 0.9773519838 0.1334462995
-0.1943296602 0.1921914377 0.9619243393
0.6169076406 0.7432186417 -0.2589421048
0.5938367921 0.06093776265 -0.8022745499
0.05069634964 0.7241492308 0.6877774143
-0.5094204479 0.7824166611 -0.3582107979
0.3301950567 -0.0136529069 0.9438139767
-0.7869109899 0.5205258505 0.3313969417
-0.4718119307 -0.2627940961 -0.8416250739
0.9197622808 -0.2218401348 -0.3237658127
0.6408936234 0.4426262489 0.6271661401
-0.6929472603 -0.7186410698 -0.05813008808
-0.3968942533 -0.9137004572 0.08732941207
0.37289378 -0.5414206022 -0.7535343126
0.09551423893 -0.9396776113 -0.3284555024
0.8692166894 0.1844773717 -0.4587269843
0.7936486348 -0.1005671033 -0.6000067518
0.7144721669 0.07487563006 0.6956458601
-0.8524479842 -0.2688055301 -0.4484150101
0.666949724 0.3460598749 -0.6598640986
-0.9184334315 -0.378305168 0.1156080958
-0.3055812799 -0.121110952 0.9444322203
-0.2043545258 -0.8739137295 -0.4410374374
-0.01105318352 0.05965349373 -0.9981579473
0.3910904757 0.4170902104 -0.8204169649
-0.5480674333 0.6782112802 0.4895421821
0.9862209265 -0.1490974751 0.07168142773
0.2489732601 -0.7825196486 -0.5706796959
-0.4453953119 0.5284137106 -0.7227738004
0.8947493514 -0.4454222163 -0.03197885898
0.07350529297 -0.4841544153 -0.8718895997
-0.03533391218 -0.8572565967 0.5136756195
0.3429542507 0.8484344005 -0.4031642966
0.7793326526 0.4910842235 -0.3892003367
0.08681583273 0.363549678 -0.9275206967
-0.6754257198 0.4050011507 0.6162581967
0.4094379111 -0.872648865 -0.2661664056
-0.9762343058 -0.1722020897 -0.1315789516
0.6707914421 -0.733169822 -0.1118072145
-0.1286490426 -0.2432339407 -0.961398291
0.7746882864 -0.2398564244 0.5850871342
-0.2218644597 0.9273359404 -0.3013705612
-0.257635278 -0.5090366926 -0.8212829653
-0.8836687559 0.3587930554 -0.3006610605
-0.6585829635 -0.6516468179 -0.3763308449
0.8604245713 0.4719095252 0.1922783326
0.4429817355 -0.8946296266 0.05835249103
-0.1012214803 -0.9714750983 0.2144535973
-0.2713786904 0.7666919979 -0.5818393135
0.2433741086 0.679223202 -0.6924051452
-0.6803405134 0.5398872296 -0.4956395516
-0.4195805947 -0.6836084585 -0.597186403
-0.5373034203 -0.6336674883 0.5565703448
-0.7484139115 0.6353186427 -0.1903860272
0.5387176106 -0.2277371783 0.8111221324
0.2426202746 -0.3392747251 0.9088608602
0.06387371984 -0.6162930522 0.784922303
0.4907149306 -0.2475897797 -0.8354029913
-0.4539867645 -0.8607443077 -0.2302504168
