0.6761684671 0.4473060935 -0.5854173407
0.9780261736 0.08789440666 0.1890486104
-0.8209275354 -0.5225496882 0.2302602984
-0.1705124721 -0.8719224948 0.4589952722
-0.5578405153 0.2824029475 0.7804245862
-0.8968198329 -0.1806841318 0.4038160867
0.9329918571 -0.3136202508 0.1765461211
-0.2448961677 0.3044236424 -0.9205173073
0.3963607013 0.05618550257 0.9163740414
0.4189425631 -0.583077377 0.6960660179
0.9829733981 -0.1046686803 -0.1510224022
-0.03897144052 0.6474826721 -0.7610830547
-0.689605926 -0.08050644941 0.719696032
-0.5440750233 -0.3961314741 -0.7396365487
0.0181389149 0.003868872766 0.999827991
0.4320617834 -0.888898184 0.1522584444
-0.5350646063 -0.751874589 0.3852148354
0.225936827 -0.8467467457 0.4816352343
0.7441535533 -0.6542825773 0.1347211871
0.188890686 0.3871179774 0.9024743654
0.6501990074 0.7591808535 0.02976041703
0.3309502375 0.9374099205 -0.1083262724
0.3860172885 0.8744880294 0.2937028079
-0.05654009943 0.6531870353 0.7550827201
-0.1437860197 -0.3447877851 0.927602805
0.6478724465 0.6229756829 0.4383635381
0.3465673927 0.6218118656 -0.7023112174
0.5976962279 -0.2422659608 0.7642423852
0.3400089924 -0.7837148559 -0.5197931413
0.05348168013 -0.9857293889 0.1596160449
0.8570940306 -0.1108723895 0.5030876026
-0.3207397145 -0.7002666313 -0.6377716524
-0.8597479526 0.4733183785 0.1918415247
0.3655621699 0.02298001942 -0.9305032072
0.8733399268 0.4626611209 0.1523878583
-0.03086616965 -0.8893500455 -0.456183928
0.8239546753 0.2784394566 0.4935282788
-0.591242903 0.7804909913 0.2031394647
-0.1971334441 0.3296290993 0.9233000932
0.731099647 -0.4803760008 0.4844916966
0.6551228867 -0.5525524536 -0.5152667167
0.8401869472 -0.2075775206 -0.5009964738
-0.2403283376 0.9534495281 0.1821435904
