-0.03590572145 -0.9870147447 0.1565652356
-0.6311385059 -0.3532327135 0.6905728321
-0.1251704583 -0.2988630405 -0.9460513936
0.3678894715 -0.3739427303 0.8513660618
-0.5552550865 0.4790031686 0.6798880448
-0.7644195517 -0.06897276232 -0.6410191159
-0.5866124732 -0.8063312458 0.07560243554
-0.8919850404 -0.4134784548 0.1827518947
0.9832223943 0.1768180827 -0.04482286258
0.07427219291 0.01928272342 0.9970515623
0.7239623682 -0.5708607169 -0.3872938566
0.6153663951 -0.2061695344 -0.760801106
0.5946693626 0.5963580426 -0.5391896088
-0.4282841837 0.9036139048 0.007387084446
0.8235881767 -0.5550372995 -0.1167737611
0.9296667436 0.1670329026 -0.3283591863
-0.4974754126 0.7034122754 0.5076705474
0.1234598934 -0.2623835753 0.9570331834
-0.1231586787 0.5267725267 -0.841036649
0.6762940794 0.5477710573 0.4925171946
-0.5486287041 -0.1045101939 -0.8295083872
-0.3260952735 0.9037165864 0.2774134173
-0.7941066649 -0.4026371175 0.4552778893
0.04630738204 -0.9058094843 0.4211470106
-0.1370739724 -0.3794787333 0.9149899546
0.1893589596 0.5478975027 0.814832198
-0.889854398 0.09333597864 0.4465955055
0.9504546712 0.195869408 0.2413940616
-0.7256869215 -0.6268022388 0.2837207173
-0.156374999 0.98594573 0.05880371774
-0.4989497538 -0.7926572325 0.3503479056
-0.4014836638 0.08013581245 0.9123536153
-0.910012812 0.03253618363 -0.4133014381
-0.9476544697 0.3192492526 0.005560649395
-0.7671593184 0.3344834535 0.5473457769
-0.8246359245 -0.3004322951 -0.4792869996
0.2337384369 0.9067599116 -0.3509313407
0.6059167442 0.08376330636 -0.7911059396
-0.9157305382 0.2884295305 -0.2797248421
0.5873485838 -0.4433716868 0.677084329
0.6345772746 0.3435575288 0.6923004456
-0.2377631032 -0.7512609799 -0.6156911943
0.1009783027 -0.7476228268 0.6564019281
0.1869858511 0.1019659176 -0.9770564176
0.6708645018 0.6992996513 0.2468214291
0.2316195457 -0.8127346336 -0.5346164994
-0.5758371635 0.1811051074 -0.7972530973
0.7986170441 0.1433243934 -0.5845245376
-0.1371192386 -0.6271987144 0.7666942592
0.4005620296 0.2680067125 -0.8761977303
-0.9911409285 0.06175832811 -0.1175821784
-0.2456281749 0.9453204963 -0.2145599191
0.3579545901 -0.620311518 0.6979126966
-0.2427369654 -0.897962104 -0.3670733244
0.1262819965 0.9849950542 0.1176333313
0.6661587432 -0.7450756962 0.03308679275
-0.7627779414 0.465514499 -0.4488497113
-0.3160109653 0.8197001501 -0.4777329105
0.4767905182 0.7528402502 0.453764652
-0.4068073922 -0.5260494634 0.7468465088
0.5047019639 -0.8234498881 0.2592416043
0.9815621721 -0.08360331119 -0.1718900485
-0.8965925131 0.3353278534 0.2892699364
0.456574272 0.57278507 0.6807769074
0.3041436564 -0.6125300769 -0.7295913522
-0.3935799217 -0.3470880761 -0.8512489135
0.09489756547 -0.4737023158 -0.87555729
0.3241618233 0.7484372354 -0.5785851856
0.04566299724 -0.9366801695 -0.3471961271
-0.3308607658 -0.9401878776 0.08110430594
0.8487929223 0.4692345336 0.2436586291
0.5593728843 -0.6652632307 0.4944965218
0.7892120969 0.6141161679 -0.002366101186
-0.5825626635 0.7760734057 0.2415177262
-0.03064636024 0.7030359445 0.7104936744
-0.1463569 0.2032473555 0.9681271457
-0.8218567251 0.5425324792 -0.1738103344
0.776349457 -0.2153642614 0.5923679225
-0.3438899566 0.07378038247 -0.9361069132
0.45392999 0.8743509553 0.1716332458
-0.3621461998 0.3611948512 0.8592952982
