-0.4610460258 0.8577148823 -0.2275120719
-0.9830737928 0.03139553418 0.1804999675
0.2124223187 -0.5971332709 -0.7735041146
0.6530095055 -0.1030682118 -0.7503036249
0.7074810587 0.2332096329 0.667146025
0.6036876704 0.7510501842 0.2673664478
-0.7104317889 0.6176976411 0.3372481246
0.3079014771 0.4559236506 -0.8350630546
0.8538840202 -0.3486245962 0.386449183
-0.1466287482 -0.08255237906 -0.9857408964
-0.1836938825 -0.9107626132 0.3698216055
-0.7475333509 -0.5636268566 0.3514522097
-0.02273208874 0.9661067379 0.2571400845
0.3498386574 -0.5143888542 0.7829540347
