0.2152836651 0.8638549847 0.4554201454
0.4856553124 -0.07725206864 -0.8707301737
-0.1993377072 0.9686471231 0.1482809141
0.4706580899 0.5978241227 -0.648912383
-0.3733391701 0.6286969977 -0.6821714954
-0.836333855 0.5252531211 0.1570186032
-0.04558576434 -0.9978966766 -0.0460886207
-0.764597874 0.6405361478 -0.07143902603
0.8484246811 0.4117301232 -0.3326467589
-0.07470148369 -0.9732698685 0.2171760841
-0.9855546069 -0.1041785923 -0.1335250455
0.01380776208 0.9518886173 0.3061329873
0.5922668261 -0.6127270367 0.5232452439
0.07619416095 0.7215062156 -0.6882028993
-0.9021205349 -0.234119527 -0.362445289
-0.8308556921 -0.01386172885 0.5563152625
0.7070882533 -0.5767360947 -0.4091475029
-0.1029512465 0.6646457639 0.7400317894
0.6869702996 -0.1466774134 -0.7117285605
-0.9329380558 0.1081305035 0.3434157513
0.3963016743 -0.8900392115 0.225333497
-0.4176036468 -0.1788596611 0.8908515117
0.1689834194 -0.7792751131 0.6034690564
-0.2597592457 -0.9434886921 -0.2058014142
0.6845514756 0.5180622672 -0.5128360017
-0.1708985289 0.9784633484 -0.1157720548
-0.9230759535 -0.3624463645 -0.128698939
-0.5962120155 -0.3679339403 0.7135515736
0.4606684081 0.8062265355 0.3711918524
0.254112031 -0.1509529427 0.9553220843
-0.4347517494 -0.04421945818 -0.8994640381
-0.3953584854 -0.3049600584 -0.8664242787
0.8054158135 0.4941515074 0.3272913918
0.6681073522 0.704290533 0.240015439
-0.5500520979 0.4328042506 -0.714229074
0.7865273668 0.2758725058 -0.5525115943
0.7791749267 -0.5405867882 0.3172575579
0.7371777764 0.3811389365 0.5579444748
-0.60604598 0.7404480905 -0.290594039
0.4891288338 -0.2104581413 0.8464398116
-0.322058186 0.417109223 -0.8498814158
0.658678643 -0.02897023938 0.7518664579
0.3110022931 -0.2736459143 -0.9101623412
0.187905494 0.1055570401 0.976498457
0.5104621269 0.8464694625 -0.1513864793
-0.7011667652 -0.7126082663 0.02355050355
-0.3338954892 0.5319373112 0.7781751083
0.444861384 -0.8754302909 -0.188997764
0.9041491996 -0.4158932423 0.09770893459
0.2699101252 -0.8808204078 -0.388978063
-0.7448497038 0.3955875195 -0.5373168833
0.8016273588 0.1247000376 0.5846738221
0.2870219733 0.9561510343 -0.05825449715
0.1125117562 0.5140816655 -0.8503300218
-0.9341663018 0.03292438562 -0.3553157827
-0.4950744454 -0.8614041676 -0.1135083855
0.6391363851 0.1100233695 -0.7611829868
-0.5376082807 0.5780685207 0.613851873
0.9784365372 -0.1624742705 0.1275306007
-0.6254623216 -0.6110457679 -0.4852009417
0.5087880796 -0.7535255518 -0.4163339198
-0.9225959227 -0.1572826466 0.352248396
-0.3204994856 0.7309230237 0.6025210479
-0.9653248448 -0.2397682456 0.1032430747
-0.5165944607 -0.7552961414 0.4033086932
-3.55117441e-05 0.08132900973 -0.9966873085
0.8920235617 -0.3008147527 0.3373491514
0.857480195 -0.3619830261 -0.3656446417
-0.857868558 -0.5068458202 0.0846690725
0.1761953025 -0.9110367318 0.3727831658
-0.7188940608 -0.6372071801 0.2777738989
0.1336977876 -0.5954853703 0.7921629096
-0.6629567867 0.7235950204 0.192089941
-0.7135354542 0.3805218404 0.5882773875
-0.2915495943 -0.5377914414 -0.7910620707
-0.3637188791 -0.4308588264 0.8258748384
-0.6220545394 -0.2342127553 -0.7471228381
-0.5268866353 0.3492557413 0.7748618591
-0.07899021173 0.3496661516 -0.9335384989
-0.1755984628 -0.2741108317 0.9455307673
0.2988104759 0.7769946878 -0.5540681859
0.8125042732 -0.1401708042 0.5658524116
-0.2478825261 0.010237835 0.9687360012
-0.1465174385 -0.7259589398 -0.6719495948
0.5331732149 0.4795909153 0.6969353463
0.1086886879 -0.4446822005 -0.8890694628
0.4005733886 0.6902115962 0.6026183808
0.3088013539 0.8967378383 -0.3170220388
0.07070870611 0.8816336163 -0.4666073784
-0.3988767364 0.7871789169 -0.4703686872
0.05551265646 -0.8391524262 -0.5410559588
-0.9499508907 0.2846195346 0.1287828633
0.1415913467 0.3614259182 0.9215873242
-0.5713100024 0.8198518423 -0.03805046553
-0.9947982792 0.02433162535 0.09891590194
0.06092458275 -0.1988847168 -0.9781273254
