-0.9200786472 -0.1579322235 -0.3584866744
-0.1568693178 -0.8075324555 0.5685801178
0.8170750768 -0.5263297202 -0.2352984161
-0.468685226 0.8697982642 0.1542243121
-0.136594115 -0.4317878045 0.8915723973
0.2695126943 -0.757721135 -0.5943244814
0.6362376984 0.115090262 0.7628602904
0.09793236546 -0.05191263775 -0.9938381809
-0.4557476257 0.3552012695 0.8161655223
0.01330979684 0.9837808568 0.1788800577
-0.3107396748 0.6759139421 -0.6682673098
-0.2092324223 0.9420265712 -0.2623122808
0.8233743228 -0.1425570314 -0.5493015723
-0.9903700718 -0.06319566636 0.1231804717
-0.2448865494 -0.3936369985 -0.88604768
0.5773199839 0.7549969007 -0.3109361929
0.6468386149 -0.709408942 0.2798906203
0.4919028581 0.8544193109 0.1673296727
-0.3136095636 0.2261286788 -0.9222336267
0.8461712773 0.5313572471 0.04066503948
0.9298800166 -0.3107775796 0.1968259404
-0.8032492138 -0.3484888629 0.4830592231
-0.5299054933 -0.1346693865 0.8372958405
0.2255237663 0.7830564477 0.5796219721
-0.690170075 0.359133736 -0.6282421724
-0.6571410205 -0.5464759296 -0.5191625348
