-0.8555184431 -0.07785361726 -0.5118857371
-0.7182500443 -0.6877484259 -0.1054465583
-0.7770970063 0.0585882948 0.626647951
-0.8553495059 -0.468131086 0.221879492
0.09926953281 -0.6686999253 0.7368758171
0.8096174669 -0.3607011932 0.4630488165
0.1559086228 0.3868020166 -0.9088876175
-0.2509809135 0.2949314333 -0.9219674781
-0.4475710397 -0.4754450671 -0.7573850755
0.5705684979 0.7593253224 -0.3128524316
0.6201508095 -0.1506408233 0.7698833131
-0.4922188856 0.5384762205 -0.683932693
0.02415859263 0.408974355 0.9122260352
0.6781495337 -0.6792383196 -0.2806216583
0.368237976 -0.267183082 -0.8905133316
0.2515875294 -0.8771720201 0.4089901736
0.1299609957 0.7314693692 0.6693748588
0.273128552 -0.6365917937 -0.7212154202
-0.7183292233 -0.3536710863 0.5990992319
-0.7453815307 -0.4776589661 -0.4650250378
-0.9442528381 -0.2945394487 -0.1470819186
-0.01182144596 0.9959854776 -0.08873095185
-0.3405749791 -0.112513267 -0.9334610053
0.4841804604 0.1329011153 -0.8648159199
0.1638615096 0.878572466 -0.4486199145
-0.6246859083 0.7091669845 -0.3268787299
-0.9762454282 -0.0690293021 0.2053772612
0.3194019632 -0.8690791802 -0.3777350452
0.3837792629 0.9231514362 0.02247005145
0.9786461314 -0.1209381129 0.1662098745
0.6349188453 -0.4509596985 -0.6273064724
0.4059115378 0.6210003393 -0.6705180102
0.8899050239 -0.3219201162 -0.323166346
-0.08586315564 -0.9455757929 -0.3138693013
0.05850985435 -0.009050197604 -0.9982458068
0.8618114072 -0.504660188 0.05098228277
0.4577970382 0.7853855186 0.4166430835
0.4152788265 -0.9093097872 0.02644252337
