0.8201053285 -0.5172981714 -0.2446014147
0.631429127 -0.7551062316 -0.1763854774
0.8438266707 -0.1252369578 0.5217971389
0.5921469707 -0.1781914217 -0.785881532
0.03299961615 -0.4104379766 -0.9112912227
0.8034652087 -0.05646205066 -0.5926682843
-0.477717223 -0.8768170041 -0.05457285192
0.4017126369 -0.8307768415 -0.3852749629
-0.07439748112 0.1359885257 -0.9879130203
0.4372485165 -0.7720082074 0.4613209972
-0.8265670027 -0.4542858053 -0.3322821049
0.3772569625 -0.130854149 0.916817526
0.4234555211 0.8323121691 0.3576896347
0.9346819991 0.08077391626 -0.346186561
0.6248806824 0.1307924372 -0.7696866058
0.7312150546 0.1799014956 0.6579969573
-0.8653868849 -0.5003743192 -0.02703849356
0.9967848136 -0.04303792689 -0.06758529656
-0.2979557587 0.9264746169 -0.229928576
0.6261736209 -0.6289741197 -0.4607582373
0.3581252559 0.6628363278 0.6575669576
-0.9708926068 -0.2171749615 -0.1010078319
-0.001876706287 -0.9509494528 0.3093406151
0.7919796246 0.2703665318 -0.5474214214
0.3244205053 -0.6241638384 0.7107537117
0.1532083154 0.8456405846 0.511291711
-0.9237352348 0.228955211 0.3070712088
-0.8905213815 -0.3755117263 0.2568318758
-0.2021583925 -0.1570375571 -0.9666805005
0.3835308779 0.007132997042 -0.9235005068
0.6435578246 -0.1011371167 0.7586861077
-0.4504131699 -0.8557362636 0.2546437189
0.05989851582 0.6613449656 0.7476864345
-0.3278764851 0.3132151556 0.8912874266
-0.614121831 -0.6222460442 -0.4854526106
-0.9027749873 -0.1601419562 -0.3991890232
0.4575656713 0.7131467919 -0.5310887964
0.2718387419 0.4394130892 0.8561657757
-0.6907888448 -0.7134232508 0.1176351866
-0.5042425225 0.3787961763 -0.7760495701
-0.5674565784 0.8142703425 -0.122298164
0.6911751408 -0.6352146161 0.3446437526
-0.3913541538 -0.3127097326 0.8654793755
0.7075936848 0.5828246207 -0.3995330258
-0.7226894146 0.4096926548 -0.5566614219
0.4930735418 0.1530423781 0.8564207569
-0.01922890632 0.6377578173 -0.7699968933
-0.550366672 -0.4258235085 -0.7181718916
-0.369263625 0.9249074656 0.09050168755
0.9387938088 -0.3441549792 -0.01495107994
-0.09385316273 -0.3878925386 0.9169138249
-0.1506026601 0.809324446 0.5677259725
0.966530403 -0.0977367417 0.2372056267
0.242855545 -0.5909757299 -0.7692651499
-0.5805724387 -0.4631829191 0.6696246911
-0.1057787889 0.1176668479 0.9874033425
-0.2162138944 0.3959510198 -0.8924541119
0.1437213579 -0.8214359131 0.5518942036
0.1297564306 -0.9481679822 -0.2900702436
-0.5239290433 0.4718847094 0.7091002599
-0.7908948975 0.6098216164 -0.05101820481
-0.08504668508 0.9962778525 -0.01405353979
-0.6905586258 -0.6970321209 -0.1930673632
-0.8748401696 0.391038111 -0.2859088552
-0.7619265669 0.3599975485 0.5383954603
-0.1737259572 -0.9593508118 -0.2224079849
0.2168485138 0.9724586797 -0.08544494349
0.2872574037 0.5855249562 -0.7580525771
0.1671934943 0.8244939874 -0.5406070663
