-0.2598083054 0.931973929 0.2528324349
0.221693421 -0.8168645494 -0.5325263702
-0.7655675488 -0.5429861464 0.3450686498
0.03727357504 -0.4750747323 -0.8791556627
-0.1039263761 0.3723592981 -0.9222515175
0.2495791459 0.5431961548 0.8016534085
0.7234521024 0.08090899597 -0.6856170869
-0.5399462375 -0.002751789238 -0.841695009
-0.3674012848 -0.9276436648 0.06703377521
0.5371529498 0.74072076 0.403484156
0.3189697017 0.9127350503 0.2552901433
-0.8217522267 -0.5679457529 0.04648547695
0.8469811416 -0.5211550797 -0.1049777534
-0.0290701087 -0.1075426023 0.9937753858
0.4832852202 0.3026866301 0.8214719714
0.5151705488 0.5556964301 0.6525341242
-0.2828766078 0.5685293769 -0.7724993025
0.09039345858 0.8971652561 -0.4323465345
0.5445826716 -0.4664381671 -0.6970402787
-0.9024226589 0.3009276706 0.308343772
-0.3831092999 -0.8500588914 0.3614237755
0.5836982533 0.8046125182 0.1090644062
-0.3836259245 0.7577186445 -0.5279143926
0.6660417079 0.3865710395 -0.6379273271
-0.5023495584 0.7007097603 0.5066070992
0.2621718286 -0.02228962337 0.964763756
0.9204253764 0.3585967335 0.1556454601
0.4123119528 0.5055820021 -0.7578823739
0.9897379029 0.06300029488 0.1282569547
0.9665767171 -0.2560097311 -0.01372835041
0.9390493553 -0.1943819027 0.2835524364
0.01301143113 0.7154520484 0.6985406711
-0.8341366528 0.07964967761 -0.5457764866
-0.8577202524 0.4750278911 -0.1966328337
0.7449462281 -0.2506141424 -0.6182618125
-0.5005621777 -0.2244654949 0.8360937435
-0.8966367598 -0.1825512753 -0.4033826383
-0.2135176419 -0.3377003886 0.9167162397
-0.4805444928 0.8403030364 -0.250933851
0.4818525553 -0.8747102608 -0.05196224176
0.06081063999 0.8926527992 0.4466240546
0.293837431 0.7546862133 0.5866074356
0.9414528217 0.30498111 -0.1437118892
-0.5459376435 -0.6519353376 0.5262436745
0.3362367742 -0.3382382419 -0.8789423891
0.6994333618 -0.7097858677 0.08364803924
-0.2687068656 -0.736738934 0.620493645
-0.2022920169 -0.2755703555 -0.9397547122
-0.08815794458 0.1910856045 0.9776064999
0.2778896813 -0.6059774056 -0.745364816
-0.859813376 -0.2673767747 0.4350064583
-0.07773659046 -0.9869121619 0.141284844
-0.6195369141 -0.7614809344 0.1905801632
-0.7494583962 -0.4301100825 -0.5033064963
-0.7928158117 0.3778546199 -0.4781934492
-0.2112561514 0.9764023183 -0.04482578805
0.3147176769 0.01088217963 -0.9491229436
0.07816343527 0.5872410203 -0.8056292333
0.7221709315 0.1757019279 0.6690276364
-0.200582661 0.9174009814 -0.3437179592
0.9852785928 0.004528262278 -0.1708964291
0.02496345251 0.9869694709 0.1589593962
0.7321850944 -0.5073642839 -0.4544078245
0.6561512273 -0.7141797862 -0.2437474101
-0.09792553486 0.7672569778 -0.6338196271
-0.5548680635 0.5317121577 -0.6398465546
0.6501283043 -0.2524999975 0.7166428254
-0.7599344782 -0.5998678655 -0.2503160658
-0.6700589251 0.6385089893 -0.3785859313
-0.5529483356 0.1313179477 0.8228023668
0.3917013323 -0.2833689604 0.8753696925
-0.888631338 0.03528772361 0.4572626397
