-0.9067665985 0.3776021708 -0.1875924741
-0.639327294 -0.7457007944 -0.1875924741
0.5116406009 -0.8384706072 -0.1875924741
0.07891471626 0.9790717702 -0.1875924741
0.9555385754 0.2274974606 -0.1875924741
-0.233959621 -0.7302148946 -0.6419105105
0.6221781349 -0.4481576341 -0.6419105105
0.6184868554 0.4532382444 -0.6419105105
-0.7667731327 -0.003139989828 -0.6419105105
-0.2399322366 0.7282742741 -0.6419105105
-0.02385648451 -0.2959804161 0.9548960474
0.2741220443 -0.1141518436 0.9548960474
0.193273225 0.2254306969 0.9548960474
-0.2888661626 -0.06877411354 0.9548960474
-0.1546726222 0.2534756764 0.9548960474
-0.8053737356 -0.4820463632 -0.3449702157
0.2095791638 -0.9149164576 -0.3449702157
0.9349007821 -0.08340310447 -0.3449702157
-0.707327506 0.616995421 -0.3449702157
0.3682212957 0.8633705043 -0.3449702157
-0.0792869989 -0.9836905711 -0.1614510211
0.9110442975 -0.3793835206 -0.1614510211
0.64234334 0.7492186605 -0.1614510211
-0.9600463577 -0.2285706867 -0.1614510211
-0.514054281 0.8424261178 -0.1614510211
-0.7563716754 0.1259078442 0.6419105104
-0.3534771775 -0.6804445471 0.6419105104
0.5379107655 -0.5464457018 0.6419105104
-0.1139862261 0.7582598743 0.6419105104
0.6859243135 0.3427225304 0.6419105104
0.5604125777 -0.2333709759 0.7946544723
0.3951259977 0.4608684363 0.7946544723
-0.3162112813 0.5182033339 0.7946544723
-0.04877197697 -0.6050996314 0.7946544723
-0.5905553172 -0.1406011629 0.7946544723
-0.2316092316 0.9728089041 -4.98097e-11
-0.9967674359 0.08034101468 -4.98268e-11
-0.3844269227 -0.9231554263 -4.98114e-11
0.8536250587 0.5208879526 -4.98013e-11
0.7591785315 -0.650882445 -4.97933e-11
-0.3534090432 -0.8695387274 -0.3449702158
0.7177710725 -0.6048142174 -0.3449702158
0.7970159621 0.4957429841 -0.3449702158
-0.9361898731 0.06740972939 -0.3449702158
-0.2251881184 0.9112002313 -0.3449702158
-0.4430937579 0.7261368462 0.5257311121
-0.8275206806 -0.1970185801 0.5257311121
-0.06834214908 -0.8479010251 0.5257311121
0.553673678 0.6457958315 0.5257311121
0.7852829096 -0.3270130725 0.5257311121
0.2738470027 -0.4487772514 0.8506508084
0.511435907 0.121764179 0.8506508084
0.0422377709 0.5240316526 0.8506508084
-0.3421891516 -0.3991237737 0.8506508084
-0.485331529 0.2021051935 0.8506508084
