-0.4180545738 0.8797045225 0.2266061041
0.05171185209 -0.9264432353 0.3728656811
-0.6533373887 0.6729679695 -0.3467915349
0.6733200524 0.5534133733 0.4902792524
-0.768446558 -0.1494818158 0.6222098313
-0.2774603535 -0.5464725168 0.7901794358
-0.2315642347 -0.9486562979 -0.2154744384
0.1100268742 -0.05176065419 -0.9925799321
0.3531455449 -0.3870168987 0.8517664846
-0.8372805705 0.0769784678 -0.5413275919
0.0878518538 0.6329785263 0.7691685361
-0.9089896099 0.3774454623 0.1768412059
0.9679318853 0.2510724556 -0.008395686954
-0.6186579919 -0.7388152407 0.2672345956
-0.5381304981 0.4557463975 0.7090210068
