-0.3825256499 0.8701857389 -0.3105654632
0.3726402743 0.03833011152 0.9271839238
-0.6666055594 0.316648573 0.6748116103
-0.5602153935 -0.2270210928 0.7966304892
-0.05602091933 0.05914526522 -0.9966762234
0.6113605874 -0.7617506728 -0.2144158221
-0.492290879 0.09747288533 0.8649559105
0.3547050642 0.3693837662 0.8589178952
-0.02597344317 -0.4402827579 -0.8974834112
0.9374302227 -0.1868074747 0.2938154948
0.5990390001 -0.1678552595 0.7829284056
0.8215317066 -0.02817972852 0.5694660288
0.9626161816 0.07198730922 -0.2611281568
-0.3804407942 0.4153853177 0.8262686245
0.7654080243 0.005589564314 -0.6435210277
-0.1599222486 -0.7281271465 0.666525118
-0.2707987234 -0.1447302333 0.9516938641
0.5842182668 0.4942683132 0.6437296415
-0.9694120187 0.2281942743 0.09037539043
0.6074522924 -0.6569237849 0.446601448
0.08866884297 -0.9794866376 -0.1809523778
-0.7602350872 0.3598483008 -0.5408805899
0.1758007505 0.6802355634 0.7115993778
-0.8276749246 -0.2941733526 0.4779291348
0.4789045633 -0.6438576454 -0.5967392661
-0.1023157489 0.9822434411 -0.1572555563
-0.1804982094 0.1811494673 0.9667498471
-0.4999895838 0.4848672695 -0.7175751857
-0.2985198683 0.291438429 -0.9088176552
0.7410491848 -0.5249800945 -0.418619166
0.6407761998 -0.7578469899 0.1227754111
-0.332428998 -0.4768208252 0.8137154675
0.8366640647 -0.5395485996 -0.09423667861
0.33451447 -0.8616745362 -0.3815980386
0.8823760547 -0.2174033582 -0.4173107691
0.9092442231 0.3776495448 0.175087875
-0.2189345538 -0.9744119734 0.05088189494
-0.4266354215 -0.7555324721 -0.4971447483
0.9949649261 0.0656179252 0.07575674104
-0.02803078571 -0.3790933518 0.9249337845
0.1468717337 0.9148220007 -0.3762039352
-0.7667862348 -0.6416424882 -0.01826985259
-0.3831340546 0.9233881092 0.02372121375
-0.6292477035 -0.1782956153 -0.7564773633
-0.1685729009 0.6614923283 0.7307606152
0.5351111299 0.8244983087 0.1840071128
-0.8293865133 0.5034232763 -0.2422457771
-0.8170145708 -0.3012251737 -0.4916813864
-0.1369811077 0.83035848 -0.5401305127
0.5140279576 0.8439692118 -0.1532684845
-0.6037675216 -0.5085769228 0.6138520126
0.7212012246 0.5968206966 0.3516729301
0.9058323031 0.3909698012 -0.1631271074
-0.4350911019 -0.766086004 0.4730834677
0.1868028264 -0.5969859388 0.7802002903
0.2298499247 0.930683969 0.2845985979
0.7142576052 0.6246399204 -0.3156913735
-0.01895018218 0.8634667192 0.5040497152
