0.8251842942 -0.5616787051 -0.05989918877
-0.771558572 -0.07137715284 -0.6321413387
-0.9959531825 0.0643464342 -0.06274388115
-0.6663770113 0.5023817323 0.5509575971
-0.5843963392 -0.003309498024 -0.8114616232
0.7366518035 0.4962384054 -0.4594470213
0.4888141753 -0.8696951783 0.06849086678
-0.1993810472 -0.24009919 0.9500524075
-0.05780213236 0.2718380272 0.9606055384
0.4109890467 0.1913793576 0.8913259477
-0.2813425475 0.8447484675 -0.455243229
0.8865246663 -0.377864013 -0.2670071232
0.03886028043 -0.9390992109 0.3414418702
-0.7391977669 0.5972887583 0.3111796918
0.03323535634 -0.8505389699 -0.5248608118
-0.2696889005 0.9407954832 -0.2053576288
-0.6467506834 0.7540571078 0.1145051604
-0.6923530906 0.605122233 -0.3930321628
-0.1827112059 0.9321186575 0.3126842235
-0.4449164664 -0.5677127585 0.692641005
0.4331315145 0.8664395738 -0.2483536916
-0.08463812483 -0.9485569598 -0.3050837292
-0.8770269595 0.1786647185 0.4459850116
-0.6310424178 -0.7036299462 0.326634912
0.4056479415 -0.4947838966 0.7685301837
-0.6326966165 0.4402538326 -0.6370804928
0.5394349001 -0.7139484655 -0.446416372
-0.9001287144 -0.147769408 -0.4097956803
-0.2208040059 -0.7122268079 0.6663171655
-0.6891617968 0.7096782903 -0.1463309336
0.4312666905 0.7519642645 -0.4985567035
0.03371612548 -0.9980312262 0.05288567241
-0.6328563054 -0.3774317227 0.6760459979
-0.2003081469 -0.3555436055 -0.9129432572
-0.2525089841 0.6936195721 -0.6746340505
0.9363314154 -0.2503946054 0.2461422803
0.1645139777 -0.6791331942 -0.715341356
-0.360440987 -0.8931931443 -0.2688648393
-0.140055563 0.01850876713 0.9899706384
-0.420299051 0.6165178606 0.6657735616
0.9716137413 -0.1342484627 -0.194792423
-0.3625264326 -0.6623314961 -0.6556611739
0.512266223 -0.7931021207 0.3295031761
-0.3199218491 0.2061205035 0.9247509657
-0.2701200053 0.4576974955 0.8470821598
0.1484485799 0.1023240434 0.9836121234
-0.5011974775 -0.7442321253 -0.4414970354
-0.9293479012 -0.07049738331 0.3624121928
0.4950995307 -0.6589973293 0.5662146013
-0.03358069139 0.8147984497 -0.5787709595
0.5150715556 -0.3864009413 -0.7651114985
-0.9015553102 -0.325526825 0.2850093137
0.7126923006 0.5937772365 0.3734946827
-0.6193593563 -0.2641073698 -0.7393519358
0.440771314 -0.8630233643 -0.2468021909
-0.7708740389 -0.3467190376 -0.534358611
0.0091876863 -0.4045292911 0.9144788894
0.9839969857 0.140496245 -0.1095935091
0.7179628066 -0.2574848959 -0.6467077677
-0.5916789845 -0.5331009126 -0.6047473821
-0.01127435679 0.6328334266 -0.774205879
-0.1020724658 -0.7034619436 -0.7033651297
-0.453886208 -0.890884186 -0.01768268475
-0.6052792289 -0.1340218156 0.7846497359
0.6635694582 0.7453763174 -0.06395091539
-0.1874513664 -0.9617473296 0.1997600041
0.4286510112 0.3272276141 -0.8421284932
0.8083868394 0.557582894 -0.1887115108
0.3508075349 -0.06620920542 0.9341040705
-0.008401423443 0.5142324856 0.8576096821
0.2266337448 0.5030868109 -0.8339908911
0.7784268514 0.002875519 -0.6277287379
-0.2728563312 0.9600618673 0.06189211166
0.2048449698 0.9764827626 0.06723059405
-0.1955959324 -0.8705247534 0.4515848591
0.8764648285 -0.1127023269 0.4680892969
0.717770404 -0.1883391977 0.6703237977
0.9703430132 0.1862646481 0.1540776351
-0.8716595086 -0.394572063 -0.2907276873
0.06608071371 -0.1526527247 0.9860681949
-0.8134390765 -0.2482890218 0.5259937553
-0.9449272335 0.3271133467 0.01045857035
-0.233061745 -0.8355877826 -0.497468874
0.2967569201 -0.8025021191 -0.5176153777
-0.9197774034 -0.3923233228 0.009588462836
0.2628546643 -0.3182539051 0.9108358125
-0.8118836424 0.3721254429 -0.4498528714
-0.8441010589 0.4976434838 -0.1996105343
0.5591734228 -0.1276782729 -0.8191601442
-0.6096348978 -0.7676638376 -0.1975791585
-0.5076855458 0.253184542 -0.8235004397
0.3886516019 0.05283129976 -0.9198688962
0.7966662235 0.5925824883 0.1190332847
-0.423940159 -0.4398091361 -0.7917339612
