-0.3979208823 -0.3850801952 -0.832689747
0.2209638979 -0.03639352086 -0.9746027229
-0.01399523772 0.3981410936 0.917217424
-0.7773021796 -0.5795474475 -0.2447980346
-0.1030255847 -0.7255706738 -0.6803917447
-0.1834996992 0.9117408345 -0.3675003552
-0.09155917506 -0.9428690059 -0.3203356914
0.2287186365 -0.9722517281 -0.04913616285
0.5514192885 0.7989957022 -0.2398804623
0.3174599579 0.552874398 -0.7704213621
0.497965774 0.6748723561 0.5445891946
0.8502982124 -0.1206089072 0.5122952679
-0.9077723778 0.2721764078 0.3191697246
0.9812015169 0.1097431252 -0.158745172
0.009335072888 0.326023247 -0.9453156609
-0.2144792358 -0.8464982295 0.487277544
0.1996896091 0.04105252373 0.978998851
0.5357047765 0.1968039949 -0.8211507657
-0.4759079769 -0.8631063956 -0.1689939268
-0.6670794092 0.5886890051 0.4565635959
-0.6079735661 0.2152607792 0.76421917
0.7368262106 0.3314477621 0.5892618402
-0.2984391072 0.8448743667 0.4439835625
0.1676295925 0.9815837609 -0.09161681138
0.9479011855 0.1950524682 0.2518687697
0.5842469627 0.008483156672 0.8115315906
-0.831995038 -0.07114903357 0.5502018464
0.08278092705 -0.6765653338 0.7317148811
0.3629076577 -0.5588252399 -0.7456623789
0.674668955 0.4912234906 -0.5509276572
-0.8068972479 0.587659467 0.05977609954
-0.788177764 0.5046829079 -0.3522371002
-0.5472518963 0.8177846616 -0.1781673631
0.845605392 0.5079583804 -0.1641030315
-0.3963633936 0.366725924 -0.8416698622
0.9695267469 -0.2260622899 0.09441254199
0.469842422 -0.6766877752 0.566870138
