-0.900241687 -0.381592815 -0.2096469139
0.2923516025 -0.1649720439 0.9419738665
0.5137278982 0.424504786 0.7455731575
-0.7800646529 0.1460741182 0.6084089819
-0.2092138981 0.2819099491 0.9363526715
-0.9717113275 -0.2211647489 0.08284473316
-0.7454658864 0.414866362 -0.5216958059
0.4023154575 0.8985298336 0.1754605673
-0.08350233059 -0.2664721688 0.9602186959
0.8832527706 -0.3256924897 -0.3373261707
0.7151991825 -0.6220172593 -0.3187234827
-0.2126338889 0.7328371142 -0.6463254547
0.5087070365 -0.8451843299 -0.1639530407
-0.3506568328 0.553642794 0.7553273742
-0.6449362679 0.4597416204 0.6104873896
0.9369290053 0.0110133448 -0.3493461682
-0.333994849 -0.03557287129 0.9419033983
-0.8588262423 -0.3422494291 0.3811598271
0.4192332009 0.6708413728 -0.6117314573
0.728482683 0.4820245571 0.4867908246
0.03457823589 0.05136402816 0.9980812002
-0.3701777951 -0.4039908133 0.8365164809
-0.8396171456 -0.5359167355 0.08852288671
-0.4991144136 0.8482522643 -0.1770674966
-0.1202836532 -0.62654657 0.7700462573
0.7158832577 0.6685429437 0.2013988425
0.7360616591 0.1833977652 0.6515968798
0.9761176464 0.04897402056 0.2116503855
-0.2145053677 0.9100123131 -0.3547746289
0.07399735062 0.9865039251 0.1460629926
0.07983070169 0.8520861241 -0.5172777748
-0.6788946024 -0.6320174083 0.3737059198
0.5938552724 0.7996364189 -0.08898040786
0.2142914605 -0.9237682489 -0.317382092
-0.9848773228 0.1645167523 0.05432216093
-0.5008348069 -0.7344907442 -0.4579168515
0.09813420223 -0.7878770065 -0.6079634044
-0.07923503142 -0.9776074416 0.1949499936
0.8614053986 -0.09480544853 0.4989916495
0.6411020665 -0.1702399467 0.7483358209
-0.448372817 0.7465991146 0.4914789711
0.2238557098 -0.9744197143 0.01987061989
-0.2717977485 -0.6606554797 -0.6997573301
-0.7429382602 0.6209849731 -0.2498407586
-0.9171387106 0.3148939686 -0.2443325071
0.6469983867 0.4181556658 -0.6376040517
-0.3689331233 -0.8663317507 0.3366862759
-0.01939596025 0.5473081527 0.8367063898
0.483849124 0.1076583973 0.8685042859
0.622891036 0.1068005811 -0.7749841244
-0.4855834651 0.4735992086 -0.7347873761
-0.189832307 -0.8743061725 -0.4467128965
0.1698807794 -0.4737387775 0.8641250439
-0.2245678528 -0.3235319347 -0.9191824447
0.8680437251 -0.494759935 -0.04138475527
-0.5248020834 0.2206378767 0.8221324107
-0.5132384921 0.7066098592 -0.4871229384
