-0.5864523349 0.7535852323 0.2969561524
0.4238739611 0.3236007405 -0.8459393748
0.07938858796 0.8441722785 0.5301609344
-0.332339293 -0.8202541192 -0.4655467477
-0.6338243253 0.6160273985 -0.4677360035
0.289243329 0.2816599083 0.9148803161
-0.520060233 0.4996521285 0.6927373994
0.2502197456 -0.9217961076 0.2961114906
-0.8047274 -0.512561318 0.299490746
-0.288883908 0.616850129 0.7321488961
0.4404966357 0.8277096608 -0.3476484307
-0.03777400661 0.9927395693 0.1141983886
-0.3901299533 -0.03973470925 -0.919902045
0.4551924648 -0.7955314122 0.3999119805
0.01558057465 0.1656738101 -0.9860575208
0.8105529486 0.3448498551 0.4733735257
0.9145877709 -0.3853479921 -0.122621916
0.6126024973 -0.009747163713 0.7903310528
0.2007018906 0.979633467 0.006084526606
-0.1526432251 -0.9421864834 -0.2983029943
0.411037034 0.4709896185 0.7805237574
-0.5590955347 0.4463040664 -0.6987308948
0.5592975335 -0.2584407905 -0.7876513358
-0.6505404266 -0.2470155854 0.7181785669
0.8192996381 0.1238084257 -0.5598388846
0.4283661586 0.8985419386 -0.09552391665
-0.65934318 0.7511094526 0.03318374747
-0.1010924811 0.491236189 0.8651400562
-0.9303069741 0.3409247931 -0.1352746072
0.8372925804 -0.4000417692 -0.3727032569
0.9894729653 -0.1424575202 -0.02547755527
0.6620303344 -0.7144656245 0.2263950261
-0.5277635825 -0.2370165305 -0.8156523556
0.9348933668 0.2054584642 0.2894152936
0.7522956828 -0.3907240631 0.5304582096
-0.9859091785 -0.1634234115 -0.03571946794
-0.9751177267 -0.07188459232 0.2097093808
-0.1600051822 -0.5066267269 -0.8471881145
0.5986212378 0.7973929218 0.07627018988
-0.624133128 -0.6566346265 0.4234250888
0.6681320803 -0.5756950857 -0.4713541042
0.03069119909 0.2845703155 0.9581637573
-0.764816056 0.1473689197 -0.6271672839
-0.9752723322 0.04317798143 -0.2167476413
0.4208387734 0.6934603298 -0.5848140711
-0.3117563048 -0.5497156898 0.7749972043
-0.2082515215 0.7999678645 0.562745697
0.7559445922 0.1479989019 0.6376865206
-0.6305536912 -0.7548779852 0.1804474161
-0.477380633 -0.6453599794 -0.5963373443
-0.7759213692 0.5952610211 0.2088309018
0.8971938327 0.4184364713 0.1412591453
0.7458865531 0.4030335048 -0.5302992023
-0.1914948596 0.6460903858 -0.7388483824
-0.2234209331 -0.8401966771 0.494118033
0.2463690108 -0.1881471877 0.950738106
0.8063874617 -0.5082138514 0.3024201431
-0.1232673918 0.07470769342 0.9895574317
-0.3328188041 0.4454839743 -0.831129155
-0.8245034058 0.5639116833 -0.04688013703
0.249768444 -0.9675608138 0.0379709889
0.4490555649 -0.8864775504 -0.1118331447
-0.9225203301 -0.3684636789 0.1148510247
0.3681756782 -0.1368465888 -0.9196301871
0.4824653606 -0.2306706837 0.8449959831
0.2738918212 0.1365600492 -0.9520160835
-0.8965024667 0.2376937513 -0.3738783329
0.02540555015 -0.6949962909 -0.718564342
-0.3833592114 -0.906056667 -0.1791564431
0.6837151217 0.5732527377 0.451569409
-0.4527611337 0.7063651051 0.5441100018
0.717093528 -0.3531005876 -0.6009133441
0.2312045827 -0.812546122 0.5350824615
-0.3431388354 0.3911364097 0.853971925
-0.08939966704 0.3949493529 -0.9143427739
-0.01388945203 0.9123377055 -0.4092028767
0.547987496 0.4854432639 -0.6812154885
0.05431586314 0.5866921682 -0.8079864397
0.3561034557 -0.8640025023 -0.3559353942
0.5101459571 0.07442501597 -0.8568617271
0.171955966 0.3746062634 -0.9110989481
0.751621731 0.6272015336 0.2041641737
0.8933676051 0.2726641131 -0.3571394736
-0.1017550243 0.9274237426 0.359904316
0.6333485516 0.4141222557 0.6537372328
-0.1374484247 -0.0471692843 -0.9893851571
-0.6959077328 0.04624689376 0.7166405321
-0.5512456046 -0.7653889871 -0.3321264546
-0.01753074817 0.987282909 -0.1580035772
-0.4668702461 0.8716306966 -0.1493053984
-0.00974291886 -0.7753374514 0.6314720199
0.4254656692 -0.6581082889 0.6211863202
-0.8430076643 0.1378837311 0.5199289899
-0.8887118966 -0.01036909025 -0.4583488266
-0.2227648489 -0.9416385975 0.252373877
-0.2339360856 -0.6947100912 -0.6801851197
-0.7985375707 -0.5996689436 0.05229633225
-0.9429947344 0.1783543188 0.280981615
