-0.7067706855 0.7026391101 -0.08230114883
0.01764977727 -0.9803600936 -0.1964244696
0.9720845708 0.226765029 0.06024291488
0.3261842902 -0.9367479293 0.1269138521
-0.3214540214 -0.3565245166 -0.877244311
-0.4615420762 -0.8543168332 0.2390013816
-0.4945265867 0.5598208059 0.6648639863
-0.7954462914 -0.5541323026 0.2453621585
-0.4574086919 0.8388880776 0.2950323404
-0.6475756958 -0.2274241622 0.7272715921
-0.03636010554 -0.6615270426 0.7490393278
-0.4665337052 -0.625520098 0.6253566254
-0.1169125682 0.4536806209 0.8834621359
0.7718090672 0.6034688423 0.2003400115
-0.02372235372 -0.04311407326 -0.9987884794
-0.8771114908 0.3602398074 -0.3176518753
0.4206358227 0.8832418757 0.2072421138
-0.2490804779 -0.3046053452 0.9193337257
0.34801578 -0.765361476 0.5413934132
-0.1195409504 0.7962071734 0.5930970394
0.5914619011 0.004802280107 0.8063186452
0.4117819896 -0.1144328131 -0.9040689821
-0.7553013074 0.1964050886 0.6252559286
0.6080906126 -0.4232466991 0.6716308797
0.9764160682 -0.1968542106 -0.08865710132
-0.8813373224 -0.06276176503 -0.4683006352
0.9152677602 0.1418837967 -0.3770330429
0.785033268 -0.5280086922 -0.3239283702
-0.2358573736 0.3424511344 -0.9094495697
0.6686886661 0.4344791035 0.6033932188
-0.3225563734 -0.7203500148 -0.6140466124
-0.0419431268 -0.9225178906 0.383668497
