-0.7037996264 0.1425060174 -0.695958419
-0.4815016768 0.06763308243 -0.8738317352
-0.846363039 0.4475683729 0.2887077378
0.7965575062 0.5941211771 0.111875673
0.2128019374 -0.005971953891 0.9770771061
-0.8862797288 0.1893125424 -0.4226925639
0.3906919951 0.214445203 0.8951944034
-0.8455536443 0.4486282634 -0.2894334396
0.9579095856 0.07335950781 0.2775384811
-0.04338599214 0.6923938682 -0.7202141258
0.07894244846 0.2558641004 0.9634841213
-0.8822441791 -0.3562382204 -0.3077978861
0.9979908839 0.06181983106 -0.01387458787
-0.2974362517 0.5549037933 -0.776925644
-0.1144865657 -0.9930718903 0.02647729132
0.2505945216 -0.9374409242 -0.2416751938
-0.5173581168 -0.4408453518 -0.7334820753
-0.4772002801 -0.6036769272 0.6386345279
-0.6141901867 -0.1073575079 0.7818214503
0.824412312 0.5380068577 -0.1757639354
0.7226088315 -0.4138555444 -0.5536786659
0.2070900233 0.8552793423 0.4749852302
-0.2065830162 -0.3061980677 0.929282627
0.6406547141 0.1487039425 0.7532918922
0.7084070727 0.5865044528 0.3926473559
0.2145286704 0.9245945787 -0.3148052009
0.3316282007 -0.9425061784 0.04128971106
0.3932662155 0.9158445411 -0.08105837592
0.1024130681 -0.9691759578 0.2240748232
-0.04203343689 -0.9653631981 -0.2575016231
-0.4867333928 0.1982429664 0.8507586794
0.2279773429 -0.6857247441 -0.6912365054
-0.4652077216 -0.7924278256 0.394512252
0.5862758994 0.7989361792 0.1340953067
0.7440733682 -0.6588100563 -0.1110141088
-0.2476767392 -0.4678613704 -0.8483878659
0.3523656617 0.6708240993 0.6525591685
-0.3285842016 -0.9217197985 -0.2060704624
-0.3313619707 0.4474743593 0.8306418856
0.6937346086 0.3710802718 -0.6172776723
0.6528737336 -0.6489061827 -0.3907386006
0.9506835607 0.05940046385 -0.30442134
0.2423967948 0.7732438593 -0.5859502777
-0.2824925934 0.7727124266 -0.5684306822
-0.900184574 0.435508346 -0.0004618481685
0.8351435722 0.07348491058 0.5451010748
0.2127759847 0.568089287 -0.7949848692
-0.383677878 0.7982427496 0.4643272538
-0.482425416 -0.7744310419 -0.4092948563
-0.04600447465 0.4523746955 -0.8906406251
-0.9372973214 -0.3480274359 -0.01872525529
0.06462127523 0.7180388597 0.6929965994
0.8638216343 0.3301900548 -0.3805084911
-0.07766918607 -0.05001832404 0.995723689
-0.0441735006 0.503591411 0.8628119104
0.2115464547 -0.2089433321 -0.9547726334
0.8790551204 -0.1943778221 -0.4352922669
-0.4681502315 -0.3617978688 0.806187114
0.8161567499 0.1080005346 -0.5676478169
0.09821573556 -0.8631557495 -0.4952936718
0.3643938942 0.05768861525 -0.9294563537
0.5268441992 -0.3668786294 0.7667041549
-0.7198319155 0.147195609 0.6783623414
-0.5243491764 0.6073076809 -0.5968545232
0.0171940172 -0.8722963931 0.4886751154
-0.5869212535 0.8045365828 -0.09079828844
-0.9685178733 0.1949354938 0.1548330788
0.6587509061 -0.6698685974 0.3425248983
0.97214812 -0.1871180145 0.1411200957
-0.4034301276 0.8593042238 -0.3143889044
0.5212901147 -0.829771897 -0.1993369389
0.6811960108 0.594987632 -0.4265697044
-0.2863707215 0.2841735804 -0.9150066591
0.6318551567 0.7596197474 -0.1540678432
-0.5001606612 0.588641373 0.6350910541
0.7439824832 0.3524863082 0.5676649251
-0.7291180036 0.3999158031 -0.5553866106
