-0.8585237487 -0.005754783327 -0.5127415094
-0.6838717354 -0.7135020814 -0.1524277841
-0.8313184475 0.2196243526 0.5105632014
-0.7921058387 -0.5628184226 0.236228202
-0.2006495249 -0.656599226 0.7270606746
0.5645035532 -0.5814964837 0.5858306734
0.1356325813 0.2919427827 -0.9467698847
-0.2523967682 0.4543115286 -0.8543400414
-0.576328093 -0.2315974143 -0.7837145953
0.4619615897 0.8197108293 -0.3386231622
0.5913464369 -0.1988016255 0.7815288256
-0.1858765961 0.786696634 -0.5886920222
0.1914368798 0.3830725972 0.9036632704
0.5449419088 -0.8214854727 -0.1679283605
0.5232249984 -0.276721421 -0.8060154193
0.3637839695 -0.9067154216 0.213373775
0.4452033431 0.6185299626 0.6474678901
0.1930484192 -0.5531958093 -0.8103744224
-0.8561291753 -0.2086618725 0.4727611005
-0.7804246473 -0.4257190479 -0.4579308487
-0.9470092679 -0.3117161869 -0.07750138937
-0.09483964909 0.9879155952 0.1225896316
-0.2384427116 0.03979643349 -0.9703408253
0.5277624266 0.1529096333 -0.8355150897
0.05872819144 0.9585820586 -0.2786959571
-0.7203850467 0.6660717581 -0.1933747592
-0.9879416974 0.05487871359 0.1447740632
0.2586339135 -0.8327973044 -0.4894457566
0.3322592471 0.9416683366 0.05352136528
0.9329758196 -0.291927936 0.2105568813
0.6129061315 -0.5905165054 -0.5250107911
0.5930848073 0.5179055192 -0.6164610974
0.8601915588 -0.4809824601 -0.1694885106
-0.1673755062 -0.8790339828 -0.446413146
0.1541065059 -0.1371566483 -0.9784882415
