-0.961520924 -0.1910965582 0.1973819094
0.7539129336 -0.554492261 0.352354397
0.921248775 -0.3467315007 0.176289424
-0.4530967395 0.7315700379 -0.50941989
0.02158919475 0.9900895611 -0.1387680356
0.6441991633 -0.2428072912 -0.7252944625
-0.9177220323 0.3708158275 0.1424145128
0.7047524378 0.6819360118 -0.1956713502
-0.7951550628 0.6052798858 -0.03694165636
0.7471049621 -0.6007513371 -0.284485512
0.8245870613 0.4358300599 -0.360705333
-0.6082246054 0.4803768466 -0.6319026149
0.149995902 0.7090134717 -0.6890581444
-0.8489015857 -0.4547088683 -0.2694548994
-0.08524659688 0.9830360462 0.1623981205
0.1541297349 -0.773906276 0.6142581711
0.1144880212 0.06777127967 0.9911102596
0.6733167258 0.376942872 -0.6360492575
0.306302884 -0.6777484688 -0.668457595
-0.003809451794 -0.7572641504 -0.6530976149
-0.6655979404 -0.07564504304 0.7424669752
-0.1587020928 0.230752662 0.9599827367
0.1604719924 0.4205448297 -0.8929674047
0.3869784842 0.8540784853 -0.3475594823
-0.810557188 -0.0291384779 -0.5849341792
0.6373258884 -0.1841090018 0.7482777475
0.4060550746 -0.03741886914 0.9130822004
0.9420771464 -0.1038970712 -0.3188981795
0.7580044224 0.3429767499 0.5547938758
0.3286193364 0.2868261939 0.8998555807
-0.97229917 -0.1993989818 -0.1219605263
-0.4635109513 -0.8409013654 -0.2793608629
0.6415302974 0.6289330718 0.4391834113
0.1716901706 0.08790850537 -0.9812209639
-0.9488997181 0.05783805744 -0.3102323068
0.6026118957 0.1756698546 0.7784593793
0.141456125 0.9035483395 0.4044633023
0.3893014044 -0.4071203474 -0.8262550691
-0.3314381712 0.9427342899 -0.03742722633
0.9956151738 -0.09346007986 -0.003954627648
-0.4928331929 -0.8688895867 0.04632850127
0.2192130262 -0.9161692631 0.3355287329
-0.8192239549 0.2791413573 -0.5009513094
0.2286003913 0.9679745913 0.1037644048
-0.8849911003 -0.4631248924 0.04802172895
0.09198115925 -0.522473492 -0.8476797252
0.8557109447 0.1478641715 -0.4958779748
0.08310917295 0.8952510776 -0.4377423596
0.3858054759 -0.3511636933 0.853134336
-0.2197116703 -0.5678057655 -0.7932990575
-0.4142885199 -0.5352137906 0.7361461951
0.5776497468 -0.7860408103 0.2201377174
-0.5007443038 0.7652522271 0.4045295676
-0.43234655 0.07749661371 0.8983711569
0.4268463997 0.2453289928 -0.870411303
-0.585888929 0.5347369544 0.6089257364
-0.1029410626 0.2503825616 -0.9626586677
-0.5162403807 -0.4933168336 -0.7000959728
0.1292739365 -0.5405825385 0.8312994457
-0.3637210527 -0.7400108653 -0.5657657776
-0.5854564593 0.8046540447 0.09885647496
-0.2026263329 0.8751286507 0.4394228191
-0.704005764 -0.6993766187 -0.1234837214
-0.5845224508 -0.6468995641 0.4897493834
0.8085453126 -0.350043979 -0.4729943871
