0.5819376861 -0.7158057979 0.3859670831
-0.7649446568 -0.6161212542 -0.1877612105
-0.1919275849 0.8159551656 0.54532648
0.7389557188 -0.3513731978 0.5748750487
-0.8688495036 0.4639327505 -0.1728205515
0.05622620444 0.2176034502 -0.9744164163
0.6449607837 0.4878979739 0.5882016275
-0.03420351835 0.2190936935 0.9751041343
0.3718307615 -0.1501186383 0.9160820265
0.3867529958 0.2851279291 0.8769972544
-0.876671605 0.4045780758 0.2603141899
0.04357871631 0.6132480221 -0.7886873645
0.7046670102 -0.2592489287 -0.6604804295
0.7531973853 0.3901364015 -0.529610505
-0.135973787 -0.9663435319 0.218383396
-0.3320055854 0.490701319 0.8055957465
-0.03104848569 -0.9780737686 -0.2059312864
0.4424191792 0.8927976661 0.08472070194
-0.6749659403 -0.7005163307 0.2317279652
-0.09184430868 -0.5977378378 -0.7964132722
-0.9200149889 -0.01019378526 0.3917505672
0.9970173902 -0.07067631571 0.03100293538
-0.9131389439 -0.2320580863 -0.3351511805
-0.5897342313 0.6439684195 0.4873584011
0.718924446 0.0695348268 0.6916014378
-0.9252125943 -0.3577489992 0.1264804687
0.3863859965 -0.5501997718 0.7402608141
0.1804250418 -0.8490940414 0.4964736782
-0.2928229127 0.9522284376 -0.08669339327
0.6510753563 -0.75585763 -0.06913843761
-0.3638347329 -0.764430658 0.5322312057
0.3457946501 0.7942348038 0.4996169896
0.4230502824 -0.0316078435 -0.9055547486
-0.4222393896 -0.3962281407 0.8153018817
