NDims = 3
DimSize = 20 20 1
ElementSpacing = 1 1 1
Scale = 1
RicianNoiseSigma = 0
BackgroundScale = 1
ModelType = SYMMETRICAL_TENSOR_IN_SPHERICAL_COORDS
BackgroundDiffusionParameters = 90 30 0.0007 0.0007 1
DiffusionParameters = 0 0 0 90 45 0.0015 0.0003 1
DiffusionParameters = 0 1 0 90 45 0.0015 0.0003 1
DiffusionParameters = 0 2 0 90 45 0.0015 0.0003 5.000000e-01 90 -5.212502e+01 0.0015 0.0003 5.000000e-01
DiffusionParameters = 0 3 0 90 45 0.0015 0.0003 5.000000e-01 90 -5.630993e+01 0.0015 0.0003 5.000000e-01
DiffusionParameters = 0 4 0 90 45 0.0015 0.0003 5.000000e-01 90 -6.094540e+01 0.0015 0.0003 5.000000e-01
DiffusionParameters = 0 5 0 90 45 0.0015 0.0003 5.000000e-01 90 -6.603751e+01 0.0015 0.0003 5.000000e-01
DiffusionParameters = 0 6 0 90 -7.156505e+01 0.0015 0.0003 1
DiffusionParameters = 0 7 0 90 -7.747119e+01 0.0015 0.0003 1
DiffusionParameters = 0 8 0 90 -8.365981e+01 0.0015 0.0003 1
DiffusionParameters = 0 9 0 90 270 0.0015 0.0003 1
DiffusionParameters = 0 10 0 90 2.636598e+02 0.0015 0.0003 1
DiffusionParameters = 0 11 0 90 2.574712e+02 0.0015 0.0003 1
DiffusionParameters = 0 12 0 90 2.515651e+02 0.0015 0.0003 1
DiffusionParameters = 0 13 0 90 -45 0.0015 0.0003 5.000000e-01 90 2.460375e+02 0.0015 0.0003 5.000000e-01
DiffusionParameters = 0 14 0 90 -45 0.0015 0.0003 5.000000e-01 90 2.409454e+02 0.0015 0.0003 5.000000e-01
DiffusionParameters = 0 15 0 90 -45 0.0015 0.0003 5.000000e-01 90 2.363099e+02 0.0015 0.0003 5.000000e-01
DiffusionParameters = 0 16 0 90 -45 0.0015 0.0003 5.000000e-01 90 2.321250e+02 0.0015 0.0003 5.000000e-01
DiffusionParameters = 0 17 0 90 -45 0.0015 0.0003 1
DiffusionParameters = 0 18 0 90 -45 0.0015 0.0003 1
DiffusionParameters = 0 19 0 90 -45 0.0015 0.0003 1
DiffusionParameters = 1 0 0 90 45 0.0015 0.0003 1
DiffusionParameters = 1 1 0 90 45 0.0015 0.0003 5.000000e-01 90 -45 0.0015 0.0003 5.000000e-01
DiffusionParameters = 1 2 0 90 45 0.0015 0.0003 5.000000e-01 90 -4.881407e+01 0.0015 0.0003 5.000000e-01
DiffusionParameters = 1 3 0 90 45 0.0015 0.0003 5.000000e-01 90 -5.313010e+01 0.0015 0.0003 5.000000e-01
DiffusionParameters = 1 4 0 90 45 0.0015 0.0003 5.000000e-01 90 -5.799462e+01 0.0015 0.0003 5.000000e-01
DiffusionParameters = 1 5 0 90 45 0.0015 0.0003 5.000000e-01 90 -6.343495e+01 0.0015 0.0003 5.000000e-01
DiffusionParameters = 1 6 0 90 45 0.0015 0.0003 5.000000e-01 90 -6.944395e+01 0.0015 0.0003 5.000000e-01
DiffusionParameters = 1 7 0 90 -7.596376e+01 0.0015 0.0003 1
DiffusionParameters = 1 8 0 90 -8.287498e+01 0.0015 0.0003 1
DiffusionParameters = 1 9 0 90 270 0.0015 0.0003 1
DiffusionParameters = 1 10 0 90 2.628750e+02 0.0015 0.0003 1
DiffusionParameters = 1 11 0 90 2.559638e+02 0.0015 0.0003 1
DiffusionParameters = 1 12 0 90 -45 0.0015 0.0003 5.000000e-01 90 2.494440e+02 0.0015 0.0003 5.000000e-01
DiffusionParameters = 1 13 0 90 -45 0.0015 0.0003 5.000000e-01 90 2.434349e+02 0.0015 0.0003 5.000000e-01
DiffusionParameters = 1 14 0 90 -45 0.0015 0.0003 5.000000e-01 90 2.379946e+02 0.0015 0.0003 5.000000e-01
DiffusionParameters = 1 15 0 90 -45 0.0015 0.0003 5.000000e-01 90 2.331301e+02 0.0015 0.0003 5.000000e-01
DiffusionParameters = 1 16 0 90 -45 0.0015 0.0003 5.000000e-01 90 2.288141e+02 0.0015 0.0003 5.000000e-01
DiffusionParameters = 1 17 0 90 -45 0.0015 0.0003 5.000000e-01 90 225 0.0015 0.0003 5.000000e-01
DiffusionParameters = 1 18 0 90 -45 0.0015 0.0003 1
DiffusionParameters = 1 19 0 90 -45 0.0015 0.0003 1
DiffusionParameters = 2 0 0 90 45 0.0015 0.0003 5.000000e-01 90 -3.787498e+01 0.0015 0.0003 5.000000e-01
DiffusionParameters = 2 1 0 90 45 0.0015 0.0003 5.000000e-01 90 -4.118593e+01 0.0015 0.0003 5.000000e-01
DiffusionParameters = 2 2 0 90 45 0.0015 0.0003 5.000000e-01 90 -45 0.0015 0.0003 5.000000e-01
DiffusionParameters = 2 3 0 90 45 0.0015 0.0003 5.000000e-01 90 -4.939871e+01 0.0015 0.0003 5.000000e-01
DiffusionParameters = 2 4 0 90 45 0.0015 0.0003 5.000000e-01 90 -5.446232e+01 0.0015 0.0003 5.000000e-01
DiffusionParameters = 2 5 0 90 45 0.0015 0.0003 5.000000e-01 90 -6.025512e+01 0.0015 0.0003 5.000000e-01
DiffusionParameters = 2 6 0 90 45 0.0015 0.0003 5.000000e-01 90 -6.680141e+01 0.0015 0.0003 5.000000e-01
DiffusionParameters = 2 7 0 90 45 0.0015 0.0003 5.000000e-01 90 -7.405460e+01 0.0015 0.0003 5.000000e-01
DiffusionParameters = 2 8 0 90 -8.186990e+01 0.0015 0.0003 1
DiffusionParameters = 2 9 0 90 270 0.0015 0.0003 1
DiffusionParameters = 2 10 0 90 2.618699e+02 0.0015 0.0003 1
DiffusionParameters = 2 11 0 90 -45 0.0015 0.0003 5.000000e-01 90 2.540546e+02 0.0015 0.0003 5.000000e-01
DiffusionParameters = 2 12 0 90 -45 0.0015 0.0003 5.000000e-01 90 2.468014e+02 0.0015 0.0003 5.000000e-01
DiffusionParameters = 2 13 0 90 -45 0.0015 0.0003 5.000000e-01 90 2.402551e+02 0.0015 0.0003 5.000000e-01
DiffusionParameters = 2 14 0 90 -45 0.0015 0.0003 5.000000e-01 90 2.344623e+02 0.0015 0.0003 5.000000e-01
DiffusionParameters = 2 15 0 90 -45 0.0015 0.0003 5.000000e-01 90 2.293987e+02 0.0015 0.0003 5.000000e-01
DiffusionParameters = 2 16 0 90 -45 0.0015 0.0003 5.000000e-01 90 225 0.0015 0.0003 5.000000e-01
DiffusionParameters = 2 17 0 90 -45 0.0015 0.0003 5.000000e-01 90 2.211859e+02 0.0015 0.0003 5.000000e-01
DiffusionParameters = 2 18 0 90 -45 0.0015 0.0003 5.000000e-01 90 2.178750e+02 0.0015 0.0003 5.000000e-01
DiffusionParameters = 2 19 0 90 -45 0.0015 0.0003 1
DiffusionParameters = 3 0 0 90 45 0.0015 0.0003 5.000000e-01 90 -3.369007e+01 0.0015 0.0003 5.000000e-01
DiffusionParameters = 3 1 0 90 45 0.0015 0.0003 5.000000e-01 90 -3.686990e+01 0.0015 0.0003 5.000000e-01
DiffusionParameters = 3 2 0 90 45 0.0015 0.0003 5.000000e-01 90 -4.060129e+01 0.0015 0.0003 5.000000e-01
DiffusionParameters = 3 3 0 90 45 0.0015 0.0003 5.000000e-01 90 -45 0.0015 0.0003 5.000000e-01
DiffusionParameters = 3 4 0 90 45 0.0015 0.0003 5.000000e-01 90 -5.019443e+01 0.0015 0.0003 5.000000e-01
DiffusionParameters = 3 5 0 90 45 0.0015 0.0003 5.000000e-01 90 -5.630993e+01 0.0015 0.0003 5.000000e-01
DiffusionParameters = 3 6 0 90 45 0.0015 0.0003 5.000000e-01 90 -6.343495e+01 0.0015 0.0003 5.000000e-01
DiffusionParameters = 3 7 0 90 45 0.0015 0.0003 5.000000e-01 90 -7.156505e+01 0.0015 0.0003 5.000000e-01
DiffusionParameters = 3 8 0 90 45 0.0015 0.0003 5.000000e-01 90 -8.053768e+01 0.0015 0.0003 5.000000e-01
DiffusionParameters = 3 9 0 90 270 0.0015 0.0003 1
DiffusionParameters = 3 10 0 90 -45 0.0015 0.0003 5.000000e-01 90 2.605377e+02 0.0015 0.0003 5.000000e-01
DiffusionParameters = 3 11 0 90 -45 0.0015 0.0003 5.000000e-01 90 2.515651e+02 0.0015 0.0003 5.000000e-01
DiffusionParameters = 3 12 0 90 -45 0.0015 0.0003 5.000000e-01 90 2.434349e+02 0.0015 0.0003 5.000000e-01
DiffusionParameters = 3 13 0 90 -45 0.0015 0.0003 5.000000e-01 90 2.363099e+02 0.0015 0.0003 5.000000e-01
DiffusionParameters = 3 14 0 90 -45 0.0015 0.0003 5.000000e-01 90 2.301944e+02 0.0015 0.0003 5.000000e-01
DiffusionParameters = 3 15 0 90 -45 0.0015 0.0003 5.000000e-01 90 225 0.0015 0.0003 5.000000e-01
DiffusionParameters = 3 16 0 90 -45 0.0015 0.0003 5.000000e-01 90 2.206013e+02 0.0015 0.0003 5.000000e-01
DiffusionParameters = 3 17 0 90 -45 0.0015 0.0003 5.000000e-01 90 2.168699e+02 0.0015 0.0003 5.000000e-01
DiffusionParameters = 3 18 0 90 -45 0.0015 0.0003 5.000000e-01 90 2.136901e+02 0.0015 0.0003 5.000000e-01
DiffusionParameters = 3 19 0 90 -45 0.0015 0.0003 5.000000e-01 90 2.109638e+02 0.0015 0.0003 5.000000e-01
DiffusionParameters = 4 0 0 90 45 0.0015 0.0003 5.000000e-01 90 -2.905460e+01 0.0015 0.0003 5.000000e-01
DiffusionParameters = 4 1 0 90 45 0.0015 0.0003 5.000000e-01 90 -3.200538e+01 0.0015 0.0003 5.000000e-01
DiffusionParameters = 4 2 0 90 45 0.0015 0.0003 5.000000e-01 90 -3.553768e+01 0.0015 0.0003 5.000000e-01
DiffusionParameters = 4 3 0 90 45 0.0015 0.0003 5.000000e-01 90 -3.980557e+01 0.0015 0.0003 5.000000e-01
DiffusionParameters = 4 4 0 90 45 0.0015 0.0003 5.000000e-01 90 -45 0.0015 0.0003 5.000000e-01
DiffusionParameters = 4 5 0 90 45 0.0015 0.0003 5.000000e-01 90 -5.134019e+01 0.0015 0.0003 5.000000e-01
DiffusionParameters = 4 6 0 90 45 0.0015 0.0003 1
DiffusionParameters = 4 7 0 90 45 0.0015 0.0003 1
DiffusionParameters = 4 8 0 90 45 0.0015 0.0003 1
DiffusionParameters = 4 9 0 90 45 0.0015 0.0003 5.000000e-01 90 -45 0.0015 0.0003 5.000000e-01
DiffusionParameters = 4 10 0 90 -45 0.0015 0.0003 1
DiffusionParameters = 4 11 0 90 -45 0.0015 0.0003 1
DiffusionParameters = 4 12 0 90 -45 0.0015 0.0003 1
DiffusionParameters = 4 13 0 90 -45 0.0015 0.0003 5.000000e-01 90 2.313402e+02 0.0015 0.0003 5.000000e-01
DiffusionParameters = 4 14 0 90 -45 0.0015 0.0003 5.000000e-01 90 225 0.0015 0.0003 5.000000e-01
DiffusionParameters = 4 15 0 90 -45 0.0015 0.0003 5.000000e-01 90 2.198056e+02 0.0015 0.0003 5.000000e-01
DiffusionParameters = 4 16 0 90 -45 0.0015 0.0003 5.000000e-01 90 2.155377e+02 0.0015 0.0003 5.000000e-01
DiffusionParameters = 4 17 0 90 -45 0.0015 0.0003 5.000000e-01 90 2.120054e+02 0.0015 0.0003 5.000000e-01
DiffusionParameters = 4 18 0 90 -45 0.0015 0.0003 5.000000e-01 90 2.090546e+02 0.0015 0.0003 5.000000e-01
DiffusionParameters = 4 19 0 90 -45 0.0015 0.0003 5.000000e-01 90 2.065651e+02 0.0015 0.0003 5.000000e-01
DiffusionParameters = 5 0 0 90 45 0.0015 0.0003 5.000000e-01 90 -2.396249e+01 0.0015 0.0003 5.000000e-01
DiffusionParameters = 5 1 0 90 45 0.0015 0.0003 5.000000e-01 90 -2.656505e+01 0.0015 0.0003 5.000000e-01
DiffusionParameters = 5 2 0 90 45 0.0015 0.0003 5.000000e-01 90 -2.974488e+01 0.0015 0.0003 5.000000e-01
DiffusionParameters = 5 3 0 90 45 0.0015 0.0003 5.000000e-01 90 -3.369007e+01 0.0015 0.0003 5.000000e-01
DiffusionParameters = 5 4 0 90 45 0.0015 0.0003 5.000000e-01 90 -3.865981e+01 0.0015 0.0003 5.000000e-01
DiffusionParameters = 5 5 0 90 45 0.0015 0.0003 1
DiffusionParameters = 5 6 0 90 45 0.0015 0.0003 1
DiffusionParameters = 5 7 0 90 45 0.0015 0.0003 1
DiffusionParameters = 5 8 0 90 45 0.0015 0.0003 5.000000e-01 90 -45 0.0015 0.0003 5.000000e-01
DiffusionParameters = 5 9 0 90 45 0.0015 0.0003 5.000000e-01 90 -45 0.0015 0.0003 5.000000e-01
DiffusionParameters = 5 10 0 90 45 0.0015 0.0003 5.000000e-01 90 -45 0.0015 0.0003 5.000000e-01
DiffusionParameters = 5 11 0 90 -45 0.0015 0.0003 1
DiffusionParameters = 5 12 0 90 -45 0.0015 0.0003 1
DiffusionParameters = 5 13 0 90 -45 0.0015 0.0003 1
DiffusionParameters = 5 14 0 90 -45 0.0015 0.0003 5.000000e-01 90 2.186598e+02 0.0015 0.0003 5.000000e-01
DiffusionParameters = 5 15 0 90 -45 0.0015 0.0003 5.000000e-01 90 2.136901e+02 0.0015 0.0003 5.000000e-01
DiffusionParameters = 5 16 0 90 -45 0.0015 0.0003 5.000000e-01 90 2.097449e+02 0.0015 0.0003 5.000000e-01
DiffusionParameters = 5 17 0 90 -45 0.0015 0.0003 5.000000e-01 90 2.065651e+02 0.0015 0.0003 5.000000e-01
DiffusionParameters = 5 18 0 90 -45 0.0015 0.0003 5.000000e-01 90 2.039625e+02 0.0015 0.0003 5.000000e-01
DiffusionParameters = 5 19 0 90 2.018014e+02 0.0015 0.0003 1
DiffusionParameters = 6 0 0 90 -1.843495e+01 0.0015 0.0003 1
DiffusionParameters = 6 1 0 90 45 0.0015 0.0003 5.000000e-01 90 -2.055605e+01 0.0015 0.0003 5.000000e-01
DiffusionParameters = 6 2 0 90 45 0.0015 0.0003 5.000000e-01 90 -2.319859e+01 0.0015 0.0003 5.000000e-01
DiffusionParameters = 6 3 0 90 45 0.0015 0.0003 5.000000e-01 90 -2.656505e+01 0.0015 0.0003 5.000000e-01
DiffusionParameters = 6 4 0 90 45 0.0015 0.0003 1
DiffusionParameters = 6 5 0 90 45 0.0015 0.0003 1
DiffusionParameters = 6 6 0 90 45 0.0015 0.0003 1
DiffusionParameters = 6 7 0 90 45 0.0015 0.0003 5.000000e-01 90 -45 0.0015 0.0003 5.000000e-01
DiffusionParameters = 6 8 0 90 45 0.0015 0.0003 5.000000e-01 90 -45 0.0015 0.0003 5.000000e-01
DiffusionParameters = 6 9 0 90 45 0.0015 0.0003 5.000000e-01 90 -45 0.0015 0.0003 5.000000e-01
DiffusionParameters = 6 10 0 90 45 0.0015 0.0003 5.000000e-01 90 -45 0.0015 0.0003 5.000000e-01
DiffusionParameters = 6 11 0 90 45 0.0015 0.0003 5.000000e-01 90 -45 0.0015 0.0003 5.000000e-01
DiffusionParameters = 6 12 0 90 -45 0.0015 0.0003 1
DiffusionParameters = 6 13 0 90 -45 0.0015 0.0003 1
DiffusionParameters = 6 14 0 90 -45 0.0015 0.0003 1
DiffusionParameters = 6 15 0 90 -45 0.0015 0.0003 5.000000e-01 90 2.065651e+02 0.0015 0.0003 5.000000e-01
DiffusionParameters = 6 16 0 90 -45 0.0015 0.0003 5.000000e-01 90 2.031986e+02 0.0015 0.0003 5.000000e-01
DiffusionParameters = 6 17 0 90 -45 0.0015 0.0003 5.000000e-01 90 2.005560e+02 0.0015 0.0003 5.000000e-01
DiffusionParameters = 6 18 0 90 1.984349e+02 0.0015 0.0003 1
DiffusionParameters = 6 19 0 90 1.966992e+02 0.0015 0.0003 1
DiffusionParameters = 7 0 0 90 -1.252881e+01 0.0015 0.0003 1
DiffusionParameters = 7 1 0 90 -1.403624e+01 0.0015 0.0003 1
DiffusionParameters = 7 2 0 90 45 0.0015 0.0003 5.000000e-01 90 -1.594540e+01 0.0015 0.0003 5.000000e-01
DiffusionParameters = 7 3 0 90 45 0.0015 0.0003 5.000000e-01 90 -1.843495e+01 0.0015 0.0003 5.000000e-01
DiffusionParameters = 7 4 0 90 45 0.0015 0.0003 1
DiffusionParameters = 7 5 0 90 45 0.0015 0.0003 1
DiffusionParameters = 7 6 0 90 45 0.0015 0.0003 5.000000e-01 90 -45 0.0015 0.0003 5.000000e-01
DiffusionParameters = 7 7 0 90 45 0.0015 0.0003 5.000000e-01 90 -45 0.0015 0.0003 5.000000e-01
DiffusionParameters = 7 8 0 90 45 0.0015 0.0003 5.000000e-01 90 -45 0.0015 0.0003 5.000000e-01
DiffusionParameters = 7 9 0 90 45 0.0015 0.0003 5.000000e-01 90 -45 0.0015 0.0003 5.000000e-01
DiffusionParameters = 7 10 0 90 45 0.0015 0.0003 5.000000e-01 90 -45 0.0015 0.0003 5.000000e-01
DiffusionParameters = 7 11 0 90 45 0.0015 0.0003 5.000000e-01 90 -45 0.0015 0.0003 5.000000e-01
DiffusionParameters = 7 12 0 90 45 0.0015 0.0003 5.000000e-01 90 -45 0.0015 0.0003 5.000000e-01
DiffusionParameters = 7 13 0 90 -45 0.0015 0.0003 1
DiffusionParameters = 7 14 0 90 -45 0.0015 0.0003 1
DiffusionParameters = 7 15 0 90 -45 0.0015 0.0003 5.000000e-01 90 1.984349e+02 0.0015 0.0003 5.000000e-01
DiffusionParameters = 7 16 0 90 -45 0.0015 0.0003 5.000000e-01 90 1.959454e+02 0.0015 0.0003 5.000000e-01
DiffusionParameters = 7 17 0 90 1.940362e+02 0.0015 0.0003 1
DiffusionParameters = 7 18 0 90 1.925288e+02 0.0015 0.0003 1
DiffusionParameters = 7 19 0 90 1.913099e+02 0.0015 0.0003 1
DiffusionParameters = 8 0 0 90 -6.340192e+00 0.0015 0.0003 1
DiffusionParameters = 8 1 0 90 -7.125016e+00 0.0015 0.0003 1
DiffusionParameters = 8 2 0 90 -8.130102e+00 0.0015 0.0003 1
DiffusionParameters = 8 3 0 90 45 0.0015 0.0003 5.000000e-01 90 -9.462322e+00 0.0015 0.0003 5.000000e-01
DiffusionParameters = 8 4 0 90 45 0.0015 0.0003 1
DiffusionParameters = 8 5 0 90 45 0.0015 0.0003 5.000000e-01 90 -45 0.0015 0.0003 5.000000e-01
DiffusionParameters = 8 6 0 90 45 0.0015 0.0003 5.000000e-01 90 -45 0.0015 0.0003 5.000000e-01
DiffusionParameters = 8 7 0 90 45 0.0015 0.0003 5.000000e-01 90 -45 0.0015 0.0003 5.000000e-01
DiffusionParameters = 8 8 0 90 45 0.0015 0.0003 5.000000e-01 90 -45 0.0015 0.0003 5.000000e-01
DiffusionParameters = 8 9 0 90 45 0.0015 0.0003 5.000000e-01 90 -45 0.0015 0.0003 5.000000e-01
DiffusionParameters = 8 10 0 90 45 0.0015 0.0003 5.000000e-01 90 -45 0.0015 0.0003 5.000000e-01
DiffusionParameters = 8 11 0 90 45 0.0015 0.0003 5.000000e-01 90 -45 0.0015 0.0003 5.000000e-01
DiffusionParameters = 8 12 0 90 45 0.0015 0.0003 5.000000e-01 90 -45 0.0015 0.0003 5.000000e-01
DiffusionParameters = 8 13 0 90 45 0.0015 0.0003 5.000000e-01 90 -45 0.0015 0.0003 5.000000e-01
DiffusionParameters = 8 14 0 90 -45 0.0015 0.0003 1
DiffusionParameters = 8 15 0 90 -45 0.0015 0.0003 5.000000e-01 90 1.894623e+02 0.0015 0.0003 5.000000e-01
DiffusionParameters = 8 16 0 90 1.881301e+02 0.0015 0.0003 1
DiffusionParameters = 8 17 0 90 1.871250e+02 0.0015 0.0003 1
DiffusionParameters = 8 18 0 90 1.863402e+02 0.0015 0.0003 1
DiffusionParameters = 8 19 0 90 1.857106e+02 0.0015 0.0003 1
DiffusionParameters = 9 0 0 90 0 0.0015 0.0003 1
DiffusionParameters = 9 1 0 90 0 0.0015 0.0003 1
DiffusionParameters = 9 2 0 90 0 0.0015 0.0003 1
DiffusionParameters = 9 3 0 90 0 0.0015 0.0003 1
DiffusionParameters = 9 4 0 90 45 0.0015 0.0003 5.000000e-01 90 -45 0.0015 0.0003 5.000000e-01
DiffusionParameters = 9 5 0 90 45 0.0015 0.0003 5.000000e-01 90 -45 0.0015 0.0003 5.000000e-01
DiffusionParameters = 9 6 0 90 45 0.0015 0.0003 5.000000e-01 90 -45 0.0015 0.0003 5.000000e-01
DiffusionParameters = 9 7 0 90 45 0.0015 0.0003 5.000000e-01 90 -45 0.0015 0.0003 5.000000e-01
DiffusionParameters = 9 8 0 90 45 0.0015 0.0003 5.000000e-01 90 -45 0.0015 0.0003 5.000000e-01
DiffusionParameters = 9 9 0 90 45 0.0015 0.0003 5.000000e-01 90 -45 0.0015 0.0003 5.000000e-01
DiffusionParameters = 9 10 0 90 45 0.0015 0.0003 5.000000e-01 90 -45 0.0015 0.0003 5.000000e-01
DiffusionParameters = 9 11 0 90 45 0.0015 0.0003 5.000000e-01 90 -45 0.0015 0.0003 5.000000e-01
DiffusionParameters = 9 12 0 90 45 0.0015 0.0003 5.000000e-01 90 -45 0.0015 0.0003 5.000000e-01
DiffusionParameters = 9 13 0 90 45 0.0015 0.0003 5.000000e-01 90 -45 0.0015 0.0003 5.000000e-01
DiffusionParameters = 9 14 0 90 45 0.0015 0.0003 5.000000e-01 90 -45 0.0015 0.0003 5.000000e-01
DiffusionParameters = 9 15 0 90 180 0.0015 0.0003 1
DiffusionParameters = 9 16 0 90 180 0.0015 0.0003 1
DiffusionParameters = 9 17 0 90 180 0.0015 0.0003 1
DiffusionParameters = 9 18 0 90 180 0.0015 0.0003 1
DiffusionParameters = 9 19 0 90 180 0.0015 0.0003 1
DiffusionParameters = 10 0 0 90 6.340192e+00 0.0015 0.0003 1
DiffusionParameters = 10 1 0 90 7.125016e+00 0.0015 0.0003 1
DiffusionParameters = 10 2 0 90 8.130102e+00 0.0015 0.0003 1
DiffusionParameters = 10 3 0 90 -45 0.0015 0.0003 5.000000e-01 90 9.462322e+00 0.0015 0.0003 5.000000e-01
DiffusionParameters = 10 4 0 90 -45 0.0015 0.0003 1
DiffusionParameters = 10 5 0 90 45 0.0015 0.0003 5.000000e-01 90 -45 0.0015 0.0003 5.000000e-01
DiffusionParameters = 10 6 0 90 45 0.0015 0.0003 5.000000e-01 90 -45 0.0015 0.0003 5.000000e-01
DiffusionParameters = 10 7 0 90 45 0.0015 0.0003 5.000000e-01 90 -45 0.0015 0.0003 5.000000e-01
DiffusionParameters = 10 8 0 90 45 0.0015 0.0003 5.000000e-01 90 -45 0.0015 0.0003 5.000000e-01
DiffusionParameters = 10 9 0 90 45 0.0015 0.0003 5.000000e-01 90 -45 0.0015 0.0003 5.000000e-01
DiffusionParameters = 10 10 0 90 45 0.0015 0.0003 5.000000e-01 90 -45 0.0015 0.0003 5.000000e-01
DiffusionParameters = 10 11 0 90 45 0.0015 0.0003 5.000000e-01 90 -45 0.0015 0.0003 5.000000e-01
DiffusionParameters = 10 12 0 90 45 0.0015 0.0003 5.000000e-01 90 -45 0.0015 0.0003 5.000000e-01
DiffusionParameters = 10 13 0 90 45 0.0015 0.0003 5.000000e-01 90 -45 0.0015 0.0003 5.000000e-01
DiffusionParameters = 10 14 0 90 45 0.0015 0.0003 1
DiffusionParameters = 10 15 0 90 45 0.0015 0.0003 5.000000e-01 90 1.705377e+02 0.0015 0.0003 5.000000e-01
DiffusionParameters = 10 16 0 90 1.718699e+02 0.0015 0.0003 1
DiffusionParameters = 10 17 0 90 1.728750e+02 0.0015 0.0003 1
DiffusionParameters = 10 18 0 90 1.736598e+02 0.0015 0.0003 1
DiffusionParameters = 10 19 0 90 1.742894e+02 0.0015 0.0003 1
DiffusionParameters = 11 0 0 90 1.252881e+01 0.0015 0.0003 1
DiffusionParameters = 11 1 0 90 1.403624e+01 0.0015 0.0003 1
DiffusionParameters = 11 2 0 90 -45 0.0015 0.0003 5.000000e-01 90 1.594540e+01 0.0015 0.0003 5.000000e-01
DiffusionParameters = 11 3 0 90 -45 0.0015 0.0003 5.000000e-01 90 1.843495e+01 0.0015 0.0003 5.000000e-01
DiffusionParameters = 11 4 0 90 -45 0.0015 0.0003 1
DiffusionParameters = 11 5 0 90 -45 0.0015 0.0003 1
DiffusionParameters = 11 6 0 90 45 0.0015 0.0003 5.000000e-01 90 -45 0.0015 0.0003 5.000000e-01
DiffusionParameters = 11 7 0 90 45 0.0015 0.0003 5.000000e-01 90 -45 0.0015 0.0003 5.000000e-01
DiffusionParameters = 11 8 0 90 45 0.0015 0.0003 5.000000e-01 90 -45 0.0015 0.0003 5.000000e-01
DiffusionParameters = 11 9 0 90 45 0.0015 0.0003 5.000000e-01 90 -45 0.0015 0.0003 5.000000e-01
DiffusionParameters = 11 10 0 90 45 0.0015 0.0003 5.000000e-01 90 -45 0.0015 0.0003 5.000000e-01
DiffusionParameters = 11 11 0 90 45 0.0015 0.0003 5.000000e-01 90 -45 0.0015 0.0003 5.000000e-01
DiffusionParameters = 11 12 0 90 45 0.0015 0.0003 5.000000e-01 90 -45 0.0015 0.0003 5.000000e-01
DiffusionParameters = 11 13 0 90 45 0.0015 0.0003 1
DiffusionParameters = 11 14 0 90 45 0.0015 0.0003 1
DiffusionParameters = 11 15 0 90 45 0.0015 0.0003 5.000000e-01 90 1.615651e+02 0.0015 0.0003 5.000000e-01
DiffusionParameters = 11 16 0 90 45 0.0015 0.0003 5.000000e-01 90 1.640546e+02 0.0015 0.0003 5.000000e-01
DiffusionParameters = 11 17 0 90 1.659638e+02 0.0015 0.0003 1
DiffusionParameters = 11 18 0 90 1.674712e+02 0.0015 0.0003 1
DiffusionParameters = 11 19 0 90 1.686901e+02 0.0015 0.0003 1
DiffusionParameters = 12 0 0 90 1.843495e+01 0.0015 0.0003 1
DiffusionParameters = 12 1 0 90 -45 0.0015 0.0003 5.000000e-01 90 2.055605e+01 0.0015 0.0003 5.000000e-01
DiffusionParameters = 12 2 0 90 -45 0.0015 0.0003 5.000000e-01 90 2.319859e+01 0.0015 0.0003 5.000000e-01
DiffusionParameters = 12 3 0 90 -45 0.0015 0.0003 5.000000e-01 90 2.656505e+01 0.0015 0.0003 5.000000e-01
DiffusionParameters = 12 4 0 90 -45 0.0015 0.0003 1
DiffusionParameters = 12 5 0 90 -45 0.0015 0.0003 1
DiffusionParameters = 12 6 0 90 -45 0.0015 0.0003 1
DiffusionParameters = 12 7 0 90 45 0.0015 0.0003 5.000000e-01 90 -45 0.0015 0.0003 5.000000e-01
DiffusionParameters = 12 8 0 90 45 0.0015 0.0003 5.000000e-01 90 -45 0.0015 0.0003 5.000000e-01
DiffusionParameters = 12 9 0 90 45 0.0015 0.0003 5.000000e-01 90 -45 0.0015 0.0003 5.000000e-01
DiffusionParameters = 12 10 0 90 45 0.0015 0.0003 5.000000e-01 90 -45 0.0015 0.0003 5.000000e-01
DiffusionParameters = 12 11 0 90 45 0.0015 0.0003 5.000000e-01 90 -45 0.0015 0.0003 5.000000e-01
DiffusionParameters = 12 12 0 90 45 0.0015 0.0003 1
DiffusionParameters = 12 13 0 90 45 0.0015 0.0003 1
DiffusionParameters = 12 14 0 90 45 0.0015 0.0003 1
DiffusionParameters = 12 15 0 90 45 0.0015 0.0003 5.000000e-01 90 1.534349e+02 0.0015 0.0003 5.000000e-01
DiffusionParameters = 12 16 0 90 45 0.0015 0.0003 5.000000e-01 90 1.568014e+02 0.0015 0.0003 5.000000e-01
DiffusionParameters = 12 17 0 90 45 0.0015 0.0003 5.000000e-01 90 1.594440e+02 0.0015 0.0003 5.000000e-01
DiffusionParameters = 12 18 0 90 1.615651e+02 0.0015 0.0003 1
DiffusionParameters = 12 19 0 90 1.633008e+02 0.0015 0.0003 1
DiffusionParameters = 13 0 0 90 -45 0.0015 0.0003 5.000000e-01 90 2.396249e+01 0.0015 0.0003 5.000000e-01
DiffusionParameters = 13 1 0 90 -45 0.0015 0.0003 5.000000e-01 90 2.656505e+01 0.0015 0.0003 5.000000e-01
DiffusionParameters = 13 2 0 90 -45 0.0015 0.0003 5.000000e-01 90 2.974488e+01 0.0015 0.0003 5.000000e-01
DiffusionParameters = 13 3 0 90 -45 0.0015 0.0003 5.000000e-01 90 3.369007e+01 0.0015 0.0003 5.000000e-01
DiffusionParameters = 13 4 0 90 -45 0.0015 0.0003 5.000000e-01 90 3.865981e+01 0.0015 0.0003 5.000000e-01
DiffusionParameters = 13 5 0 90 -45 0.0015 0.0003 1
DiffusionParameters = 13 6 0 90 -45 0.0015 0.0003 1
DiffusionParameters = 13 7 0 90 -45 0.0015 0.0003 1
DiffusionParameters = 13 8 0 90 45 0.0015 0.0003 5.000000e-01 90 -45 0.0015 0.0003 5.000000e-01
DiffusionParameters = 13 9 0 90 45 0.0015 0.0003 5.000000e-01 90 -45 0.0015 0.0003 5.000000e-01
DiffusionParameters = 13 10 0 90 45 0.0015 0.0003 5.000000e-01 90 -45 0.0015 0.0003 5.000000e-01
DiffusionParameters = 13 11 0 90 45 0.0015 0.0003 1
DiffusionParameters = 13 12 0 90 45 0.0015 0.0003 1
DiffusionParameters = 13 13 0 90 45 0.0015 0.0003 1
DiffusionParameters = 13 14 0 90 45 0.0015 0.0003 5.000000e-01 90 1.413402e+02 0.0015 0.0003 5.000000e-01
DiffusionParameters = 13 15 0 90 45 0.0015 0.0003 5.000000e-01 90 1.463099e+02 0.0015 0.0003 5.000000e-01
DiffusionParameters = 13 16 0 90 45 0.0015 0.0003 5.000000e-01 90 1.502551e+02 0.0015 0.0003 5.000000e-01
DiffusionParameters = 13 17 0 90 45 0.0015 0.0003 5.000000e-01 90 1.534349e+02 0.0015 0.0003 5.000000e-01
DiffusionParameters = 13 18 0 90 45 0.0015 0.0003 5.000000e-01 90 1.560375e+02 0.0015 0.0003 5.000000e-01
DiffusionParameters = 13 19 0 90 1.581986e+02 0.0015 0.0003 1
DiffusionParameters = 14 0 0 90 -45 0.0015 0.0003 5.000000e-01 90 2.905460e+01 0.0015 0.0003 5.000000e-01
DiffusionParameters = 14 1 0 90 -45 0.0015 0.0003 5.000000e-01 90 3.200538e+01 0.0015 0.0003 5.000000e-01
DiffusionParameters = 14 2 0 90 -45 0.0015 0.0003 5.000000e-01 90 3.553768e+01 0.0015 0.0003 5.000000e-01
DiffusionParameters = 14 3 0 90 -45 0.0015 0.0003 5.000000e-01 90 3.980557e+01 0.0015 0.0003 5.000000e-01
DiffusionParameters = 14 4 0 90 -45 0.0015 0.0003 5.000000e-01 90 45 0.0015 0.0003 5.000000e-01
DiffusionParameters = 14 5 0 90 -45 0.0015 0.0003 5.000000e-01 90 5.134019e+01 0.0015 0.0003 5.000000e-01
DiffusionParameters = 14 6 0 90 -45 0.0015 0.0003 1
DiffusionParameters = 14 7 0 90 -45 0.0015 0.0003 1
DiffusionParameters = 14 8 0 90 -45 0.0015 0.0003 1
DiffusionParameters = 14 9 0 90 45 0.0015 0.0003 5.000000e-01 90 -45 0.0015 0.0003 5.000000e-01
DiffusionParameters = 14 10 0 90 45 0.0015 0.0003 1
DiffusionParameters = 14 11 0 90 45 0.0015 0.0003 1
DiffusionParameters = 14 12 0 90 45 0.0015 0.0003 1
DiffusionParameters = 14 13 0 90 45 0.0015 0.0003 5.000000e-01 90 1.286598e+02 0.0015 0.0003 5.000000e-01
DiffusionParameters = 14 14 0 90 45 0.0015 0.0003 5.000000e-01 90 135 0.0015 0.0003 5.000000e-01
DiffusionParameters = 14 15 0 90 45 0.0015 0.0003 5.000000e-01 90 1.401944e+02 0.0015 0.0003 5.000000e-01
DiffusionParameters = 14 16 0 90 45 0.0015 0.0003 5.000000e-01 90 1.444623e+02 0.0015 0.0003 5.000000e-01
DiffusionParameters = 14 17 0 90 45 0.0015 0.0003 5.000000e-01 90 1.479946e+02 0.0015 0.0003 5.000000e-01
DiffusionParameters = 14 18 0 90 45 0.0015 0.0003 5.000000e-01 90 1.509454e+02 0.0015 0.0003 5.000000e-01
DiffusionParameters = 14 19 0 90 45 0.0015 0.0003 5.000000e-01 90 1.534349e+02 0.0015 0.0003 5.000000e-01
DiffusionParameters = 15 0 0 90 -45 0.0015 0.0003 5.000000e-01 90 3.369007e+01 0.0015 0.0003 5.000000e-01
DiffusionParameters = 15 1 0 90 -45 0.0015 0.0003 5.000000e-01 90 3.686990e+01 0.0015 0.0003 5.000000e-01
DiffusionParameters = 15 2 0 90 -45 0.0015 0.0003 5.000000e-01 90 4.060129e+01 0.0015 0.0003 5.000000e-01
DiffusionParameters = 15 3 0 90 -45 0.0015 0.0003 5.000000e-01 90 45 0.0015 0.0003 5.000000e-01
DiffusionParameters = 15 4 0 90 -45 0.0015 0.0003 5.000000e-01 90 5.019443e+01 0.0015 0.0003 5.000000e-01
DiffusionParameters = 15 5 0 90 -45 0.0015 0.0003 5.000000e-01 90 5.630993e+01 0.0015 0.0003 5.000000e-01
DiffusionParameters = 15 6 0 90 -45 0.0015 0.0003 5.000000e-01 90 6.343495e+01 0.0015 0.0003 5.000000e-01
DiffusionParameters = 15 7 0 90 -45 0.0015 0.0003 5.000000e-01 90 7.156505e+01 0.0015 0.0003 5.000000e-01
DiffusionParameters = 15 8 0 90 -45 0.0015 0.0003 5.000000e-01 90 8.053768e+01 0.0015 0.0003 5.000000e-01
DiffusionParameters = 15 9 0 90 90 0.0015 0.0003 1
DiffusionParameters = 15 10 0 90 45 0.0015 0.0003 5.000000e-01 90 9.946232e+01 0.0015 0.0003 5.000000e-01
DiffusionParameters = 15 11 0 90 45 0.0015 0.0003 5.000000e-01 90 1.084349e+02 0.0015 0.0003 5.000000e-01
DiffusionParameters = 15 12 0 90 45 0.0015 0.0003 5.000000e-01 90 1.165651e+02 0.0015 0.0003 5.000000e-01
DiffusionParameters = 15 13 0 90 45 0.0015 0.0003 5.000000e-01 90 1.236901e+02 0.0015 0.0003 5.000000e-01
DiffusionParameters = 15 14 0 90 45 0.0015 0.0003 5.000000e-01 90 1.298056e+02 0.0015 0.0003 5.000000e-01
DiffusionParameters = 15 15 0 90 45 0.0015 0.0003 5.000000e-01 90 135 0.0015 0.0003 5.000000e-01
DiffusionParameters = 15 16 0 90 45 0.0015 0.0003 5.000000e-01 90 1.393987e+02 0.0015 0.0003 5.000000e-01
DiffusionParameters = 15 17 0 90 45 0.0015 0.0003 5.000000e-01 90 1.431301e+02 0.0015 0.0003 5.000000e-01
DiffusionParameters = 15 18 0 90 45 0.0015 0.0003 5.000000e-01 90 1.463099e+02 0.0015 0.0003 5.000000e-01
DiffusionParameters = 15 19 0 90 45 0.0015 0.0003 5.000000e-01 90 1.490362e+02 0.0015 0.0003 5.000000e-01
DiffusionParameters = 16 0 0 90 -45 0.0015 0.0003 5.000000e-01 90 3.787498e+01 0.0015 0.0003 5.000000e-01
DiffusionParameters = 16 1 0 90 -45 0.0015 0.0003 5.000000e-01 90 4.118593e+01 0.0015 0.0003 5.000000e-01
DiffusionParameters = 16 2 0 90 -45 0.0015 0.0003 5.000000e-01 90 45 0.0015 0.0003 5.000000e-01
DiffusionParameters = 16 3 0 90 -45 0.0015 0.0003 5.000000e-01 90 4.939871e+01 0.0015 0.0003 5.000000e-01
DiffusionParameters = 16 4 0 90 -45 0.0015 0.0003 5.000000e-01 90 5.446232e+01 0.0015 0.0003 5.000000e-01
DiffusionParameters = 16 5 0 90 -45 0.0015 0.0003 5.000000e-01 90 6.025512e+01 0.0015 0.0003 5.000000e-01
DiffusionParameters = 16 6 0 90 -45 0.0015 0.0003 5.000000e-01 90 6.680141e+01 0.0015 0.0003 5.000000e-01
DiffusionParameters = 16 7 0 90 -45 0.0015 0.0003 5.000000e-01 90 7.405460e+01 0.0015 0.0003 5.000000e-01
DiffusionParameters = 16 8 0 90 8.186990e+01 0.0015 0.0003 1
DiffusionParameters = 16 9 0 90 90 0.0015 0.0003 1
DiffusionParameters = 16 10 0 90 9.813010e+01 0.0015 0.0003 1
DiffusionParameters = 16 11 0 90 45 0.0015 0.0003 5.000000e-01 90 1.059454e+02 0.0015 0.0003 5.000000e-01
DiffusionParameters = 16 12 0 90 45 0.0015 0.0003 5.000000e-01 90 1.131986e+02 0.0015 0.0003 5.000000e-01
DiffusionParameters = 16 13 0 90 45 0.0015 0.0003 5.000000e-01 90 1.197449e+02 0.0015 0.0003 5.000000e-01
DiffusionParameters = 16 14 0 90 45 0.0015 0.0003 5.000000e-01 90 1.255377e+02 0.0015 0.0003 5.000000e-01
DiffusionParameters = 16 15 0 90 45 0.0015 0.0003 5.000000e-01 90 1.306013e+02 0.0015 0.0003 5.000000e-01
DiffusionParameters = 16 16 0 90 45 0.0015 0.0003 5.000000e-01 90 135 0.0015 0.0003 5.000000e-01
DiffusionParameters = 16 17 0 90 45 0.0015 0.0003 5.000000e-01 90 1.388141e+02 0.0015 0.0003 5.000000e-01
DiffusionParameters = 16 18 0 90 45 0.0015 0.0003 5.000000e-01 90 1.421250e+02 0.0015 0.0003 5.000000e-01
DiffusionParameters = 16 19 0 90 45 0.0015 0.0003 1
DiffusionParameters = 17 0 0 90 -45 0.0015 0.0003 1
DiffusionParameters = 17 1 0 90 -45 0.0015 0.0003 5.000000e-01 90 45 0.0015 0.0003 5.000000e-01
DiffusionParameters = 17 2 0 90 -45 0.0015 0.0003 5.000000e-01 90 4.881407e+01 0.0015 0.0003 5.000000e-01
DiffusionParameters = 17 3 0 90 -45 0.0015 0.0003 5.000000e-01 90 5.313010e+01 0.0015 0.0003 5.000000e-01
DiffusionParameters = 17 4 0 90 -45 0.0015 0.0003 5.000000e-01 90 5.799462e+01 0.0015 0.0003 5.000000e-01
DiffusionParameters = 17 5 0 90 -45 0.0015 0.0003 5.000000e-01 90 6.343495e+01 0.0015 0.0003 5.000000e-01
DiffusionParameters = 17 6 0 90 -45 0.0015 0.0003 5.000000e-01 90 6.944395e+01 0.0015 0.0003 5.000000e-01
DiffusionParameters = 17 7 0 90 7.596376e+01 0.0015 0.0003 1
DiffusionParameters = 17 8 0 90 8.287498e+01 0.0015 0.0003 1
DiffusionParameters = 17 9 0 90 90 0.0015 0.0003 1
DiffusionParameters = 17 10 0 90 9.712502e+01 0.0015 0.0003 1
DiffusionParameters = 17 11 0 90 1.040362e+02 0.0015 0.0003 1
DiffusionParameters = 17 12 0 90 45 0.0015 0.0003 5.000000e-01 90 1.105560e+02 0.0015 0.0003 5.000000e-01
DiffusionParameters = 17 13 0 90 45 0.0015 0.0003 5.000000e-01 90 1.165651e+02 0.0015 0.0003 5.000000e-01
DiffusionParameters = 17 14 0 90 45 0.0015 0.0003 5.000000e-01 90 1.220054e+02 0.0015 0.0003 5.000000e-01
DiffusionParameters = 17 15 0 90 45 0.0015 0.0003 5.000000e-01 90 1.268699e+02 0.0015 0.0003 5.000000e-01
DiffusionParameters = 17 16 0 90 45 0.0015 0.0003 5.000000e-01 90 1.311859e+02 0.0015 0.0003 5.000000e-01
DiffusionParameters = 17 17 0 90 45 0.0015 0.0003 5.000000e-01 90 135 0.0015 0.0003 5.000000e-01
DiffusionParameters = 17 18 0 90 45 0.0015 0.0003 1
DiffusionParameters = 17 19 0 90 45 0.0015 0.0003 1
DiffusionParameters = 18 0 0 90 -45 0.0015 0.0003 1
DiffusionParameters = 18 1 0 90 -45 0.0015 0.0003 1
DiffusionParameters = 18 2 0 90 -45 0.0015 0.0003 5.000000e-01 90 5.212502e+01 0.0015 0.0003 5.000000e-01
DiffusionParameters = 18 3 0 90 -45 0.0015 0.0003 5.000000e-01 90 5.630993e+01 0.0015 0.0003 5.000000e-01
DiffusionParameters = 18 4 0 90 -45 0.0015 0.0003 5.000000e-01 90 6.094540e+01 0.0015 0.0003 5.000000e-01
DiffusionParameters = 18 5 0 90 -45 0.0015 0.0003 5.000000e-01 90 6.603751e+01 0.0015 0.0003 5.000000e-01
DiffusionParameters = 18 6 0 90 7.156505e+01 0.0015 0.0003 1
DiffusionParameters = 18 7 0 90 7.747119e+01 0.0015 0.0003 1
DiffusionParameters = 18 8 0 90 8.365981e+01 0.0015 0.0003 1
DiffusionParameters = 18 9 0 90 90 0.0015 0.0003 1
DiffusionParameters = 18 10 0 90 9.634019e+01 0.0015 0.0003 1
DiffusionParameters = 18 11 0 90 1.025288e+02 0.0015 0.0003 1
DiffusionParameters = 18 12 0 90 1.084349e+02 0.0015 0.0003 1
DiffusionParameters = 18 13 0 90 45 0.0015 0.0003 5.000000e-01 90 1.139625e+02 0.0015 0.0003 5.000000e-01
DiffusionParameters = 18 14 0 90 45 0.0015 0.0003 5.000000e-01 90 1.190546e+02 0.0015 0.0003 5.000000e-01
DiffusionParameters = 18 15 0 90 45 0.0015 0.0003 5.000000e-01 90 1.236901e+02 0.0015 0.0003 5.000000e-01
DiffusionParameters = 18 16 0 90 45 0.0015 0.0003 5.000000e-01 90 1.278750e+02 0.0015 0.0003 5.000000e-01
DiffusionParameters = 18 17 0 90 45 0.0015 0.0003 1
DiffusionParameters = 18 18 0 90 45 0.0015 0.0003 1
DiffusionParameters = 18 19 0 90 45 0.0015 0.0003 1
DiffusionParameters = 19 0 0 90 -45 0.0015 0.0003 1
DiffusionParameters = 19 1 0 90 -45 0.0015 0.0003 1
DiffusionParameters = 19 2 0 90 -45 0.0015 0.0003 1
DiffusionParameters = 19 3 0 90 -45 0.0015 0.0003 5.000000e-01 90 5.903624e+01 0.0015 0.0003 5.000000e-01
DiffusionParameters = 19 4 0 90 -45 0.0015 0.0003 5.000000e-01 90 6.343495e+01 0.0015 0.0003 5.000000e-01
DiffusionParameters = 19 5 0 90 6.819859e+01 0.0015 0.0003 1
DiffusionParameters = 19 6 0 90 7.330076e+01 0.0015 0.0003 1
DiffusionParameters = 19 7 0 90 7.869007e+01 0.0015 0.0003 1
DiffusionParameters = 19 8 0 90 8.428941e+01 0.0015 0.0003 1
DiffusionParameters = 19 9 0 90 90 0.0015 0.0003 1
DiffusionParameters = 19 10 0 90 9.571059e+01 0.0015 0.0003 1
DiffusionParameters = 19 11 0 90 1.013099e+02 0.0015 0.0003 1
DiffusionParameters = 19 12 0 90 1.066992e+02 0.0015 0.0003 1
DiffusionParameters = 19 13 0 90 1.118014e+02 0.0015 0.0003 1
DiffusionParameters = 19 14 0 90 45 0.0015 0.0003 5.000000e-01 90 1.165651e+02 0.0015 0.0003 5.000000e-01
DiffusionParameters = 19 15 0 90 45 0.0015 0.0003 5.000000e-01 90 1.209638e+02 0.0015 0.0003 5.000000e-01
DiffusionParameters = 19 16 0 90 45 0.0015 0.0003 1
DiffusionParameters = 19 17 0 90 45 0.0015 0.0003 1
DiffusionParameters = 19 18 0 90 45 0.0015 0.0003 1
DiffusionParameters = 19 19 0 90 45 0.0015 0.0003 1
